0  2.856200e+00  3.531398e-01  5.479074e-01  5.133353e+03  -5.133352949359e+03
100  9.416023e-03  2.784974e-03  6.172819e-03  3.787602e-05  -5.133531595081e+03
200  8.629342e-03  2.265715e-03  4.770401e-03  8.625570e-06  -5.133533540803e+03
300  7.812053e-03  1.880738e-03  3.824337e-03  2.313247e-06  -5.133534008752e+03
400  6.774453e-03  1.541712e-03  3.112376e-03  8.148400e-07  -5.133534148095e+03
500  5.720748e-03  1.255888e-03  2.556289e-03  3.779114e-07  -5.133534203677e+03
600  4.748972e-03  1.018884e-03  2.087231e-03  2.063543e-07  -5.133534231704e+03
700  3.898485e-03  8.241437e-04  1.696418e-03  1.196640e-07  -5.133534247536e+03
800  3.176790e-03  6.651374e-04  1.373955e-03  6.976825e-08  -5.133534256768e+03
900  2.575965e-03  5.359154e-04  1.109875e-03  3.972400e-08  -5.133534262103e+03
1000  2.081825e-03  4.312655e-04  8.948182e-04  2.151501e-08  -5.133534265080e+03
1100  1.678647e-03  3.467345e-04  7.204084e-04  1.060562e-08  -5.133534266633e+03
1200  1.351425e-03  2.785850e-04  5.793907e-04  4.222784e-09  -5.133534267342e+03
1300  1.086795e-03  2.237191e-04  4.656225e-04  6.266418e-10  -5.133534267565e+03
1400  8.733080e-04  1.795930e-04  3.739850e-04  1.276021e-09  -5.133534267521e+03
1500  7.013708e-04  1.441310e-04  3.002591e-04  2.166416e-09  -5.133534267342e+03
1600  5.630608e-04  1.156478e-04  2.409939e-04  2.477464e-09  -5.133534267105e+03
1700  4.518948e-04  9.277933e-05  1.933827e-04  2.462912e-09  -5.133534266857e+03
1800  3.625992e-04  7.442436e-05  1.551514e-04  2.280103e-09  -5.133534266619e+03
1900  2.909026e-04  5.969543e-05  1.244624e-04  2.027264e-09  -5.133534266403e+03
2000  2.333549e-04  4.787823e-05  9.983407e-05  1.748049e-09  -5.133534266215e+03
2100  1.871747e-04  3.839837e-05  8.007319e-05  1.486114e-09  -5.133534266053e+03
2200  1.501232e-04  3.079430e-05  6.422006e-05  1.245098e-09  -5.133534265917e+03
2300  1.203997e-04  2.469532e-05  5.150332e-05  1.029548e-09  -5.133534265804e+03
2400  9.655735e-05  1.980379e-05  4.130332e-05  8.467396e-10  -5.133534265710e+03
2500  7.743398e-05  1.588086e-05  3.312250e-05  6.939445e-10  -5.133534265633e+03
2600  6.209649e-05  1.273483e-05  2.656148e-05  5.666152e-10  -5.133534265571e+03
2700  4.979596e-05  1.021192e-05  2.129974e-05  4.592948e-10  -5.133534265520e+03
2800  3.993140e-05  8.188752e-06  1.708011e-05  3.719833e-10  -5.133534265478e+03
2900  3.202061e-05  6.566361e-06  1.369628e-05  3.001333e-10  -5.133534265445e+03
3000  2.567679e-05  5.265376e-06  1.098275e-05  2.437446e-10  -5.133534265418e+03
3100  2.058962e-05  4.222133e-06  8.806773e-06  1.955414e-10  -5.133534265396e+03
3200  1.651024e-05  3.385579e-06  7.061879e-06  1.555236e-10  -5.133534265378e+03
3300  1.323904e-05  2.714768e-06  5.662680e-06  1.264198e-10  -5.133534265364e+03
3400  1.061592e-05  2.176864e-06  4.540695e-06  1.027729e-10  -5.133534265353e+03
3500  8.512514e-06  1.745538e-06  3.641007e-06  8.276402e-11  -5.133534265344e+03
3600  6.825850e-06  1.399673e-06  2.919576e-06  6.548362e-11  -5.133534265336e+03
3700  5.473371e-06  1.122337e-06  2.341086e-06  5.366019e-11  -5.133534265330e+03
3800  4.388866e-06  8.999528e-07  1.877217e-06  4.274625e-11  -5.133534265326e+03
3900  3.519243e-06  7.216319e-07  1.505258e-06  3.365130e-11  -5.133534265322e+03
4000  2.821926e-06  5.786441e-07  1.207000e-06  2.728484e-11  -5.133534265319e+03
4100  2.262777e-06  4.639883e-07  9.678387e-07  2.091838e-11  -5.133534265316e+03
4200  1.814419e-06  3.720510e-07  7.760660e-07  1.909939e-11  -5.133534265314e+03
4300  1.454900e-06  2.983306e-07  6.222919e-07  1.364242e-11  -5.133534265313e+03
4400  1.166618e-06  2.392175e-07  4.989872e-07  1.182343e-11  -5.133534265312e+03
4500  9.354574e-07  1.918174e-07  4.001148e-07  9.094947e-12  -5.133534265311e+03
4600  7.500999e-07  1.538094e-07  3.208335e-07  8.185452e-12  -5.133534265310e+03
4700  6.014704e-07  1.233326e-07  2.572615e-07  5.456968e-12  -5.133534265309e+03
4800  4.822910e-07  9.889463e-08  2.062860e-07  1.818989e-12  -5.133534265309e+03
4900  3.867267e-07  7.929898e-08  1.654111e-07  5.456968e-12  -5.133534265308e+03
5000  3.100983e-07  6.358614e-08  1.326354e-07  2.728484e-12  -5.133534265308e+03
5100  2.486534e-07  5.098675e-08  1.063541e-07  4.547474e-12  -5.133534265308e+03
5200  1.993833e-07  4.088387e-08  8.528038e-08  1.818989e-12  -5.133534265307e+03
5300  1.598759e-07  3.278284e-08  6.838232e-08  9.094947e-13  -5.133534265307e+03
5400  1.281973e-07  2.628704e-08  5.483259e-08  9.094947e-13  -5.133534265307e+03
5500  1.027952e-07  2.107833e-08  4.396766e-08  2.728484e-12  -5.133534265307e+03
5600  8.242698e-08  1.690174e-08  3.525563e-08  2.728484e-12  -5.133534265307e+03
5700  6.609446e-08  1.355271e-08  2.826984e-08  9.094947e-13  -5.133534265307e+03
5800  5.299779e-08  1.086727e-08  2.266824e-08  0.000000e+00  -5.133534265307e+03
5900  4.249655e-08  8.713960e-09  1.817660e-08  9.094947e-13  -5.133534265307e+03
6000  3.407592e-08  6.987312e-09  1.457496e-08  0.000000e+00  -5.133534265307e+03
6100  2.732358e-08  5.602781e-09  1.168695e-08  1.818989e-12  -5.133534265307e+03
6200  2.190951e-08  4.492606e-09  9.371214e-09  0.000000e+00  -5.133534265307e+03
6300  1.756834e-08  3.602416e-09  7.514346e-09  2.728484e-12  -5.133534265307e+03
6400  1.408701e-08  2.888597e-09  6.025384e-09  9.094947e-13  -5.133534265307e+03
6500  1.129604e-08  2.316248e-09  4.831498e-09  1.818989e-12  -5.133534265307e+03
6600  9.057555e-09  1.857279e-09  3.874134e-09  9.094947e-13  -5.133534265307e+03
6700  7.262973e-09  1.489271e-09  3.106496e-09  2.728484e-12  -5.133534265307e+03
6800  5.823885e-09  1.194180e-09  2.490959e-09  0.000000e+00  -5.133534265307e+03
6900  4.670000e-09  9.575618e-10  1.997390e-09  0.000000e+00  -5.133534265307e+03
7000  3.744148e-09  7.677986e-10  1.601575e-09  9.094947e-13  -5.133534265307e+03
7100  3.002240e-09  6.156583e-10  1.284223e-09  9.094947e-13  -5.133534265307e+03
7200  2.407302e-09  4.936649e-10  1.029755e-09  9.094947e-13  -5.133534265307e+03
7300  1.930437e-09  3.958539e-10  8.257224e-10  0.000000e+00  -5.133534265307e+03
7400  1.547830e-09  3.174113e-10  6.620993e-10  1.818989e-12  -5.133534265307e+03
7500  1.241205e-09  2.545184e-10  5.309089e-10  9.094947e-13  -5.133534265307e+03
