0  1.071964e+01  2.458926e+00  3.828302e+00  5.294188e+03  -5.294188108165e+03
100  6.111318e-02  2.113768e-02  3.505364e-02  3.336986e-05  -5.304468309150e+03
200  1.673999e-02  6.320422e-03  1.206560e-02  3.291199e-05  -5.304471521000e+03
300  9.908347e-03  3.625002e-03  6.435607e-03  2.137723e-05  -5.304474235358e+03
400  5.785897e-03  2.165533e-03  3.796022e-03  1.284455e-05  -5.304475907641e+03
500  3.500670e-03  1.259729e-03  2.193998e-03  7.710674e-06  -5.304476910716e+03
600  2.174240e-03  7.242530e-04  1.256722e-03  4.656903e-06  -5.304477514439e+03
700  1.343809e-03  4.139548e-04  7.165820e-04  2.832497e-06  -5.304477880260e+03
800  8.278416e-04  2.358262e-04  4.075192e-04  1.733560e-06  -5.304478103434e+03
900  5.088307e-04  1.340816e-04  2.313620e-04  1.065840e-06  -5.304478240332e+03
1000  3.122519e-04  7.613762e-05  1.311977e-04  6.572054e-07  -5.304478324625e+03
1100  1.914006e-04  4.319950e-05  8.067463e-05  4.058575e-07  -5.304478376643e+03
1200  1.172277e-04  2.449872e-05  4.982482e-05  2.507759e-07  -5.304478408777e+03
1300  7.175751e-05  1.388977e-05  3.069551e-05  1.549461e-07  -5.304478428633e+03
1400  4.390639e-05  7.942277e-06  1.887530e-05  9.569521e-08  -5.304478440899e+03
1500  2.685737e-05  4.560645e-06  1.159049e-05  5.906259e-08  -5.304478448473e+03
1600  1.642525e-05  2.622125e-06  7.109650e-06  3.642890e-08  -5.304478453145e+03
1700  1.004384e-05  1.509600e-06  4.357573e-06  2.245088e-08  -5.304478456026e+03
1800  6.141099e-06  8.986868e-07  2.669167e-06  1.382432e-08  -5.304478457802e+03
1900  3.754603e-06  5.492009e-07  1.634200e-06  8.510142e-09  -5.304478458894e+03
2000  2.295425e-06  3.356205e-07  1.000188e-06  5.235961e-09  -5.304478459567e+03
2100  1.403299e-06  2.050998e-07  6.119864e-07  3.215973e-09  -5.304478459981e+03
2200  8.578860e-07  1.253389e-07  3.743809e-07  1.978151e-09  -5.304478460235e+03
2300  5.244508e-07  7.659708e-08  2.289910e-07  1.215994e-09  -5.304478460391e+03
2400  3.206105e-07  4.681083e-08  1.400465e-07  7.457857e-10  -5.304478460487e+03
2500  1.959973e-07  2.860811e-08  8.564218e-08  4.565663e-10  -5.304478460546e+03
2600  1.198182e-07  1.748403e-08  5.236897e-08  2.783054e-10  -5.304478460582e+03
2700  7.324809e-08  1.068571e-08  3.202126e-08  1.718945e-10  -5.304478460604e+03
2800  4.477869e-08  6.530898e-09  1.957876e-08  1.045919e-10  -5.304478460617e+03
2900  2.737459e-08  3.991670e-09  1.197074e-08  6.548362e-11  -5.304478460626e+03
3000  1.673501e-08  2.439729e-09  7.318901e-09  3.819878e-11  -5.304478460631e+03
3100  1.023070e-08  1.491224e-09  4.474726e-09  2.273737e-11  -5.304478460634e+03
3200  6.254420e-09  9.114784e-10  2.735768e-09  1.637090e-11  -5.304478460636e+03
3300  3.823583e-09  5.571263e-10  1.672578e-09  8.185452e-12  -5.304478460637e+03
3400  2.337522e-09  3.405374e-10  1.022560e-09  3.637979e-12  -5.304478460638e+03
3500  1.429016e-09  2.081832e-10  6.252022e-10  1.818989e-12  -5.304478460638e+03
