0  1.238237e+01  8.880105e-01  1.359023e+00  5.047652e+01  5.000000e-03 -4.608185307279e+03
1000  9.835840e-03  1.996793e-03  4.098298e-03  4.046656e+01  5.000000e-03 -4.617775834281e+03
2000  2.207739e-03  4.796102e-04  1.008014e-03  4.046498e+01  5.000000e-03 -4.617776286901e+03
3000  5.916005e-04  1.291097e-04  2.718853e-04  4.046530e+01  5.000000e-03 -4.617776354525e+03
4000  1.612449e-04  3.523002e-05  7.422292e-05  4.046538e+01  5.000000e-03 -4.617776369346e+03
5000  4.413025e-05  9.644921e-06  2.032251e-05  4.046541e+01  5.000000e-03 -4.617776373138e+03
6000  1.209130e-05  2.642848e-06  5.568850e-06  4.046541e+01  5.000000e-03 -4.617776374157e+03
7000  3.313925e-06  7.243560e-07  1.526333e-06  4.046542e+01  5.000000e-03 -4.617776374435e+03
8000  9.083409e-07  1.985459e-07  4.183688e-07  4.046542e+01  5.000000e-03 -4.617776374511e+03
9000  2.489804e-07  5.442242e-08  1.146770e-07  4.046542e+01  5.000000e-03 -4.617776374532e+03
10000  6.824712e-08  1.491753e-08  3.143371e-08  4.046542e+01  5.000000e-03 -4.617776374537e+03
11000  1.870721e-08  4.089011e-09  8.616207e-09  4.046542e+01  5.000000e-03 -4.617776374539e+03
12000  5.127657e-09  1.120820e-09  2.361756e-09  4.046542e+01  5.000000e-03 -4.617776374539e+03
13000  1.405123e-09  3.072003e-10  6.473464e-10  4.046542e+01  5.000000e-03 -4.617776374539e+03
