0  1.238237e+01  8.880105e-01  1.359023e+00  4.608185e+03  -4.608185307279e+03
100  1.819293e-01  1.350956e-01  2.287896e-01  1.869833e-02  -4.616597133743e+03
200  1.499793e-01  9.177723e-02  1.586481e-01  3.862431e-03  -4.617530064807e+03
300  9.661524e-02  6.090320e-02  1.054031e-01  8.037876e-04  -4.617723215221e+03
400  6.139761e-02  3.769229e-02  6.525885e-02  1.710006e-04  -4.617763671901e+03
500  4.034114e-02  2.222327e-02  3.853541e-02  3.888172e-05  -4.617772451948e+03
600  2.781201e-02  1.271245e-02  2.210404e-02  1.057247e-05  -4.617774566713e+03
700  2.016908e-02  7.134890e-03  1.245714e-02  4.045761e-06  -4.617775221080e+03
800  1.531972e-02  3.954501e-03  6.946082e-03  2.235518e-06  -4.617775517697e+03
900  1.209340e-02  2.371842e-03  4.904168e-03  1.535227e-06  -4.617775701573e+03
1000  9.835840e-03  1.996793e-03  4.098298e-03  1.152542e-06  -4.617775834281e+03
1100  8.177566e-03  1.698289e-03  3.510280e-03  8.957159e-07  -4.617775935841e+03
1200  6.906218e-03  1.455741e-03  3.023778e-03  7.075896e-07  -4.617776015462e+03
1300  5.896764e-03  1.255168e-03  2.616183e-03  5.647462e-07  -4.617776078692e+03
1400  5.073292e-03  1.086945e-03  2.271122e-03  4.543672e-07  -4.617776129362e+03
1500  4.387961e-03  9.442990e-04  1.976572e-03  3.681089e-07  -4.617776170268e+03
1600  3.809314e-03  8.223318e-04  1.723522e-03  3.001260e-07  -4.617776203514e+03
1700  3.315713e-03  7.173952e-04  1.505058e-03  2.461447e-07  -4.617776230698e+03
1800  2.891593e-03  6.266923e-04  1.315754e-03  2.029956e-07  -4.617776253054e+03
1900  2.525287e-03  5.480215e-04  1.151258e-03  1.682856e-07  -4.617776271539e+03
2000  2.207739e-03  4.796102e-04  1.008014e-03  1.401968e-07  -4.617776286901e+03
2100  1.931711e-03  4.200039e-04  8.830708e-04  1.173403e-07  -4.617776299728e+03
2200  1.691291e-03  3.679913e-04  7.739535e-04  9.863925e-08  -4.617776310487e+03
2300  1.481565e-03  3.225522e-04  6.785624e-04  8.325787e-08  -4.617776319549e+03
2400  1.298398e-03  2.828192e-04  5.951048e-04  7.054041e-08  -4.617776327213e+03
2500  1.138277e-03  2.480503e-04  5.220412e-04  5.997754e-08  -4.617776333718e+03
2600  9.981964e-04  2.176071e-04  4.580437e-04  5.116090e-08  -4.617776339257e+03
2700  8.755739e-04  1.909384e-04  4.019632e-04  4.377125e-08  -4.617776343989e+03
2800  7.681785e-04  1.675667e-04  3.528027e-04  3.755213e-08  -4.617776348044e+03
2900  6.740794e-04  1.470773e-04  3.096950e-04  3.229798e-08  -4.617776351526e+03
3000  5.916005e-04  1.291097e-04  2.718853e-04  2.784054e-08  -4.617776354525e+03
3100  5.192847e-04  1.133494e-04  2.387151e-04  2.405068e-08  -4.617776357113e+03
3200  4.558628e-04  9.952246e-05  2.096096e-04  2.081106e-08  -4.617776359350e+03
3300  4.002282e-04  8.738943e-05  1.840664e-04  1.803983e-08  -4.617776361288e+03
3400  3.514152e-04  7.674111e-05  1.616464e-04  1.566332e-08  -4.617776362969e+03
3500  3.085800e-04  6.739454e-05  1.419654e-04  1.361695e-08  -4.617776364429e+03
3600  2.709848e-04  5.918958e-05  1.246867e-04  1.185344e-08  -4.617776365699e+03
3700  2.379843e-04  5.198604e-05  1.095158e-04  1.032549e-08  -4.617776366806e+03
3800  2.090137e-04  4.566113e-05  9.619444e-05  9.006726e-09  -4.617776367770e+03
3900  1.835784e-04  4.010724e-05  8.449629e-05  7.858944e-09  -4.617776368612e+03
4000  1.612449e-04  3.523002e-05  7.422292e-05  6.868504e-09  -4.617776369346e+03
4100  1.416335e-04  3.094678e-05  6.520030e-05  6.003575e-09  -4.617776369989e+03
4200  1.244112e-04  2.718498e-05  5.727577e-05  5.250513e-09  -4.617776370550e+03
4300  1.092861e-04  2.388097e-05  5.031539e-05  4.594767e-09  -4.617776371041e+03
4400  9.600218e-05  2.097893e-05  4.420163e-05  4.025424e-09  -4.617776371471e+03
4500  8.433471e-05  1.842986e-05  3.883134e-05  3.524292e-09  -4.617776371848e+03
4600  7.408662e-05  1.619077e-05  3.411397e-05  3.088644e-09  -4.617776372178e+03
4700  6.508491e-05  1.422389e-05  2.997004e-05  2.710294e-09  -4.617776372467e+03
4800  5.717775e-05  1.249609e-05  2.632976e-05  2.371053e-09  -4.617776372721e+03
4900  5.023187e-05  1.097829e-05  2.313185e-05  2.081833e-09  -4.617776372943e+03
5000  4.413025e-05  9.644921e-06  2.032251e-05  1.828084e-09  -4.617776373138e+03
5100  3.877018e-05  8.473565e-06  1.785448e-05  1.599801e-09  -4.617776373309e+03
5200  3.406143e-05  7.444519e-06  1.568628e-05  1.405169e-09  -4.617776373459e+03
5300  2.992479e-05  6.540482e-06  1.378145e-05  1.233275e-09  -4.617776373591e+03
5400  2.629071e-05  5.746259e-06  1.210799e-05  1.083208e-09  -4.617776373706e+03
5500  2.309809e-05  5.048503e-06  1.063778e-05  9.476935e-10  -4.617776373808e+03
5600  2.029327e-05  4.435492e-06  9.346118e-06  8.367351e-10  -4.617776373897e+03
5700  1.782912e-05  3.896929e-06  8.211323e-06  7.312337e-10  -4.617776373975e+03
5800  1.566425e-05  3.423770e-06  7.214334e-06  6.448317e-10  -4.617776374044e+03
5900  1.376229e-05  3.008070e-06  6.338411e-06  5.657057e-10  -4.617776374104e+03
6000  1.209130e-05  2.642848e-06  5.568850e-06  4.938556e-10  -4.617776374157e+03
6100  1.062323e-05  2.321975e-06  4.892732e-06  4.383764e-10  -4.617776374203e+03
6200  9.333429e-06  2.040063e-06  4.298710e-06  3.838068e-10  -4.617776374244e+03
6300  8.200243e-06  1.792382e-06  3.776813e-06  3.365130e-10  -4.617776374280e+03
6400  7.204652e-06  1.574773e-06  3.318283e-06  2.946763e-10  -4.617776374312e+03
6500  6.329945e-06  1.383585e-06  2.915424e-06  2.582965e-10  -4.617776374339e+03
6600  5.561444e-06  1.215610e-06  2.561478e-06  2.255547e-10  -4.617776374364e+03
6700  4.886251e-06  1.068030e-06  2.250504e-06  1.982698e-10  -4.617776374385e+03
6800  4.293034e-06  9.383666e-07  1.977285e-06  1.728040e-10  -4.617776374404e+03
6900  3.771840e-06  8.244459e-07  1.737238e-06  1.527951e-10  -4.617776374420e+03
7000  3.313925e-06  7.243560e-07  1.526333e-06  1.355147e-10  -4.617776374435e+03
7100  2.911604e-06  6.364176e-07  1.341034e-06  1.200533e-10  -4.617776374448e+03
7200  2.558129e-06  5.591555e-07  1.178230e-06  1.045919e-10  -4.617776374459e+03
7300  2.247566e-06  4.912733e-07  1.035192e-06  9.094947e-11  -4.617776374468e+03
7400  1.974708e-06  4.316322e-07  9.095189e-07  7.912604e-11  -4.617776374477e+03
7500  1.734976e-06  3.792318e-07  7.991029e-07  7.094059e-11  -4.617776374485e+03
7600  1.524349e-06  3.331929e-07  7.020917e-07  6.184564e-11  -4.617776374491e+03
7700  1.339292e-06  2.927433e-07  6.168578e-07  5.547918e-11  -4.617776374497e+03
7800  1.176701e-06  2.572043e-07  5.419714e-07  4.729372e-11  -4.617776374502e+03
7900  1.033850e-06  2.259798e-07  4.761764e-07  4.274625e-11  -4.617776374507e+03
8000  9.083409e-07  1.985459e-07  4.183688e-07  3.637979e-11  -4.617776374511e+03
8100  7.980682e-07  1.744425e-07  3.675791e-07  3.274181e-11  -4.617776374514e+03
8200  7.011830e-07  1.532653e-07  3.229553e-07  2.728484e-11  -4.617776374517e+03
8300  6.160601e-07  1.346591e-07  2.837488e-07  2.637535e-11  -4.617776374520e+03
8400  5.412709e-07  1.183116e-07  2.493020e-07  2.182787e-11  -4.617776374522e+03
8500  4.755612e-07  1.039487e-07  2.190370e-07  1.909939e-11  -4.617776374525e+03
8600  4.178287e-07  9.132942e-08  1.924462e-07  1.546141e-11  -4.617776374526e+03
8700  3.671049e-07  8.024214e-08  1.690834e-07  1.546141e-11  -4.617776374528e+03
8800  3.225383e-07  7.050081e-08  1.485569e-07  1.455192e-11  -4.617776374529e+03
8900  2.833828e-07  6.194212e-08  1.305223e-07  1.273293e-11  -4.617776374531e+03
9000  2.489804e-07  5.442242e-08  1.146770e-07  1.091394e-11  -4.617776374532e+03
9100  2.187543e-07  4.781560e-08  1.007554e-07  8.185452e-12  -4.617776374533e+03
9200  1.921976e-07  4.201084e-08  8.852381e-08  5.456968e-12  -4.617776374533e+03
9300  1.688655e-07  3.691081e-08  7.777718e-08  8.185452e-12  -4.617776374534e+03
9400  1.483655e-07  3.242989e-08  6.833513e-08  6.366463e-12  -4.617776374535e+03
9500  1.303540e-07  2.849294e-08  6.003934e-08  7.275958e-12  -4.617776374535e+03
9600  1.145294e-07  2.503395e-08  5.275066e-08  7.275958e-12  -4.617776374536e+03
9700  1.006256e-07  2.199486e-08  4.634681e-08  7.275958e-12  -4.617776374536e+03
9800  8.840961e-08  1.932470e-08  4.072036e-08  2.728484e-12  -4.617776374537e+03
9900  7.767636e-08  1.697869e-08  3.577695e-08  4.547474e-12  -4.617776374537e+03
10000  6.824712e-08  1.491753e-08  3.143371e-08  3.637979e-12  -4.617776374537e+03
10100  5.996179e-08  1.310655e-08  2.761769e-08  3.637979e-12  -4.617776374538e+03
10200  5.268267e-08  1.151544e-08  2.426495e-08  2.728484e-12  -4.617776374538e+03
10300  4.628696e-08  1.011748e-08  2.131922e-08  2.728484e-12  -4.617776374538e+03
10400  4.066817e-08  8.889257e-09  1.873112e-08  2.728484e-12  -4.617776374538e+03
10500  3.573067e-08  7.810087e-09  1.645716e-08  1.818989e-12  -4.617776374538e+03
10600  3.139306e-08  6.861960e-09  1.445929e-08  0.000000e+00  -4.617776374539e+03
10700  2.758191e-08  6.028923e-09  1.270395e-08  9.094947e-13  -4.617776374539e+03
10800  2.423395e-08  5.297047e-09  1.116174e-08  0.000000e+00  -4.617776374539e+03
10900  2.129123e-08  4.653950e-09  9.806674e-09  0.000000e+00  -4.617776374539e+03
11000  1.870721e-08  4.089011e-09  8.616207e-09  9.094947e-13  -4.617776374539e+03
11100  1.643630e-08  3.592617e-09  7.570219e-09  1.818989e-12  -4.617776374539e+03
11200  1.444087e-08  3.156473e-09  6.651202e-09  9.094947e-13  -4.617776374539e+03
11300  1.268657e-08  2.773210e-09  5.843676e-09  1.818989e-12  -4.617776374539e+03
11400  1.114806e-08  2.436641e-09  5.134366e-09  9.094947e-13  -4.617776374539e+03
11500  9.794473e-09  2.140825e-09  4.511049e-09  9.094947e-13  -4.617776374539e+03
11600  8.605342e-09  1.880928e-09  3.963411e-09  1.818989e-12  -4.617776374539e+03
11700  7.560082e-09  1.652550e-09  3.482221e-09  3.637979e-12  -4.617776374539e+03
11800  6.642322e-09  1.451935e-09  3.059483e-09  1.818989e-12  -4.617776374539e+03
11900  5.836387e-09  1.275700e-09  2.688100e-09  9.094947e-13  -4.617776374539e+03
12000  5.127657e-09  1.120820e-09  2.361756e-09  9.094947e-13  -4.617776374539e+03
12100  4.504601e-09  9.847187e-10  2.075003e-09  9.094947e-13  -4.617776374539e+03
12200  3.958123e-09  8.651951e-10  1.823120e-09  9.094947e-13  -4.617776374539e+03
12300  3.477531e-09  7.601577e-10  1.601792e-09  9.094947e-13  -4.617776374539e+03
12400  3.055730e-09  6.678980e-10  1.407361e-09  9.094947e-13  -4.617776374539e+03
12500  2.684878e-09  5.868230e-10  1.236519e-09  0.000000e+00  -4.617776374539e+03
12600  2.358648e-09  5.155653e-10  1.086386e-09  1.818989e-12  -4.617776374539e+03
12700  2.072534e-09  4.529905e-10  9.545180e-10  9.094947e-13  -4.617776374539e+03
12800  1.820491e-09  3.979740e-10  8.386122e-10  0.000000e+00  -4.617776374539e+03
12900  1.599592e-09  3.496646e-10  7.368105e-10  1.818989e-12  -4.617776374539e+03
13000  1.405123e-09  3.072003e-10  6.473464e-10  9.094947e-13  -4.617776374539e+03
13100  1.234782e-09  2.699198e-10  5.687745e-10  9.094947e-13  -4.617776374539e+03
13200  1.085016e-09  2.371621e-10  4.997387e-10  9.094947e-13  -4.617776374539e+03
