0  1.862343e+01  7.283247e-01  1.116629e+00  6.692832e+01  5.000000e-03 -3.704768515795e+03
1000  1.290860e-02  1.039489e-02  1.922255e-02  7.807017e+01  5.000000e-03 -3.720058369754e+03
2000  1.206966e-02  7.954190e-03  1.498162e-02  7.803651e+01  5.000000e-03 -3.720075948723e+03
3000  1.354955e-02  7.330891e-03  1.359895e-02  7.800937e+01  5.000000e-03 -3.720088836026e+03
4000  1.556785e-02  7.114367e-03  1.344520e-02  7.798634e+01  5.000000e-03 -3.720099779388e+03
5000  1.786999e-02  6.906862e-03  1.335429e-02  7.796595e+01  5.000000e-03 -3.720109619866e+03
6000  1.954593e-02  6.502705e-03  1.267364e-02  7.794810e+01  5.000000e-03 -3.720118093693e+03
7000  1.909001e-02  5.658209e-03  1.104993e-02  7.793349e+01  5.000000e-03 -3.720124201639e+03
8000  1.576116e-02  4.222896e-03  8.436203e-03  7.792285e+01  5.000000e-03 -3.720127261337e+03
9000  1.088163e-02  2.702806e-03  5.502768e-03  7.791606e+01  5.000000e-03 -3.720127929973e+03
10000  6.502893e-03  1.538257e-03  3.173040e-03  7.791218e+01  5.000000e-03 -3.720127571014e+03
11000  3.535403e-03  8.132434e-04  1.690644e-03  7.791012e+01  5.000000e-03 -3.720127081169e+03
12000  1.820841e-03  4.126735e-04  8.615371e-04  7.790907e+01  5.000000e-03 -3.720126736712e+03
13000  9.113340e-04  2.049896e-04  4.288876e-04  7.790855e+01  5.000000e-03 -3.720126539047e+03
14000  4.495518e-04  1.007401e-04  2.110018e-04  7.790830e+01  5.000000e-03 -3.720126435101e+03
15000  2.201669e-04  4.924612e-05  1.032021e-04  7.790817e+01  5.000000e-03 -3.720126382613e+03
16000  1.074451e-04  2.401122e-05  5.033208e-05  7.790811e+01  5.000000e-03 -3.720126356617e+03
17000  5.234432e-05  1.169246e-05  2.451275e-05  7.790808e+01  5.000000e-03 -3.720126343862e+03
18000  2.547921e-05  5.690219e-06  1.193006e-05  7.790807e+01  5.000000e-03 -3.720126337631e+03
19000  1.239721e-05  2.768354e-06  5.804280e-06  7.790806e+01  5.000000e-03 -3.720126334595e+03
20000  6.030804e-06  1.346638e-06  2.823475e-06  7.790806e+01  5.000000e-03 -3.720126333116e+03
21000  2.933488e-06  6.550117e-07  1.373363e-06  7.790805e+01  5.000000e-03 -3.720126332397e+03
22000  1.426832e-06  3.185901e-07  6.679900e-07  7.790805e+01  5.000000e-03 -3.720126332047e+03
23000  6.939859e-07  1.549559e-07  3.248976e-07  7.790805e+01  5.000000e-03 -3.720126331877e+03
24000  3.375396e-07  7.536687e-08  1.580226e-07  7.790805e+01  5.000000e-03 -3.720126331794e+03
25000  1.641708e-07  3.665651e-08  7.685817e-08  7.790805e+01  5.000000e-03 -3.720126331753e+03
26000  7.984873e-08  1.782876e-08  3.738179e-08  7.790805e+01  5.000000e-03 -3.720126331734e+03
27000  3.883642e-08  8.671444e-09  1.818152e-08  7.790805e+01  5.000000e-03 -3.720126331724e+03
28000  1.888857e-08  4.217531e-09  8.842961e-09  7.790805e+01  5.000000e-03 -3.720126331720e+03
29000  9.186847e-09  2.051284e-09  4.300964e-09  7.790805e+01  5.000000e-03 -3.720126331717e+03
30000  4.467417e-09  9.976613e-10  2.091831e-09  7.790805e+01  5.000000e-03 -3.720126331716e+03
31000  2.173557e-09  4.852702e-10  1.017460e-09  7.790805e+01  5.000000e-03 -3.720126331716e+03
32000  1.057010e-09  2.360219e-10  4.948624e-10  7.790805e+01  5.000000e-03 -3.720126331716e+03
0  9.459988e+00  5.849566e-01  9.002411e-01  7.778651e+01  5.000000e-03 -3.718541802424e+03
1000  1.952759e-02  5.255957e-03  1.099714e-02  7.793812e+01  5.000000e-03 -3.720112508534e+03
2000  7.494694e-03  2.232957e-03  4.548874e-03  7.794633e+01  5.000000e-03 -3.720115995346e+03
3000  3.443696e-03  1.065180e-03  2.149960e-03  7.795029e+01  5.000000e-03 -3.720116747053e+03
4000  1.682708e-03  5.297618e-04  1.064776e-03  7.795226e+01  5.000000e-03 -3.720116945701e+03
5000  8.460065e-04  2.686904e-04  5.389348e-04  7.795327e+01  5.000000e-03 -3.720117006262e+03
6000  4.313727e-04  1.376131e-04  2.757368e-04  7.795378e+01  5.000000e-03 -3.720117027309e+03
7000  2.215252e-04  7.083011e-05  1.418482e-04  7.795405e+01  5.000000e-03 -3.720117035573e+03
8000  1.141760e-04  3.654918e-05  7.317553e-05  7.795419e+01  5.000000e-03 -3.720117039163e+03
9000  5.895755e-05  1.888446e-05  3.780351e-05  7.795426e+01  5.000000e-03 -3.720117040839e+03
10000  3.047359e-05  9.763918e-06  1.954431e-05  7.795429e+01  5.000000e-03 -3.720117041658e+03
11000  1.575884e-05  5.050041e-06  1.010823e-05  7.795431e+01  5.000000e-03 -3.720117042069e+03
12000  8.151493e-06  2.612426e-06  5.228965e-06  7.795432e+01  5.000000e-03 -3.720117042278e+03
13000  4.217042e-06  1.351554e-06  2.705209e-06  7.795433e+01  5.000000e-03 -3.720117042386e+03
14000  2.181767e-06  6.992682e-07  1.399616e-06  7.795433e+01  5.000000e-03 -3.720117042441e+03
15000  1.128822e-06  3.617971e-07  7.241510e-07  7.795433e+01  5.000000e-03 -3.720117042469e+03
16000  5.840485e-07  1.871940e-07  3.746755e-07  7.795433e+01  5.000000e-03 -3.720117042484e+03
17000  3.021879e-07  9.685488e-08  1.938584e-07  7.795433e+01  5.000000e-03 -3.720117042492e+03
18000  1.563537e-07  5.011327e-08  1.003034e-07  7.795433e+01  5.000000e-03 -3.720117042496e+03
19000  8.089848e-08  2.592895e-08  5.189766e-08  7.795433e+01  5.000000e-03 -3.720117042498e+03
20000  4.185698e-08  1.341580e-08  2.685218e-08  7.795433e+01  5.000000e-03 -3.720117042499e+03
21000  2.165731e-08  6.941443e-09  1.389353e-08  7.795433e+01  5.000000e-03 -3.720117042499e+03
22000  1.120548e-08  3.591547e-09  7.188604e-09  7.795433e+01  5.000000e-03 -3.720117042500e+03
23000  5.798358e-09  1.858313e-09  3.719466e-09  7.795433e+01  5.000000e-03 -3.720117042500e+03
24000  2.999982e-09  9.615078e-10  1.924483e-09  7.795433e+01  5.000000e-03 -3.720117042500e+03
25000  1.552921e-09  4.975292e-10  9.957988e-10  7.795433e+01  5.000000e-03 -3.720117042500e+03
