0  9.459988e+00  5.849566e-01  9.002411e-01  3.718542e+03  -3.718541802424e+03
100  5.148689e-02  1.064842e-01  1.905774e-01  1.609745e-04  -3.720086536974e+03
200  9.103070e-02  3.063320e-02  6.573051e-02  6.013798e-05  -3.720095967865e+03
300  7.266417e-02  1.569830e-02  3.372739e-02  3.756082e-05  -3.720100658729e+03
400  5.550700e-02  1.136508e-02  2.491397e-02  2.716950e-05  -3.720103839869e+03
500  4.356138e-02  9.417346e-03  2.074255e-02  2.082334e-05  -3.720106214560e+03
600  3.539725e-02  8.239329e-03  1.784868e-02  1.643970e-05  -3.720108063455e+03
700  2.963437e-02  7.277960e-03  1.557412e-02  1.321600e-05  -3.720109536968e+03
800  2.538756e-02  6.484933e-03  1.374821e-02  1.075790e-05  -3.720110729164e+03
900  2.212517e-02  5.820775e-03  1.225038e-02  8.839562e-06  -3.720111704266e+03
1000  1.952759e-02  5.255957e-03  1.099714e-02  7.317999e-06  -3.720112508534e+03
1100  1.739822e-02  4.768959e-03  9.930544e-03  6.096326e-06  -3.720113176461e+03
1200  1.561216e-02  4.344091e-03  9.009788e-03  5.105918e-06  -3.720113734383e+03
1300  1.408717e-02  3.969780e-03  8.205613e-03  4.296533e-06  -3.720114202765e+03
1400  1.276699e-02  3.637344e-03  7.496558e-03  3.630574e-06  -3.720114597723e+03
1500  1.161176e-02  3.340137e-03  6.866520e-03  3.079364e-06  -3.720114932089e+03
1600  1.059221e-02  3.072976e-03  6.303144e-03  2.620739e-06  -3.720115216171e+03
1700  9.686224e-03  2.831734e-03  5.796745e-03  2.237357e-06  -3.720115458319e+03
1800  8.876636e-03  2.613073e-03  5.339582e-03  1.915524e-06  -3.720115665338e+03
1900  8.149805e-03  2.414245e-03  4.925359e-03  1.644318e-06  -3.720115842812e+03
2000  7.494694e-03  2.232957e-03  4.548874e-03  1.414985e-06  -3.720115995346e+03
2100  6.902222e-03  2.067271e-03  4.205773e-03  1.220436e-06  -3.720116126756e+03
2200  6.364818e-03  1.915534e-03  3.892366e-03  1.054898e-06  -3.720116240219e+03
2300  5.876100e-03  1.776320e-03  3.605498e-03  9.136661e-07  -3.720116338391e+03
2400  5.430633e-03  1.648390e-03  3.342445e-03  7.928702e-07  -3.720116423501e+03
2500  5.023753e-03  1.530661e-03  3.100838e-03  6.893010e-07  -3.720116497426e+03
2600  4.651426e-03  1.422178e-03  2.878607e-03  6.003024e-07  -3.720116561750e+03
2700  4.310145e-03  1.322099e-03  2.673927e-03  5.236802e-07  -3.720116617816e+03
2800  3.996841e-03  1.229673e-03  2.485188e-03  4.575704e-07  -3.720116666765e+03
2900  3.708818e-03  1.144233e-03  2.310958e-03  4.004278e-07  -3.720116709567e+03
3000  3.443696e-03  1.065180e-03  2.149960e-03  3.509572e-07  -3.720116747053e+03
3100  3.199364e-03  9.919769e-04  2.001054e-03  3.080527e-07  -3.720116779931e+03
3200  2.973949e-03  9.241387e-04  1.863213e-03  2.707766e-07  -3.720116808810e+03
3300  2.765775e-03  8.612286e-04  1.735517e-03  2.383522e-07  -3.720116834213e+03
3400  2.573344e-03  8.028509e-04  1.617133e-03  2.101001e-07  -3.720116856590e+03
3500  2.395314e-03  7.486466e-04  1.507310e-03  1.854514e-07  -3.720116876327e+03
3600  2.230474e-03  6.982893e-04  1.405365e-03  1.639191e-07  -3.720116893761e+03
3700  2.077734e-03  6.514818e-04  1.310678e-03  1.450817e-07  -3.720116909181e+03
3800  1.936108e-03  6.079530e-04  1.222686e-03  1.285694e-07  -3.720116922837e+03
3900  1.804702e-03  5.674553e-04  1.140875e-03  1.140907e-07  -3.720116934947e+03
4000  1.682708e-03  5.297618e-04  1.064776e-03  1.013809e-07  -3.720116945701e+03
4100  1.569387e-03  4.946648e-04  9.939590e-04  9.020368e-08  -3.720116955263e+03
4200  1.464068e-03  4.619738e-04  9.280319e-04  8.036795e-08  -3.720116963776e+03
4300  1.366140e-03  4.315134e-04  8.666340e-04  7.168728e-08  -3.720116971365e+03
4400  1.275042e-03  4.031227e-04  8.094341e-04  6.403388e-08  -3.720116978139e+03
4500  1.190263e-03  3.766532e-04  7.561281e-04  5.726815e-08  -3.720116984194e+03
4600  1.111333e-03  3.519683e-04  7.064359e-04  5.128868e-08  -3.720116989613e+03
4700  1.037823e-03  3.289417e-04  6.600994e-04  4.599406e-08  -3.720116994469e+03
4800  9.693355e-04  3.074570e-04  6.168807e-04  4.129652e-08  -3.720116998826e+03
4900  9.055084e-04  2.874064e-04  5.765602e-04  3.712421e-08  -3.720117002741e+03
5000  8.460065e-04  2.686904e-04  5.389348e-04  3.341393e-08  -3.720117006262e+03
5100  7.905215e-04  2.512167e-04  5.038169e-04  3.011928e-08  -3.720117009434e+03
5200  7.387687e-04  2.349000e-04  4.710329e-04  2.717661e-08  -3.720117012295e+03
5300  6.904853e-04  2.196610e-04  4.404220e-04  2.456363e-08  -3.720117014878e+03
5400  6.454286e-04  2.054263e-04  4.118351e-04  2.221941e-08  -3.720117017213e+03
5500  6.033740e-04  1.921278e-04  3.851341e-04  2.012393e-08  -3.720117019328e+03
5600  5.641139e-04  1.797022e-04  3.601907e-04  1.825356e-08  -3.720117021244e+03
5700  5.274556e-04  1.680907e-04  3.368860e-04  1.657691e-08  -3.720117022983e+03
5800  4.932210e-04  1.572386e-04  3.151094e-04  1.506987e-08  -3.720117024563e+03
5900  4.612445e-04  1.470952e-04  2.947582e-04  1.371018e-08  -3.720117026000e+03
6000  4.313727e-04  1.376131e-04  2.757368e-04  1.249737e-08  -3.720117027309e+03
6100  4.034631e-04  1.287485e-04  2.579565e-04  1.139961e-08  -3.720117028502e+03
6200  3.773835e-04  1.204602e-04  2.413346e-04  1.040644e-08  -3.720117029591e+03
6300  3.530108e-04  1.127102e-04  2.257941e-04  9.516043e-09  -3.720117030586e+03
6400  3.302306e-04  1.054629e-04  2.112634e-04  8.708867e-09  -3.720117031496e+03
6500  3.089367e-04  9.868520e-05  1.976758e-04  7.977633e-09  -3.720117032329e+03
6600  2.890300e-04  9.234624e-05  1.849690e-04  7.315066e-09  -3.720117033093e+03
6700  2.704184e-04  8.641721e-05  1.730851e-04  6.709342e-09  -3.720117033794e+03
6800  2.530161e-04  8.087127e-05  1.619700e-04  6.163646e-09  -3.720117034437e+03
6900  2.367432e-04  7.568336e-05  1.515734e-04  5.673428e-09  -3.720117035029e+03
7000  2.215252e-04  7.083011e-05  1.418482e-04  5.224592e-09  -3.720117035573e+03
7100  2.072927e-04  6.628970e-05  1.327505e-04  4.811227e-09  -3.720117036074e+03
7200  1.939810e-04  6.204176e-05  1.242395e-04  4.431968e-09  -3.720117036535e+03
7300  1.815297e-04  5.806728e-05  1.162769e-04  4.088179e-09  -3.720117036961e+03
7400  1.698825e-04  5.434849e-05  1.088270e-04  3.780769e-09  -3.720117037354e+03
7500  1.589868e-04  5.086882e-05  1.018566e-04  3.489276e-09  -3.720117037717e+03
7600  1.487938e-04  4.761278e-05  9.533442e-05  3.227797e-09  -3.720117038053e+03
7700  1.392575e-04  4.456588e-05  8.923150e-05  2.984507e-09  -3.720117038363e+03
7800  1.303352e-04  4.171460e-05  8.352068e-05  2.767138e-09  -3.720117038650e+03
7900  1.219871e-04  3.904630e-05  7.817659e-05  2.562047e-09  -3.720117038916e+03
8000  1.141760e-04  3.654918e-05  7.317553e-05  2.376964e-09  -3.720117039163e+03
8100  1.068669e-04  3.421219e-05  6.849534e-05  2.205070e-09  -3.720117039391e+03
8200  1.000274e-04  3.202500e-05  6.411532e-05  2.042270e-09  -3.720117039603e+03
8300  9.362715e-05  2.997797e-05  6.001612e-05  1.900844e-09  -3.720117039800e+03
8400  8.763769e-05  2.806207e-05  5.617963e-05  1.764874e-09  -3.720117039983e+03
8500  8.203253e-05  2.626888e-05  5.258895e-05  1.640728e-09  -3.720117040153e+03
8600  7.678685e-05  2.459049e-05  4.922826e-05  1.522039e-09  -3.720117040310e+03
8700  7.187749e-05  2.301954e-05  4.608275e-05  1.414264e-09  -3.720117040457e+03
8800  6.728278e-05  2.154911e-05  4.313862e-05  1.316494e-09  -3.720117040594e+03
8900  6.298244e-05  2.017277e-05  4.038290e-05  1.221906e-09  -3.720117040721e+03
9000  5.895755e-05  1.888446e-05  3.780351e-05  1.138687e-09  -3.720117040839e+03
9100  5.519039e-05  1.767854e-05  3.538913e-05  1.064564e-09  -3.720117040949e+03
9200  5.166437e-05  1.654973e-05  3.312917e-05  9.877112e-10  -3.720117041052e+03
9300  4.836403e-05  1.549309e-05  3.101372e-05  9.258656e-10  -3.720117041147e+03
9400  4.527486e-05  1.450398e-05  2.903353e-05  8.635652e-10  -3.720117041236e+03
9500  4.238331e-05  1.357809e-05  2.717992e-05  8.062671e-10  -3.720117041319e+03
9600  3.967669e-05  1.271137e-05  2.544478e-05  7.485141e-10  -3.720117041397e+03
9700  3.714316e-05  1.190002e-05  2.382052e-05  6.994014e-10  -3.720117041469e+03
9800  3.477161e-05  1.114050e-05  2.230005e-05  6.516530e-10  -3.720117041537e+03
9900  3.255165e-05  1.042951e-05  2.087672e-05  6.079972e-10  -3.720117041599e+03
10000  3.047359e-05  9.763918e-06  1.954431e-05  5.652510e-10  -3.720117041658e+03
10100  2.852832e-05  9.140837e-06  1.829701e-05  5.297807e-10  -3.720117041713e+03
10200  2.670735e-05  8.557546e-06  1.712937e-05  4.934009e-10  -3.720117041764e+03
10300  2.500271e-05  8.011498e-06  1.603630e-05  4.579306e-10  -3.720117041812e+03
10400  2.340697e-05  7.500314e-06  1.501302e-05  4.320100e-10  -3.720117041857e+03
10500  2.191316e-05  7.021765e-06  1.405508e-05  4.019967e-10  -3.720117041898e+03
10600  2.051475e-05  6.573765e-06  1.315829e-05  3.797140e-10  -3.720117041937e+03
10700  1.920564e-05  6.154362e-06  1.231876e-05  3.501555e-10  -3.720117041974e+03
10800  1.798013e-05  5.761729e-06  1.153282e-05  3.306013e-10  -3.720117042008e+03
10900  1.683286e-05  5.394156e-06  1.079704e-05  3.069545e-10  -3.720117042039e+03
11000  1.575884e-05  5.050041e-06  1.010823e-05  2.914931e-10  -3.720117042069e+03
11100  1.475339e-05  4.727888e-06  9.463378e-06  2.696652e-10  -3.720117042097e+03
11200  1.381212e-05  4.426292e-06  8.859681e-06  2.505658e-10  -3.720117042123e+03
11300  1.293093e-05  4.143942e-06  8.294509e-06  2.364686e-10  -3.720117042147e+03
11400  1.210598e-05  3.879608e-06  7.765402e-06  2.178240e-10  -3.720117042170e+03
11500  1.133368e-05  3.632140e-06  7.270058e-06  2.069100e-10  -3.720117042191e+03
11600  1.061067e-05  3.400462e-06  6.806321e-06  1.878107e-10  -3.720117042211e+03
11700  9.933800e-06  3.183565e-06  6.372172e-06  1.818989e-10  -3.720117042229e+03
11800  9.300123e-06  2.980506e-06  5.965723e-06  1.696208e-10  -3.720117042247e+03
11900  8.706882e-06  2.790402e-06  5.585206e-06  1.618901e-10  -3.720117042263e+03
12000  8.151493e-06  2.612426e-06  5.228965e-06  1.441549e-10  -3.720117042278e+03
12100  7.631541e-06  2.445803e-06  4.895451e-06  1.346052e-10  -3.720117042292e+03
12200  7.144762e-06  2.289810e-06  4.583214e-06  1.346052e-10  -3.720117042306e+03
12300  6.689042e-06  2.143768e-06  4.290895e-06  1.232365e-10  -3.720117042318e+03
12400  6.262396e-06  2.007041e-06  4.017223e-06  1.168701e-10  -3.720117042330e+03
12500  5.862966e-06  1.879036e-06  3.761009e-06  9.913492e-11  -3.720117042341e+03
12600  5.489019e-06  1.759196e-06  3.521139e-06  9.549694e-11  -3.720117042351e+03
12700  5.138928e-06  1.647000e-06  3.296569e-06  9.367795e-11  -3.720117042360e+03
12800  4.811170e-06  1.541961e-06  3.086324e-06  9.049472e-11  -3.720117042369e+03
12900  4.504319e-06  1.443621e-06  2.889489e-06  7.776180e-11  -3.720117042378e+03
13000  4.217042e-06  1.351554e-06  2.705209e-06  7.548806e-11  -3.720117042386e+03
13100  3.948088e-06  1.265359e-06  2.532683e-06  7.048584e-11  -3.720117042393e+03
13200  3.696292e-06  1.184661e-06  2.371161e-06  6.366463e-11  -3.720117042400e+03
13300  3.460555e-06  1.109111e-06  2.219942e-06  6.139089e-11  -3.720117042406e+03
13400  3.239855e-06  1.038379e-06  2.078367e-06  5.775291e-11  -3.720117042412e+03
13500  3.033233e-06  9.721579e-07  1.945821e-06  5.547918e-11  -3.720117042418e+03
13600  2.839788e-06  9.101604e-07  1.821729e-06  5.411493e-11  -3.720117042423e+03
13700  2.658681e-06  8.521170e-07  1.705552e-06  4.956746e-11  -3.720117042428e+03
13800  2.489125e-06  7.977753e-07  1.596784e-06  4.456524e-11  -3.720117042433e+03
13900  2.330385e-06  7.468995e-07  1.494953e-06  4.320100e-11  -3.720117042437e+03
14000  2.181767e-06  6.992682e-07  1.399616e-06  3.683454e-11  -3.720117042441e+03
14100  2.042630e-06  6.546747e-07  1.310360e-06  3.319656e-11  -3.720117042445e+03
14200  1.912365e-06  6.129250e-07  1.226796e-06  3.456080e-11  -3.720117042448e+03
14300  1.790409e-06  5.738380e-07  1.148561e-06  3.501555e-11  -3.720117042451e+03
14400  1.676231e-06  5.372438e-07  1.075316e-06  2.864908e-11  -3.720117042455e+03
14500  1.569334e-06  5.029832e-07  1.006742e-06  2.637535e-11  -3.720117042457e+03
14600  1.469254e-06  4.709075e-07  9.425406e-07  2.955858e-11  -3.720117042460e+03
14700  1.375556e-06  4.408774e-07  8.824339e-07  2.546585e-11  -3.720117042463e+03
14800  1.287837e-06  4.127625e-07  8.261606e-07  2.455636e-11  -3.720117042465e+03
14900  1.205709e-06  3.864404e-07  7.734757e-07  2.137313e-11  -3.720117042467e+03
15000  1.128822e-06  3.617971e-07  7.241510e-07  2.273737e-11  -3.720117042469e+03
15100  1.056836e-06  3.387253e-07  6.779717e-07  2.273737e-11  -3.720117042471e+03
15200  9.894395e-07  3.171247e-07  6.347372e-07  1.773515e-11  -3.720117042473e+03
15300  9.263428e-07  2.969017e-07  5.942600e-07  2.000888e-11  -3.720117042475e+03
15400  8.672683e-07  2.779682e-07  5.563640e-07  1.273293e-11  -3.720117042476e+03
15500  8.119635e-07  2.602424e-07  5.208848e-07  1.682565e-11  -3.720117042478e+03
15600  7.601843e-07  2.436468e-07  4.876681e-07  1.500666e-11  -3.720117042479e+03
15700  7.117058e-07  2.281095e-07  4.565695e-07  6.366463e-12  -3.720117042481e+03
15800  6.663210e-07  2.135631e-07  4.274543e-07  8.640200e-12  -3.720117042482e+03
15900  6.238306e-07  1.999443e-07  4.001958e-07  1.273293e-11  -3.720117042483e+03
16000  5.840485e-07  1.871940e-07  3.746755e-07  1.045919e-11  -3.720117042484e+03
16100  5.468053e-07  1.752568e-07  3.507828e-07  5.456968e-12  -3.720117042485e+03
16200  5.119356e-07  1.640808e-07  3.284136e-07  7.730705e-12  -3.720117042486e+03
16300  4.792897e-07  1.536175e-07  3.074709e-07  5.911716e-12  -3.720117042487e+03
16400  4.487231e-07  1.438213e-07  2.878635e-07  7.275958e-12  -3.720117042488e+03
16500  4.201097e-07  1.346500e-07  2.695068e-07  5.911716e-12  -3.720117042489e+03
16600  3.933194e-07  1.260635e-07  2.523206e-07  4.092726e-12  -3.720117042489e+03
16700  3.682378e-07  1.180246e-07  2.362303e-07  1.045919e-11  -3.720117042490e+03
16800  3.447540e-07  1.104982e-07  2.211660e-07  0.000000e+00  -3.720117042491e+03
16900  3.227718e-07  1.034520e-07  2.070627e-07  8.185452e-12  -3.720117042491e+03
17000  3.021879e-07  9.685488e-08  1.938584e-07  5.002221e-12  -3.720117042492e+03
17100  2.829174e-07  9.067854e-08  1.814963e-07  4.092726e-12  -3.720117042492e+03
17200  2.648764e-07  8.489609e-08  1.699225e-07  5.456968e-12  -3.720117042493e+03
17300  2.479855e-07  7.948236e-08  1.590867e-07  3.183231e-12  -3.720117042493e+03
17400  2.321721e-07  7.441388e-08  1.489419e-07  9.094947e-13  -3.720117042494e+03
17500  2.173675e-07  6.966865e-08  1.394442e-07  4.547474e-13  -3.720117042494e+03
17600  2.035056e-07  6.522593e-08  1.305519e-07  9.094947e-13  -3.720117042494e+03
17700  1.905277e-07  6.106653e-08  1.222267e-07  5.911716e-12  -3.720117042495e+03
17800  1.783781e-07  5.717240e-08  1.144325e-07  1.364242e-12  -3.720117042495e+03
17900  1.670031e-07  5.352659e-08  1.071353e-07  7.730705e-12  -3.720117042495e+03
18000  1.563537e-07  5.011327e-08  1.003034e-07  0.000000e+00  -3.720117042496e+03
18100  1.463830e-07  4.691760e-08  9.390719e-08  5.456968e-12  -3.720117042496e+03
18200  1.370471e-07  4.392566e-08  8.791875e-08  2.273737e-12  -3.720117042496e+03
18300  1.283090e-07  4.112465e-08  8.231239e-08  5.456968e-12  -3.720117042496e+03
18400  1.201275e-07  3.850223e-08  7.706349e-08  6.366463e-12  -3.720117042497e+03
18500  1.124671e-07  3.604699e-08  7.214926e-08  2.273737e-12  -3.720117042497e+03
18600  1.052957e-07  3.374835e-08  6.754844e-08  6.821210e-12  -3.720117042497e+03
18700  9.858084e-08  3.159625e-08  6.324094e-08  4.547474e-13  -3.720117042497e+03
18800  9.229446e-08  2.958140e-08  5.920815e-08  5.456968e-12  -3.720117042497e+03
18900  8.640811e-08  2.769499e-08  5.543246e-08  1.818989e-12  -3.720117042498e+03
19000  8.089848e-08  2.592895e-08  5.189766e-08  5.002221e-12  -3.720117042498e+03
19100  7.574058e-08  2.427555e-08  4.858829e-08  3.183231e-12  -3.720117042498e+03
19200  7.090997e-08  2.272749e-08  4.548982e-08  2.728484e-12  -3.720117042498e+03
19300  6.638783e-08  2.127818e-08  4.258899e-08  5.002221e-12  -3.720117042498e+03
19400  6.215448e-08  1.992130e-08  3.987315e-08  4.547474e-13  -3.720117042498e+03
19500  5.819131e-08  1.865097e-08  3.733053e-08  5.456968e-12  -3.720117042498e+03
19600  5.448117e-08  1.746166e-08  3.495007e-08  9.094947e-13  -3.720117042498e+03
19700  5.100614e-08  1.634811e-08  3.272128e-08  2.273737e-12  -3.720117042499e+03
19800  4.775431e-08  1.530565e-08  3.063475e-08  3.637979e-12  -3.720117042499e+03
19900  4.470708e-08  1.432952e-08  2.868106e-08  9.094947e-13  -3.720117042499e+03
20000  4.185698e-08  1.341580e-08  2.685218e-08  1.818989e-12  -3.720117042499e+03
20100  3.918886e-08  1.256035e-08  2.513993e-08  4.547474e-13  -3.720117042499e+03
20200  3.668951e-08  1.175937e-08  2.353677e-08  1.364242e-12  -3.720117042499e+03
20300  3.434979e-08  1.100949e-08  2.203586e-08  1.364242e-12  -3.720117042499e+03
20400  3.215935e-08  1.030743e-08  2.063067e-08  9.094947e-13  -3.720117042499e+03
20500  3.010766e-08  9.650089e-09  1.931500e-08  0.000000e+00  -3.720117042499e+03
20600  2.818825e-08  9.034754e-09  1.808336e-08  4.547474e-13  -3.720117042499e+03
20700  2.639005e-08  8.458575e-09  1.693015e-08  3.637979e-12  -3.720117042499e+03
20800  2.470782e-08  7.919222e-09  1.585059e-08  2.273737e-12  -3.720117042499e+03
20900  2.313203e-08  7.414221e-09  1.483982e-08  2.273737e-12  -3.720117042499e+03
21000  2.165731e-08  6.941443e-09  1.389353e-08  5.456968e-12  -3.720117042499e+03
21100  2.027649e-08  6.498809e-09  1.300758e-08  9.094947e-13  -3.720117042499e+03
21200  1.898442e-08  6.084440e-09  1.217818e-08  2.273737e-12  -3.720117042499e+03
21300  1.777224e-08  5.696364e-09  1.140147e-08  4.547474e-13  -3.720117042499e+03
21400  1.664019e-08  5.333182e-09  1.067452e-08  3.637979e-12  -3.720117042499e+03
21500  1.557775e-08  4.993017e-09  9.993709e-09  0.000000e+00  -3.720117042499e+03
21600  1.458496e-08  4.674657e-09  9.356480e-09  2.273737e-12  -3.720117042500e+03
21700  1.365559e-08  4.376600e-09  8.759887e-09  1.818989e-12  -3.720117042500e+03
21800  1.278352e-08  4.097443e-09  8.201184e-09  4.547474e-13  -3.720117042500e+03
21900  1.196912e-08  3.836198e-09  7.678267e-09  2.273737e-12  -3.720117042500e+03
22000  1.120548e-08  3.591547e-09  7.188604e-09  3.183231e-12  -3.720117042500e+03
22100  1.049070e-08  3.362503e-09  6.730176e-09  3.637979e-12  -3.720117042500e+03
22200  9.822726e-09  3.148149e-09  6.301098e-09  4.547474e-13  -3.720117042500e+03
22300  9.195752e-09  2.947351e-09  5.899225e-09  0.000000e+00  -3.720117042500e+03
22400  8.608932e-09  2.759379e-09  5.523003e-09  9.094947e-13  -3.720117042500e+03
22500  8.060765e-09  2.583471e-09  5.170885e-09  1.818989e-12  -3.720117042500e+03
22600  7.545243e-09  2.418646e-09  4.841031e-09  4.547474e-13  -3.720117042500e+03
22700  7.064721e-09  2.264438e-09  4.532362e-09  1.818989e-12  -3.720117042500e+03
22800  6.614177e-09  2.120032e-09  4.243330e-09  4.547474e-13  -3.720117042500e+03
22900  6.192957e-09  1.984879e-09  3.972796e-09  4.547474e-13  -3.720117042500e+03
23000  5.798358e-09  1.858313e-09  3.719466e-09  4.547474e-13  -3.720117042500e+03
23100  5.427660e-09  1.739765e-09  3.482215e-09  1.818989e-12  -3.720117042500e+03
23200  5.082410e-09  1.628867e-09  3.260223e-09  0.000000e+00  -3.720117042500e+03
23300  4.758267e-09  1.524999e-09  3.052327e-09  3.183231e-12  -3.720117042500e+03
23400  4.454305e-09  1.427724e-09  2.857643e-09  1.818989e-12  -3.720117042500e+03
23500  4.170814e-09  1.336702e-09  2.675450e-09  5.911716e-12  -3.720117042500e+03
23600  3.903294e-09  1.251384e-09  2.504724e-09  3.637979e-12  -3.720117042500e+03
23700  3.656268e-09  1.171687e-09  2.345150e-09  1.818989e-12  -3.720117042500e+03
23800  3.422124e-09  1.096926e-09  2.195541e-09  0.000000e+00  -3.720117042500e+03
23900  3.203173e-09  1.026932e-09  2.055470e-09  3.183231e-12  -3.720117042500e+03
24000  2.999982e-09  9.615078e-10  1.924483e-09  1.818989e-12  -3.720117042500e+03
24100  2.808609e-09  9.001984e-10  1.801769e-09  2.728484e-12  -3.720117042500e+03
24200  2.628994e-09  8.427585e-10  1.686819e-09  2.728484e-12  -3.720117042500e+03
24300  2.461564e-09  7.890196e-10  1.579259e-09  9.094947e-13  -3.720117042500e+03
24400  2.305465e-09  7.387618e-10  1.478634e-09  2.728484e-12  -3.720117042500e+03
24500  2.158544e-09  6.916537e-10  1.384345e-09  4.092726e-12  -3.720117042500e+03
24600  2.020915e-09  6.475486e-10  1.296071e-09  9.094947e-13  -3.720117042500e+03
24700  1.890895e-09  6.061987e-10  1.213338e-09  1.818989e-12  -3.720117042500e+03
24800  1.770604e-09  5.675473e-10  1.135974e-09  0.000000e+00  -3.720117042500e+03
24900  1.657396e-09  5.313429e-10  1.063516e-09  4.547474e-13  -3.720117042500e+03
25000  1.552921e-09  4.975292e-10  9.957988e-10  4.547474e-13  -3.720117042500e+03
25100  1.453800e-09  4.658042e-10  9.322996e-10  4.547474e-13  -3.720117042500e+03
25200  1.361419e-09  4.361123e-10  8.728658e-10  9.094947e-13  -3.720117042500e+03
25300  1.273374e-09  4.082318e-10  8.171042e-10  2.728484e-12  -3.720117042500e+03
25400  1.192727e-09  3.822256e-10  7.650356e-10  3.183231e-12  -3.720117042500e+03
25500  1.116327e-09  3.578363e-10  7.162275e-10  9.094947e-13  -3.720117042500e+03
25600  1.045504e-09  3.350454e-10  6.705954e-10  0.000000e+00  -3.720117042500e+03
