0  1.862343e+01  7.283247e-01  1.116629e+00  3.704769e+03  -3.704768515795e+03
100  9.583728e-02  2.842139e-01  4.613227e-01  7.909747e-03  -3.719557331557e+03
200  8.909697e-02  9.109508e-02  1.595887e-01  1.544218e-03  -3.719942340901e+03
300  6.853737e-02  3.996684e-02  7.228457e-02  3.327656e-04  -3.720019662919e+03
400  4.692233e-02  2.049310e-02  3.741520e-02  9.534562e-05  -3.720037913428e+03
500  3.239684e-02  1.632711e-02  2.924047e-02  4.516310e-05  -3.720044317719e+03
600  2.367958e-02  1.417414e-02  2.603822e-02  3.238302e-05  -3.720048064002e+03
700  1.860459e-02  1.279617e-02  2.356787e-02  2.773909e-05  -3.720051037901e+03
800  1.565459e-02  1.176540e-02  2.170302e-02  2.521127e-05  -3.720053674933e+03
900  1.392679e-02  1.098909e-02  2.029610e-02  2.342332e-05  -3.720056101812e+03
1000  1.290860e-02  1.039489e-02  1.922255e-02  2.199487e-05  -3.720058369754e+03
1100  1.231083e-02  9.929977e-03  1.838797e-02  2.078934e-05  -3.720060506830e+03
1200  1.196839e-02  9.556994e-03  1.772421e-02  1.974334e-05  -3.720062531786e+03
1300  1.178510e-02  9.249933e-03  1.718322e-02  1.882125e-05  -3.720064458631e+03
1400  1.170357e-02  8.990794e-03  1.673147e-02  1.800019e-05  -3.720066298525e+03
1500  1.168870e-02  8.767127e-03  1.634571e-02  1.726418e-05  -3.720068060721e+03
1600  1.171855e-02  8.570293e-03  1.600973e-02  1.660120e-05  -3.720069753093e+03
1700  1.177914e-02  8.394262e-03  1.571222e-02  1.600186e-05  -3.720071382450e+03
1800  1.186144e-02  8.234782e-03  1.544521e-02  1.545852e-05  -3.720072954760e+03
1900  1.195956e-02  8.088824e-03  1.520305e-02  1.496481e-05  -3.720074475289e+03
2000  1.206966e-02  7.954190e-03  1.498162e-02  1.451533e-05  -3.720075948723e+03
2100  1.218921e-02  7.829260e-03  1.477793e-02  1.410546e-05  -3.720077379245e+03
2200  1.231658e-02  7.712811e-03  1.458974e-02  1.373119e-05  -3.720078770609e+03
2300  1.245074e-02  7.638120e-03  1.441530e-02  1.338898e-05  -3.720080126192e+03
2400  1.259104e-02  7.581783e-03  1.425325e-02  1.307573e-05  -3.720081449041e+03
2500  1.273711e-02  7.530231e-03  1.410249e-02  1.278867e-05  -3.720082741910e+03
2600  1.288873e-02  7.483024e-03  1.396207e-02  1.252534e-05  -3.720084007291e+03
2700  1.304581e-02  7.439791e-03  1.383120e-02  1.228350e-05  -3.720085247442e+03
2800  1.320831e-02  7.400213e-03  1.370915e-02  1.206115e-05  -3.720086464409e+03
2900  1.337622e-02  7.364003e-03  1.363755e-02  1.185641e-05  -3.720087660045e+03
3000  1.354955e-02  7.330891e-03  1.359895e-02  1.166762e-05  -3.720088836026e+03
3100  1.372831e-02  7.300624e-03  1.356589e-02  1.149319e-05  -3.720089993866e+03
3200  1.391249e-02  7.272950e-03  1.353794e-02  1.133168e-05  -3.720091134927e+03
3300  1.410204e-02  7.247623e-03  1.351468e-02  1.118169e-05  -3.720092260430e+03
3400  1.429690e-02  7.224391e-03  1.349567e-02  1.104196e-05  -3.720093371463e+03
3500  1.449695e-02  7.203003e-03  1.348048e-02  1.091124e-05  -3.720094468987e+03
3600  1.470204e-02  7.183199e-03  1.346864e-02  1.078832e-05  -3.720095553843e+03
3700  1.491196e-02  7.164712e-03  1.345969e-02  1.067209e-05  -3.720096626754e+03
3800  1.512646e-02  7.147268e-03  1.345314e-02  1.056142e-05  -3.720097688333e+03
3900  1.534521e-02  7.130584e-03  1.344849e-02  1.045523e-05  -3.720098739080e+03
4000  1.556785e-02  7.114367e-03  1.344520e-02  1.035244e-05  -3.720099779388e+03
4100  1.579391e-02  7.098315e-03  1.344272e-02  1.025200e-05  -3.720100809545e+03
4200  1.602288e-02  7.082115e-03  1.344047e-02  1.015285e-05  -3.720101829732e+03
4300  1.625416e-02  7.065446e-03  1.343787e-02  1.005397e-05  -3.720102840025e+03
4400  1.648707e-02  7.047977e-03  1.343427e-02  9.954297e-06  -3.720103840399e+03
4500  1.672086e-02  7.029367e-03  1.342904e-02  9.852804e-06  -3.720104830723e+03
4600  1.695467e-02  7.009270e-03  1.342150e-02  9.748473e-06  -3.720105810762e+03
4700  1.718756e-02  6.987331e-03  1.341098e-02  9.640285e-06  -3.720106780182e+03
4800  1.741851e-02  6.963191e-03  1.339675e-02  9.527234e-06  -3.720107738547e+03
4900  1.764639e-02  6.936489e-03  1.337810e-02  9.408341e-06  -3.720108685319e+03
5000  1.786999e-02  6.906862e-03  1.335429e-02  9.282644e-06  -3.720109619866e+03
5100  1.808800e-02  6.873949e-03  1.332458e-02  9.149222e-06  -3.720110541460e+03
5200  1.829902e-02  6.837394e-03  1.328823e-02  9.007196e-06  -3.720111449285e+03
5300  1.850159e-02  6.796851e-03  1.324449e-02  8.855749e-06  -3.720112342439e+03
5400  1.869416e-02  6.751983e-03  1.319263e-02  8.694129e-06  -3.720113219939e+03
5500  1.887509e-02  6.702471e-03  1.313195e-02  8.521669e-06  -3.720114080736e+03
5600  1.904274e-02  6.648015e-03  1.306176e-02  8.337815e-06  -3.720114923715e+03
5700  1.919538e-02  6.617567e-03  1.298142e-02  8.142113e-06  -3.720115747714e+03
5800  1.933128e-02  6.585731e-03  1.289030e-02  7.934234e-06  -3.720116551530e+03
5900  1.944870e-02  6.547541e-03  1.278787e-02  7.714010e-06  -3.720117333935e+03
6000  1.954593e-02  6.502705e-03  1.267364e-02  7.481424e-06  -3.720118093693e+03
6100  1.962127e-02  6.450967e-03  1.254719e-02  7.236618e-06  -3.720118829573e+03
6200  1.967311e-02  6.392117e-03  1.240820e-02  6.979937e-06  -3.720119540370e+03
6300  1.969992e-02  6.325994e-03  1.225642e-02  6.711901e-06  -3.720120224920e+03
6400  1.970030e-02  6.252492e-03  1.209171e-02  6.433202e-06  -3.720120882121e+03
6500  1.967297e-02  6.171560e-03  1.191482e-02  6.144746e-06  -3.720121510951e+03
6600  1.961686e-02  6.083213e-03  1.177090e-02  5.847603e-06  -3.720122110487e+03
6700  1.953106e-02  5.987528e-03  1.161225e-02  5.543026e-06  -3.720122679922e+03
6800  1.941489e-02  5.884649e-03  1.143902e-02  5.232430e-06  -3.720123218584e+03
6900  1.926794e-02  5.774784e-03  1.125144e-02  4.917333e-06  -3.720123725945e+03
7000  1.909001e-02  5.658209e-03  1.104993e-02  4.599413e-06  -3.720124201639e+03
7100  1.888120e-02  5.535263e-03  1.083498e-02  4.280400e-06  -3.720124645473e+03
7200  1.864188e-02  5.406343e-03  1.060725e-02  3.962097e-06  -3.720125057425e+03
7300  1.837269e-02  5.271902e-03  1.036750e-02  3.646303e-06  -3.720125437659e+03
7400  1.807457e-02  5.132444e-03  1.011659e-02  3.334837e-06  -3.720125786516e+03
7500  1.774871e-02  4.988514e-03  9.855498e-03  3.029440e-06  -3.720126104519e+03
7600  1.739653e-02  4.840693e-03  9.585269e-03  2.731781e-06  -3.720126392359e+03
7700  1.701972e-02  4.689589e-03  9.307028e-03  2.443430e-06  -3.720126650892e+03
7800  1.662016e-02  4.535829e-03  9.021956e-03  2.165814e-06  -3.720126881120e+03
7900  1.619990e-02  4.380052e-03  8.731267e-03  1.900200e-06  -3.720127084183e+03
8000  1.576116e-02  4.222896e-03  8.436203e-03  1.647673e-06  -3.720127261337e+03
8100  1.530627e-02  4.064994e-03  8.138006e-03  1.409122e-06  -3.720127413938e+03
8200  1.483761e-02  3.906964e-03  7.837912e-03  1.185253e-06  -3.720127543420e+03
8300  1.435765e-02  3.749404e-03  7.537129e-03  9.765522e-07  -3.720127651278e+03
8400  1.386885e-02  3.592883e-03  7.236825e-03  7.833241e-07  -3.720127739046e+03
8500  1.337363e-02  3.437937e-03  6.938117e-03  6.056648e-07  -3.720127808277e+03
8600  1.287439e-02  3.285066e-03  6.642059e-03  4.435260e-07  -3.720127860527e+03
8700  1.237344e-02  3.134726e-03  6.349634e-03  2.966526e-07  -3.720127897336e+03
8800  1.187297e-02  2.987332e-03  6.061745e-03  1.646608e-07  -3.720127920213e+03
8900  1.137505e-02  2.843251e-03  5.779212e-03  4.705907e-08  -3.720127930623e+03
9000  1.088163e-02  2.702806e-03  5.502768e-03  5.678476e-08  -3.720127929973e+03
9100  1.039448e-02  2.566273e-03  5.233057e-03  1.475578e-07  -3.720127919605e+03
9200  9.915218e-03  2.433883e-03  4.970635e-03  2.260308e-07  -3.720127900787e+03
9300  9.445284e-03  2.305823e-03  4.715969e-03  2.930306e-07  -3.720127874708e+03
9400  8.985952e-03  2.182239e-03  4.469443e-03  3.493847e-07  -3.720127842474e+03
9500  8.538324e-03  2.063236e-03  4.231358e-03  3.959649e-07  -3.720127805105e+03
9600  8.103332e-03  1.948885e-03  4.001940e-03  4.336216e-07  -3.720127763536e+03
9700  7.681748e-03  1.839220e-03  3.781341e-03  4.632038e-07  -3.720127718616e+03
9800  7.274189e-03  1.734247e-03  3.569650e-03  4.855256e-07  -3.720127671111e+03
9900  6.881125e-03  1.633941e-03  3.366892e-03  5.013817e-07  -3.720127621708e+03
10000  6.502893e-03  1.538257e-03  3.173040e-03  5.115066e-07  -3.720127571014e+03
10100  6.139702e-03  1.447125e-03  2.988018e-03  5.166257e-07  -3.720127519565e+03
10200  5.791652e-03  1.360457e-03  2.811706e-03  5.173829e-07  -3.720127467831e+03
10300  5.458736e-03  1.278149e-03  2.643949e-03  5.143888e-07  -3.720127416215e+03
10400  5.140861e-03  1.200087e-03  2.484559e-03  5.082115e-07  -3.720127365064e+03
10500  4.837852e-03  1.126142e-03  2.333322e-03  4.993540e-07  -3.720127314669e+03
10600  4.549465e-03  1.056178e-03  2.190001e-03  4.882813e-07  -3.720127265277e+03
10700  4.275398e-03  9.900546e-04  2.054344e-03  4.754020e-07  -3.720127217086e+03
10800  4.015299e-03  9.276242e-04  1.926084e-03  4.610879e-07  -3.720127170259e+03
10900  3.768775e-03  8.687375e-04  1.804945e-03  4.456610e-07  -3.720127124921e+03
11000  3.535403e-03  8.132434e-04  1.690644e-03  4.294257e-07  -3.720127081169e+03
11100  3.314731e-03  7.609908e-04  1.582893e-03  4.126173e-07  -3.720127039071e+03
11200  3.106292e-03  7.118292e-04  1.481406e-03  3.954628e-07  -3.720126998674e+03
11300  2.909604e-03  6.656102e-04  1.385896e-03  3.781483e-07  -3.720126960001e+03
11400  2.724179e-03  6.221878e-04  1.296078e-03  3.608216e-07  -3.720126923062e+03
11500  2.549524e-03  5.814192e-04  1.211674e-03  3.436289e-07  -3.720126887850e+03
11600  2.385149e-03  5.431655e-04  1.132410e-03  3.266773e-07  -3.720126854345e+03
11700  2.230568e-03  5.072920e-04  1.058019e-03  3.100640e-07  -3.720126822520e+03
11800  2.085301e-03  4.736683e-04  9.882424e-04  2.938586e-07  -3.720126792336e+03
11900  1.948878e-03  4.421690e-04  9.228289e-04  2.781130e-07  -3.720126763749e+03
12000  1.820841e-03  4.126735e-04  8.615371e-04  2.628817e-07  -3.720126736712e+03
12100  1.700745e-03  3.850662e-04  8.041344e-04  2.481997e-07  -3.720126711169e+03
12200  1.588160e-03  3.592368e-04  7.503979e-04  2.340917e-07  -3.720126687067e+03
12300  1.482668e-03  3.350797e-04  7.001143e-04  2.205566e-07  -3.720126664346e+03
12400  1.383871e-03  3.124947e-04  6.530797e-04  2.076272e-07  -3.720126642948e+03
12500  1.291384e-03  2.913864e-04  6.091002e-04  1.952831e-07  -3.720126622813e+03
12600  1.204840e-03  2.716642e-04  5.679911e-04  1.835397e-07  -3.720126603883e+03
12700  1.123890e-03  2.532424e-04  5.295770e-04  1.723661e-07  -3.720126586098e+03
12800  1.048198e-03  2.360398e-04  4.936919e-04  1.617718e-07  -3.720126569402e+03
12900  9.774463e-04  2.199797e-04  4.601783e-04  1.517301e-07  -3.720126553736e+03
13000  9.113340e-04  2.049896e-04  4.288876e-04  1.422341e-07  -3.720126539047e+03
13100  8.495748e-04  1.910013e-04  3.996791e-04  1.332660e-07  -3.720126525281e+03
13200  7.918976e-04  1.779504e-04  3.724203e-04  1.247940e-07  -3.720126512386e+03
13300  7.380464e-04  1.657765e-04  3.469863e-04  1.168087e-07  -3.720126500314e+03
13400  6.877792e-04  1.544225e-04  3.232596e-04  1.092931e-07  -3.720126489016e+03
13500  6.408680e-04  1.438349e-04  3.011294e-04  1.022172e-07  -3.720126478448e+03
13600  5.970976e-04  1.339636e-04  2.804918e-04  9.556334e-08  -3.720126468566e+03
13700  5.562655e-04  1.247613e-04  2.612492e-04  8.931465e-08  -3.720126459328e+03
13800  5.181814e-04  1.161838e-04  2.433097e-04  8.344250e-08  -3.720126450696e+03
13900  4.826662e-04  1.081896e-04  2.265874e-04  7.795052e-08  -3.720126442632e+03
14000  4.495518e-04  1.007401e-04  2.110018e-04  7.278732e-08  -3.720126435101e+03
14100  4.186803e-04  9.379866e-05  1.964771e-04  6.794517e-08  -3.720126428070e+03
14200  3.899036e-04  8.733142e-05  1.829427e-04  6.342225e-08  -3.720126421506e+03
14300  3.630830e-04  8.130649e-05  1.703323e-04  5.917536e-08  -3.720126415381e+03
14400  3.380884e-04  7.569411e-05  1.585840e-04  5.521179e-08  -3.720126409666e+03
14500  3.147980e-04  7.046645e-05  1.476397e-04  5.149968e-08  -3.720126404334e+03
14600  2.930978e-04  6.559748e-05  1.374453e-04  4.802860e-08  -3.720126399361e+03
14700  2.728812e-04  6.106292e-05  1.279502e-04  4.478215e-08  -3.720126394724e+03
14800  2.540484e-04  5.684007e-05  1.191069e-04  4.175172e-08  -3.720126390401e+03
14900  2.365060e-04  5.290773e-05  1.108713e-04  3.892228e-08  -3.720126386370e+03
15000  2.201669e-04  4.924612e-05  1.032021e-04  3.627292e-08  -3.720126382613e+03
15100  2.049497e-04  4.583678e-05  9.606081e-05  3.381183e-08  -3.720126379111e+03
15200  1.907781e-04  4.266248e-05  8.941134e-05  3.150444e-08  -3.720126375848e+03
15300  1.775813e-04  3.970716e-05  8.322017e-05  2.935622e-08  -3.720126372807e+03
15400  1.652928e-04  3.695581e-05  7.745598e-05  2.734987e-08  -3.720126369974e+03
15500  1.538507e-04  3.439446e-05  7.208955e-05  2.547586e-08  -3.720126367335e+03
15600  1.431973e-04  3.201008e-05  6.709364e-05  2.373054e-08  -3.720126364877e+03
15700  1.332787e-04  2.979051e-05  6.244283e-05  2.210299e-08  -3.720126362586e+03
15800  1.240445e-04  2.772443e-05  5.811344e-05  2.058914e-08  -3.720126360454e+03
15900  1.154479e-04  2.580128e-05  5.408339e-05  1.917215e-08  -3.720126358467e+03
16000  1.074451e-04  2.401122e-05  5.033208e-05  1.785475e-08  -3.720126356617e+03
16100  9.999542e-05  2.234507e-05  4.684034e-05  1.662738e-08  -3.720126354894e+03
16200  9.306083e-05  2.079431e-05  4.359029e-05  1.548278e-08  -3.720126353290e+03
16300  8.660590e-05  1.935097e-05  4.056527e-05  1.441640e-08  -3.720126351797e+03
16400  8.059763e-05  1.800763e-05  3.774977e-05  1.341596e-08  -3.720126350406e+03
16500  7.500524e-05  1.675739e-05  3.512934e-05  1.249100e-08  -3.720126349111e+03
16600  6.980008e-05  1.559383e-05  3.269049e-05  1.163198e-08  -3.720126347906e+03
16700  6.495545e-05  1.451094e-05  3.042070e-05  1.082526e-08  -3.720126346784e+03
16800  6.044646e-05  1.350315e-05  2.830827e-05  1.007584e-08  -3.720126345739e+03
16900  5.624994e-05  1.256527e-05  2.634233e-05  9.383257e-09  -3.720126344767e+03
17000  5.234432e-05  1.169246e-05  2.451275e-05  8.735697e-09  -3.720126343862e+03
17100  4.870948e-05  1.088020e-05  2.281009e-05  8.133156e-09  -3.720126343019e+03
17200  4.532671e-05  1.012432e-05  2.122557e-05  7.576091e-09  -3.720126342235e+03
17300  4.217856e-05  9.420906e-06  1.975101e-05  7.045401e-09  -3.720126341505e+03
17400  3.924882e-05  8.766320e-06  1.837879e-05  6.556547e-09  -3.720126340826e+03
17500  3.652235e-05  8.157179e-06  1.710182e-05  6.098617e-09  -3.720126340193e+03
17600  3.398509e-05  7.590335e-06  1.591350e-05  5.675247e-09  -3.720126339605e+03
17700  3.162393e-05  7.062853e-06  1.480769e-05  5.278253e-09  -3.720126339057e+03
17800  2.942667e-05  6.572005e-06  1.377867e-05  4.919002e-09  -3.720126338547e+03
17900  2.738196e-05  6.115248e-06  1.282111e-05  4.580215e-09  -3.720126338073e+03
18000  2.547921e-05  5.690219e-06  1.193006e-05  4.260983e-09  -3.720126337631e+03
18100  2.370859e-05  5.294716e-06  1.110089e-05  3.966761e-09  -3.720126337220e+03
18200  2.206094e-05  4.926689e-06  1.032933e-05  3.692548e-09  -3.720126336838e+03
18300  2.052772e-05  4.584231e-06  9.611363e-06  3.436071e-09  -3.720126336482e+03
18400  1.910100e-05  4.265569e-06  8.943279e-06  3.194145e-09  -3.720126336151e+03
18500  1.777338e-05  3.969048e-06  8.321614e-06  2.975867e-09  -3.720126335843e+03
18600  1.653800e-05  3.693133e-06  7.743145e-06  2.768957e-09  -3.720126335556e+03
18700  1.538845e-05  3.436392e-06  7.204873e-06  2.573415e-09  -3.720126335289e+03
18800  1.431876e-05  3.197494e-06  6.704007e-06  2.395154e-09  -3.720126335041e+03
18900  1.332340e-05  2.975199e-06  6.237948e-06  2.227353e-09  -3.720126334810e+03
19000  1.239721e-05  2.768354e-06  5.804280e-06  2.072284e-09  -3.720126334595e+03
19100  1.153539e-05  2.575887e-06  5.400752e-06  1.931767e-09  -3.720126334394e+03
19200  1.073345e-05  2.396797e-06  5.025272e-06  1.795797e-09  -3.720126334208e+03
19300  9.987250e-06  2.230156e-06  4.675889e-06  1.675744e-09  -3.720126334035e+03
19400  9.292910e-06  2.075098e-06  4.350793e-06  1.556600e-09  -3.720126333874e+03
19500  8.646832e-06  1.930819e-06  4.048294e-06  1.448370e-09  -3.720126333724e+03
19600  8.045661e-06  1.796570e-06  3.766823e-06  1.346507e-09  -3.720126333584e+03
19700  7.486275e-06  1.671654e-06  3.504919e-06  1.251465e-09  -3.720126333454e+03
19800  6.965774e-06  1.555422e-06  3.261222e-06  1.166427e-09  -3.720126333333e+03
19900  6.481456e-06  1.447270e-06  3.034466e-06  1.086846e-09  -3.720126333221e+03
20000  6.030804e-06  1.346638e-06  2.823475e-06  1.008630e-09  -3.720126333116e+03
20100  5.611483e-06  1.253002e-06  2.627152e-06  9.385985e-10  -3.720126333019e+03
20200  5.221312e-06  1.165876e-06  2.444478e-06  8.712959e-10  -3.720126332928e+03
20300  4.858264e-06  1.084807e-06  2.274505e-06  8.180905e-10  -3.720126332844e+03
20400  4.520457e-06  1.009375e-06  2.116349e-06  7.576091e-10  -3.720126332765e+03
20500  4.206137e-06  9.391881e-07  1.969189e-06  7.075869e-10  -3.720126332692e+03
20600  3.913668e-06  8.738808e-07  1.832261e-06  6.534719e-10  -3.720126332624e+03
20700  3.641535e-06  8.131145e-07  1.704854e-06  6.120899e-10  -3.720126332561e+03
20800  3.388321e-06  7.565732e-07  1.586305e-06  5.684342e-10  -3.720126332502e+03
20900  3.152714e-06  7.039634e-07  1.475999e-06  5.320544e-10  -3.720126332448e+03
21000  2.933488e-06  6.550117e-07  1.373363e-06  4.920366e-10  -3.720126332397e+03
21100  2.729504e-06  6.094637e-07  1.277863e-06  4.597496e-10  -3.720126332349e+03
21200  2.539705e-06  5.670830e-07  1.189004e-06  4.220055e-10  -3.720126332305e+03
21300  2.363101e-06  5.276490e-07  1.106323e-06  3.929017e-10  -3.720126332264e+03
21400  2.198777e-06  4.909571e-07  1.029391e-06  3.669811e-10  -3.720126332226e+03
21500  2.045881e-06  4.568167e-07  9.578093e-07  3.433342e-10  -3.720126332191e+03
21600  1.903614e-06  4.250502e-07  8.912045e-07  3.192326e-10  -3.720126332158e+03
21700  1.771241e-06  3.954926e-07  8.292313e-07  2.946763e-10  -3.720126332127e+03
21800  1.648071e-06  3.679903e-07  7.715674e-07  2.696652e-10  -3.720126332098e+03
21900  1.533468e-06  3.424005e-07  7.179133e-07  2.560228e-10  -3.720126332072e+03
22000  1.426832e-06  3.185901e-07  6.679900e-07  2.387424e-10  -3.720126332047e+03
22100  1.327611e-06  2.964354e-07  6.215383e-07  2.241904e-10  -3.720126332024e+03
22200  1.235289e-06  2.758213e-07  5.783167e-07  2.082743e-10  -3.720126332002e+03
22300  1.149389e-06  2.566407e-07  5.381007e-07  1.932676e-10  -3.720126331982e+03
22400  1.069460e-06  2.387939e-07  5.006812e-07  1.823537e-10  -3.720126331964e+03
22500  9.950918e-07  2.221882e-07  4.658639e-07  1.705303e-10  -3.720126331946e+03
22600  9.258922e-07  2.067371e-07  4.334675e-07  1.550688e-10  -3.720126331930e+03
22700  8.615064e-07  1.923605e-07  4.033241e-07  1.450644e-10  -3.720126331915e+03
22800  8.015973e-07  1.789837e-07  3.752768e-07  1.355147e-10  -3.720126331902e+03
22900  7.458533e-07  1.665370e-07  3.491798e-07  1.255103e-10  -3.720126331889e+03
23000  6.939859e-07  1.549559e-07  3.248976e-07  1.159606e-10  -3.720126331877e+03
23100  6.457263e-07  1.441801e-07  3.023040e-07  1.095941e-10  -3.720126331865e+03
23200  6.008219e-07  1.341537e-07  2.812816e-07  9.822543e-11  -3.720126331855e+03
23300  5.590418e-07  1.248246e-07  2.617211e-07  9.276846e-11  -3.720126331845e+03
23400  5.201640e-07  1.161441e-07  2.435207e-07  8.685674e-11  -3.720126331836e+03
23500  4.839918e-07  1.080674e-07  2.265861e-07  8.094503e-11  -3.720126331828e+03
23600  4.503338e-07  1.005522e-07  2.108290e-07  7.048584e-11  -3.720126331820e+03
23700  4.190189e-07  9.355978e-08  1.961679e-07  7.048584e-11  -3.720126331813e+03
23800  3.898805e-07  8.705355e-08  1.825262e-07  6.730261e-11  -3.720126331806e+03
23900  3.627676e-07  8.099973e-08  1.698331e-07  6.139089e-11  -3.720126331800e+03
24000  3.375396e-07  7.536687e-08  1.580226e-07  5.320544e-11  -3.720126331794e+03
24100  3.140668e-07  7.012577e-08  1.470335e-07  5.275069e-11  -3.720126331788e+03
24200  2.922263e-07  6.524913e-08  1.368086e-07  5.184120e-11  -3.720126331783e+03
24300  2.719042e-07  6.071161e-08  1.272948e-07  4.774847e-11  -3.720126331778e+03
24400  2.529952e-07  5.648961e-08  1.184425e-07  3.910827e-11  -3.720126331774e+03
24500  2.354039e-07  5.256136e-08  1.102060e-07  4.047251e-11  -3.720126331770e+03
24600  2.190322e-07  4.890610e-08  1.025420e-07  3.683454e-11  -3.720126331766e+03
24700  2.037992e-07  4.550503e-08  9.541102e-08  3.547029e-11  -3.720126331763e+03
24800  1.896272e-07  4.234057e-08  8.877604e-08  3.683454e-11  -3.720126331759e+03
24900  1.764410e-07  3.939619e-08  8.260248e-08  2.910383e-11  -3.720126331756e+03
25000  1.641708e-07  3.665651e-08  7.685817e-08  2.592060e-11  -3.720126331753e+03
25100  1.527549e-07  3.410739e-08  7.151338e-08  2.773959e-11  -3.720126331751e+03
25200  1.421326e-07  3.173554e-08  6.654028e-08  2.864908e-11  -3.720126331748e+03
25300  1.322480e-07  2.952857e-08  6.191293e-08  2.364686e-11  -3.720126331746e+03
25400  1.230498e-07  2.747504e-08  5.760730e-08  1.955414e-11  -3.720126331744e+03
25500  1.144940e-07  2.556445e-08  5.360130e-08  2.501110e-11  -3.720126331742e+03
25600  1.065305e-07  2.378658e-08  4.987367e-08  1.728040e-11  -3.720126331740e+03
25700  9.912204e-08  2.213242e-08  4.640537e-08  1.682565e-11  -3.720126331738e+03
25800  9.222992e-08  2.059334e-08  4.317834e-08  1.682565e-11  -3.720126331737e+03
25900  8.581662e-08  1.916127e-08  4.017568e-08  1.773515e-11  -3.720126331735e+03
26000  7.984873e-08  1.782876e-08  3.738179e-08  1.591616e-11  -3.720126331734e+03
26100  7.429524e-08  1.658889e-08  3.478216e-08  1.273293e-11  -3.720126331733e+03
26200  6.912820e-08  1.543525e-08  3.236332e-08  7.730705e-12  -3.720126331731e+03
26300  6.432178e-08  1.436190e-08  3.011279e-08  1.136868e-11  -3.720126331730e+03
26400  5.984847e-08  1.336314e-08  2.801867e-08  9.549694e-12  -3.720126331729e+03
26500  5.568630e-08  1.243383e-08  2.607019e-08  1.045919e-11  -3.720126331728e+03
26600  5.181422e-08  1.156918e-08  2.425725e-08  4.547474e-12  -3.720126331727e+03
26700  4.821135e-08  1.076466e-08  2.257039e-08  8.640200e-12  -3.720126331726e+03
26800  4.485847e-08  1.001607e-08  2.100081e-08  6.366463e-12  -3.720126331726e+03
26900  4.173852e-08  9.319513e-09  1.954035e-08  6.821210e-12  -3.720126331725e+03
27000  3.883642e-08  8.671444e-09  1.818152e-08  5.911716e-12  -3.720126331724e+03
27100  3.613569e-08  8.068408e-09  1.691713e-08  7.275958e-12  -3.720126331724e+03
27200  3.362345e-08  7.507353e-09  1.574074e-08  6.366463e-12  -3.720126331723e+03
27300  3.128406e-08  6.985222e-09  1.464602e-08  2.273737e-12  -3.720126331723e+03
27400  2.910749e-08  6.499408e-09  1.362744e-08  3.183231e-12  -3.720126331722e+03
27500  2.708423e-08  6.047476e-09  1.267983e-08  3.637979e-12  -3.720126331722e+03
27600  2.520123e-08  5.626939e-09  1.179808e-08  2.273737e-12  -3.720126331721e+03
27700  2.344756e-08  5.235587e-09  1.097755e-08  9.094947e-13  -3.720126331721e+03
27800  2.181749e-08  4.871509e-09  1.021417e-08  5.456968e-12  -3.720126331720e+03
27900  2.030068e-08  4.532765e-09  9.503904e-09  3.637979e-12  -3.720126331720e+03
28000  1.888857e-08  4.217531e-09  8.842961e-09  5.002221e-12  -3.720126331720e+03
28100  1.757585e-08  3.924276e-09  8.228064e-09  3.637979e-12  -3.720126331719e+03
28200  1.635261e-08  3.651322e-09  7.655792e-09  2.728484e-12  -3.720126331719e+03
28300  1.521635e-08  3.397452e-09  7.123467e-09  5.911716e-12  -3.720126331719e+03
28400  1.415852e-08  3.161210e-09  6.628122e-09  1.364242e-12  -3.720126331719e+03
28500  1.317234e-08  2.941291e-09  6.167071e-09  1.364242e-12  -3.720126331718e+03
28600  1.225604e-08  2.736729e-09  5.738174e-09  4.547474e-13  -3.720126331718e+03
28700  1.140399e-08  2.546430e-09  5.339155e-09  9.094947e-13  -3.720126331718e+03
28800  1.061183e-08  2.369386e-09  4.967920e-09  2.273737e-12  -3.720126331718e+03
28900  9.873189e-09  2.204589e-09  4.622405e-09  9.094947e-13  -3.720126331718e+03
29000  9.186847e-09  2.051284e-09  4.300964e-09  1.364242e-12  -3.720126331717e+03
29100  8.547706e-09  1.908626e-09  4.001855e-09  4.547474e-13  -3.720126331717e+03
29200  7.954911e-09  1.775981e-09  3.723679e-09  3.637979e-12  -3.720126331717e+03
29300  7.401083e-09  1.652441e-09  3.464677e-09  3.637979e-12  -3.720126331717e+03
29400  6.887008e-09  1.537562e-09  3.223788e-09  4.092726e-12  -3.720126331717e+03
29500  6.406653e-09  1.430548e-09  2.999473e-09  4.547474e-13  -3.720126331717e+03
29600  5.960941e-09  1.331071e-09  2.790891e-09  1.364242e-12  -3.720126331717e+03
29700  5.547016e-09  1.238531e-09  2.596844e-09  3.183231e-12  -3.720126331717e+03
29800  5.160590e-09  1.152367e-09  2.416207e-09  2.273737e-12  -3.720126331716e+03
29900  4.802001e-09  1.072248e-09  2.248204e-09  4.547474e-13  -3.720126331716e+03
30000  4.467417e-09  9.976613e-10  2.091831e-09  2.273737e-12  -3.720126331716e+03
30100  4.156952e-09  9.282826e-10  1.946363e-09  3.183231e-12  -3.720126331716e+03
30200  3.867842e-09  8.637281e-10  1.811006e-09  4.547474e-13  -3.720126331716e+03
30300  3.598915e-09  8.036632e-10  1.685070e-09  4.547474e-12  -3.720126331716e+03
30400  3.349611e-09  7.478316e-10  1.567968e-09  1.364242e-12  -3.720126331716e+03
30500  3.115941e-09  6.957845e-10  1.458869e-09  9.094947e-13  -3.720126331716e+03
30600  2.899919e-09  6.474259e-10  1.357457e-09  5.911716e-12  -3.720126331716e+03
30700  2.697606e-09  6.023764e-10  1.263017e-09  9.094947e-13  -3.720126331716e+03
30800  2.510011e-09  5.604816e-10  1.175179e-09  1.818989e-12  -3.720126331716e+03
30900  2.335827e-09  5.215265e-10  1.093485e-09  2.273737e-12  -3.720126331716e+03
31000  2.173557e-09  4.852702e-10  1.017460e-09  0.000000e+00  -3.720126331716e+03
31100  2.022571e-09  4.515275e-10  9.467096e-10  2.728484e-12  -3.720126331716e+03
31200  1.882134e-09  4.201407e-10  8.808938e-10  3.637979e-12  -3.720126331716e+03
31300  1.750315e-09  3.908751e-10  8.195655e-10  1.364242e-12  -3.720126331716e+03
31400  1.628799e-09  3.637108e-10  7.625957e-10  1.818989e-12  -3.720126331716e+03
31500  1.515364e-09  3.384041e-10  7.095444e-10  4.547474e-13  -3.720126331716e+03
31600  1.410184e-09  3.148891e-10  6.602250e-10  0.000000e+00  -3.720126331716e+03
31700  1.311551e-09  2.929517e-10  6.142585e-10  1.818989e-12  -3.720126331716e+03
31800  1.221061e-09  2.726184e-10  5.715974e-10  1.818989e-12  -3.720126331716e+03
31900  1.136261e-09  2.536598e-10  5.318482e-10  1.818989e-12  -3.720126331716e+03
32000  1.057010e-09  2.360219e-10  4.948624e-10  1.364242e-12  -3.720126331716e+03
