0  8.833731e-01  1.174291e-01  1.828161e-01  5.149971e+03  -5.149971269911e+03
100  3.720444e-03  1.694082e-03  2.602766e-03  7.001464e-06  -5.150024972858e+03
200  2.636321e-03  8.307341e-04  1.496178e-03  1.783585e-06  -5.150025345364e+03
300  1.826697e-03  4.746039e-04  1.071949e-03  5.708189e-07  -5.150025449074e+03
400  1.374653e-03  3.494426e-04  7.799953e-04  2.328561e-07  -5.150025485909e+03
500  1.056317e-03  2.576270e-04  5.703087e-04  1.141416e-07  -5.150025502304e+03
600  8.000429e-04  1.898554e-04  4.179054e-04  6.240316e-08  -5.150025510789e+03
700  6.001968e-04  1.398166e-04  3.073373e-04  3.633158e-08  -5.150025515576e+03
800  4.473604e-04  1.029012e-04  2.266931e-04  2.206252e-08  -5.150025518421e+03
900  3.319557e-04  7.569326e-05  1.670381e-04  1.384888e-08  -5.150025520176e+03
1000  2.455591e-04  5.565675e-05  1.229798e-04  8.943971e-09  -5.150025521293e+03
1100  1.812567e-04  4.091144e-05  9.048425e-05  5.925358e-09  -5.150025522023e+03
1200  1.335912e-04  3.006576e-05  6.654287e-05  4.008143e-09  -5.150025522512e+03
1300  9.835685e-05  2.209155e-05  4.891854e-05  2.762135e-09  -5.150025522845e+03
1400  7.236221e-05  1.623031e-05  3.595264e-05  1.933586e-09  -5.150025523077e+03
1500  5.321029e-05  1.192310e-05  2.641829e-05  1.366971e-09  -5.150025523240e+03
1600  3.911319e-05  8.758374e-06  1.940968e-05  9.758878e-10  -5.150025523356e+03
1700  2.874364e-05  6.433362e-06  1.425901e-05  7.030394e-10  -5.150025523439e+03
1800  2.111952e-05  4.725397e-06  1.047441e-05  5.074980e-10  -5.150025523499e+03
1900  1.551575e-05  3.470792e-06  7.693920e-06  3.692548e-10  -5.150025523542e+03
2000  1.139789e-05  2.549246e-06  5.651327e-06  2.710294e-10  -5.150025523574e+03
2100  8.372405e-06  1.872361e-06  4.150900e-06  1.964509e-10  -5.150025523597e+03
2200  6.149754e-06  1.375194e-06  3.048782e-06  1.446097e-10  -5.150025523614e+03
2300  4.517026e-06  1.010034e-06  2.239263e-06  1.073204e-10  -5.150025523626e+03
2400  3.317711e-06  7.418324e-07  1.644674e-06  7.730705e-11  -5.150025523635e+03
2500  2.436792e-06  5.448469e-07  1.207958e-06  5.820766e-11  -5.150025523641e+03
2600  1.789757e-06  4.001679e-07  8.872011e-07  4.274625e-11  -5.150025523646e+03
2700  1.314518e-06  2.939066e-07  6.516147e-07  3.001333e-11  -5.150025523650e+03
2800  9.654655e-07  2.158619e-07  4.785845e-07  2.364686e-11  -5.150025523652e+03
2900  7.090967e-07  1.585413e-07  3.515004e-07  1.637090e-11  -5.150025523654e+03
3000  5.208032e-07  1.164417e-07  2.581621e-07  1.182343e-11  -5.150025523656e+03
3100  3.825086e-07  8.552134e-08  1.896090e-07  1.091394e-11  -5.150025523657e+03
3200  2.809364e-07  6.281168e-08  1.392596e-07  6.366463e-12  -5.150025523658e+03
3300  2.063355e-07  4.613240e-08  1.022801e-07  5.456968e-12  -5.150025523658e+03
3400  1.515450e-07  3.388224e-08  7.512025e-08  4.547474e-12  -5.150025523659e+03
3500  1.113033e-07  2.488501e-08  5.517252e-08  3.637979e-12  -5.150025523659e+03
3600  8.174732e-08  1.827694e-08  4.052178e-08  2.728484e-12  -5.150025523659e+03
3700  6.003986e-08  1.342360e-08  2.976146e-08  1.818989e-12  -5.150025523659e+03
3800  4.409616e-08  9.859016e-09  2.185844e-08  9.094947e-13  -5.150025523659e+03
3900  3.238676e-08  7.241014e-09  1.605406e-08  9.094947e-13  -5.150025523659e+03
4000  2.378657e-08  5.318201e-09  1.179099e-08  1.818989e-12  -5.150025523659e+03
4100  1.747028e-08  3.905988e-09  8.659967e-09  0.000000e+00  -5.150025523660e+03
4200  1.283112e-08  2.868771e-09  6.360357e-09  2.728484e-12  -5.150025523660e+03
4300  9.424194e-09  2.107003e-09  4.671425e-09  9.094947e-13  -5.150025523660e+03
4400  6.921363e-09  1.547485e-09  3.430932e-09  1.818989e-12  -5.150025523660e+03
4500  5.083677e-09  1.136572e-09  2.519887e-09  9.094947e-13  -5.150025523660e+03
4600  3.733383e-09  8.347416e-10  1.850716e-09  1.818989e-12  -5.150025523660e+03
4700  2.742350e-09  6.131016e-10  1.359300e-09  9.094947e-13  -5.150025523660e+03
4800  2.014177e-09  4.502982e-10  9.983487e-10  9.094947e-13  -5.150025523660e+03
4900  1.479295e-09  3.307204e-10  7.332372e-10  9.094947e-13  -5.150025523660e+03
5000  1.086305e-09  2.428911e-10  5.385172e-10  2.728484e-12  -5.150025523660e+03
