0  2.858151e+00  2.124236e-01  3.183454e-01  3.326272e+01  5.000000e-03 -4.987093136062e+03
1000  8.734659e-03  2.296151e-03  4.992163e-03  2.370661e+01  5.000000e-03 -4.999985928112e+03
2000  1.400395e-03  3.451614e-04  7.343437e-04  2.370043e+01  5.000000e-03 -4.999986296177e+03
3000  1.964334e-04  4.826477e-05  1.025394e-04  2.370014e+01  5.000000e-03 -4.999986281809e+03
4000  2.730688e-05  6.706781e-06  1.424616e-05  2.370010e+01  5.000000e-03 -4.999986278479e+03
5000  3.791646e-06  9.312067e-07  1.977967e-06  2.370010e+01  5.000000e-03 -4.999986277991e+03
6000  5.263988e-07  1.292795e-07  2.746004e-07  2.370010e+01  5.000000e-03 -4.999986277923e+03
7000  7.307897e-08  1.794761e-08  3.812219e-08  2.370010e+01  5.000000e-03 -4.999986277913e+03
8000  1.014580e-08  2.491648e-09  5.292438e-09  2.370010e+01  5.000000e-03 -4.999986277912e+03
9000  1.408683e-09  3.459178e-10  7.347445e-10  2.370010e+01  5.000000e-03 -4.999986277912e+03
