0  2.858151e+00  2.124236e-01  3.183454e-01  4.987093e+03  -4.987093136062e+03
100  2.097847e-01  2.502046e-01  4.014272e-01  4.040720e-02  -4.997420832792e+03
200  8.975892e-02  1.408570e-01  2.281763e-01  8.433050e-03  -4.999445207793e+03
300  4.555594e-02  7.479057e-02  1.219822e-01  1.774496e-03  -4.999868598937e+03
400  2.845729e-02  3.915410e-02  6.419189e-02  3.834872e-04  -4.999958405275e+03
500  1.931416e-02  2.046098e-02  3.367400e-02  8.922185e-05  -4.999978259209e+03
600  1.385738e-02  1.080575e-02  1.782070e-02  2.478223e-05  -4.999983159355e+03
700  1.118614e-02  5.774652e-03  9.498094e-03  9.285076e-06  -4.999984687910e+03
800  1.094653e-02  3.238446e-03  7.096826e-03  4.675919e-06  -4.999985344260e+03
900  9.967228e-03  2.718796e-03  5.969381e-03  2.787396e-06  -4.999985705230e+03
1000  8.734659e-03  2.296151e-03  4.992163e-03  1.768442e-06  -4.999985928112e+03
1100  7.485688e-03  1.924327e-03  4.156434e-03  1.135993e-06  -4.999986070701e+03
1200  6.327700e-03  1.603967e-03  3.449004e-03  7.238159e-07  -4.999986162051e+03
1300  5.301881e-03  1.331759e-03  2.854748e-03  4.524300e-07  -4.999986219784e+03
1400  4.416533e-03  1.102651e-03  2.358388e-03  2.744982e-07  -4.999986255410e+03
1500  3.664500e-03  9.110901e-04  1.945532e-03  1.590852e-07  -4.999986276610e+03
1600  3.032178e-03  7.516698e-04  1.603200e-03  8.537245e-08  -4.999986288515e+03
1700  2.504081e-03  6.194430e-04  1.320003e-03  3.927289e-08  -4.999986294539e+03
1800  2.065045e-03  5.100397e-04  1.086134e-03  1.128865e-08  -4.999986296933e+03
1900  1.701216e-03  4.196843e-04  8.932558e-04  4.960384e-09  -4.999986297164e+03
2000  1.400395e-03  3.451614e-04  7.343437e-04  1.371609e-08  -4.999986296177e+03
2100  1.152084e-03  2.837599e-04  6.035177e-04  1.779335e-08  -4.999986294569e+03
2200  9.473689e-04  2.332093e-04  4.958788e-04  1.902663e-08  -4.999986292709e+03
2300  7.787515e-04  1.916174e-04  4.073590e-04  1.860553e-08  -4.999986290818e+03
2400  6.399653e-04  1.574126e-04  3.345894e-04  1.729495e-08  -4.999986289018e+03
2500  5.257955e-04  1.292935e-04  2.747852e-04  1.555873e-08  -4.999986287374e+03
2600  4.319164e-04  1.061842e-04  2.256477e-04  1.369153e-08  -4.999986285913e+03
2700  3.547481e-04  8.719649e-05  1.852821e-04  1.186254e-08  -4.999986284636e+03
2800  2.913333e-04  7.159835e-05  1.521275e-04  1.015360e-08  -4.999986283538e+03
2900  2.392321e-04  5.878659e-05  1.248989e-04  8.620191e-09  -4.999986282601e+03
3000  1.964334e-04  4.826477e-05  1.025394e-04  7.265953e-09  -4.999986281809e+03
3100  1.612815e-04  3.962445e-05  8.417976e-05  6.090886e-09  -4.999986281144e+03
3200  1.324133e-04  3.252975e-05  6.910539e-05  5.086804e-09  -4.999986280586e+03
3300  1.087078e-04  2.670457e-05  5.672911e-05  4.236426e-09  -4.999986280122e+03
3400  8.924315e-05  2.192199e-05  4.656843e-05  3.514288e-09  -4.999986279736e+03
3500  7.326173e-05  1.799559e-05  3.822701e-05  2.911293e-09  -4.999986279416e+03
3600  6.014086e-05  1.477220e-05  3.137932e-05  2.406523e-09  -4.999986279151e+03
3700  4.936896e-05  1.212603e-05  2.575800e-05  1.990884e-09  -4.999986278932e+03
3800  4.052582e-05  9.953764e-06  2.114350e-05  1.640728e-09  -4.999986278751e+03
3900  3.326627e-05  8.170569e-06  1.735556e-05  1.352419e-09  -4.999986278602e+03
4000  2.730688e-05  6.706781e-06  1.424616e-05  1.112312e-09  -4.999986278479e+03
4100  2.241487e-05  5.505204e-06  1.169378e-05  9.167707e-10  -4.999986278378e+03
4200  1.839914e-05  4.518878e-06  9.598651e-06  7.530616e-10  -4.999986278295e+03
4300  1.510276e-05  3.709249e-06  7.878875e-06  6.211849e-10  -4.999986278227e+03
4400  1.239690e-05  3.044669e-06  6.467211e-06  5.074980e-10  -4.999986278170e+03
4500  1.017579e-05  2.499154e-06  5.308464e-06  4.201866e-10  -4.999986278124e+03
4600  8.352607e-06  2.051374e-06  4.357325e-06  3.456080e-10  -4.999986278086e+03
4700  6.856061e-06  1.683821e-06  3.576601e-06  2.846718e-10  -4.999986278055e+03
4800  5.627642e-06  1.382123e-06  2.935759e-06  2.310117e-10  -4.999986278029e+03
4900  4.619314e-06  1.134479e-06  2.409739e-06  1.900844e-10  -4.999986278008e+03
5000  3.791646e-06  9.312067e-07  1.977967e-06  1.555236e-10  -4.999986277991e+03
5100  3.112273e-06  7.643553e-07  1.623559e-06  1.300577e-10  -4.999986277977e+03
5200  2.554625e-06  6.273995e-07  1.332652e-06  1.045919e-10  -4.999986277965e+03
5300  2.096893e-06  5.149829e-07  1.093869e-06  8.913048e-11  -4.999986277956e+03
5400  1.721176e-06  4.227088e-07  8.978700e-07  7.185008e-11  -4.999986277948e+03
5500  1.412778e-06  3.469682e-07  7.369900e-07  6.093615e-11  -4.999986277941e+03
5600  1.159638e-06  2.847986e-07  6.049363e-07  5.002221e-11  -4.999986277936e+03
5700  9.518547e-07  2.337684e-07  4.965439e-07  4.001777e-11  -4.999986277932e+03
5800  7.813018e-07  1.918818e-07  4.075732e-07  3.274181e-11  -4.999986277928e+03
5900  6.413076e-07  1.575004e-07  3.345441e-07  2.637535e-11  -4.999986277925e+03
6000  5.263988e-07  1.292795e-07  2.746004e-07  2.182787e-11  -4.999986277923e+03
6100  4.320787e-07  1.061152e-07  2.253974e-07  2.000888e-11  -4.999986277921e+03
6200  3.546583e-07  8.710139e-08  1.850106e-07  1.364242e-11  -4.999986277919e+03
6300  2.911107e-07  7.149454e-08  1.518603e-07  1.273293e-11  -4.999986277918e+03
6400  2.389494e-07  5.868411e-08  1.246499e-07  1.000444e-11  -4.999986277917e+03
6500  1.961344e-07  4.816907e-08  1.023151e-07  6.366463e-12  -4.999986277916e+03
6600  1.609904e-07  3.953808e-08  8.398218e-08  5.456968e-12  -4.999986277915e+03
6700  1.321441e-07  3.245363e-08  6.893421e-08  8.185452e-12  -4.999986277915e+03
6800  1.084672e-07  2.663861e-08  5.658258e-08  6.366463e-12  -4.999986277914e+03
6900  8.903185e-08  2.186548e-08  4.644408e-08  3.637979e-12  -4.999986277914e+03
7000  7.307897e-08  1.794761e-08  3.812219e-08  3.637979e-12  -4.999986277913e+03
7100  5.998496e-08  1.473176e-08  3.129145e-08  2.728484e-12  -4.999986277913e+03
7200  4.923670e-08  1.209211e-08  2.568462e-08  2.728484e-12  -4.999986277913e+03
7300  4.041379e-08  9.925399e-09  2.108240e-08  9.094947e-13  -4.999986277913e+03
7400  3.317300e-08  8.146993e-09  1.730487e-08  2.728484e-12  -4.999986277912e+03
7500  2.722896e-08  6.687205e-09  1.420417e-08  1.818989e-12  -4.999986277912e+03
7600  2.234982e-08  5.488973e-09  1.165904e-08  2.728484e-12  -4.999986277912e+03
7700  1.834513e-08  4.505454e-09  9.569965e-09  0.000000e+00  -4.999986277912e+03
7800  1.505797e-08  3.698161e-09  7.855210e-09  1.818989e-12  -4.999986277912e+03
7900  1.236009e-08  3.035532e-09  6.447720e-09  0.000000e+00  -4.999986277912e+03
8000  1.014580e-08  2.491648e-09  5.292438e-09  9.094947e-13  -4.999986277912e+03
8100  8.327527e-09  2.045171e-09  4.344113e-09  9.094947e-13  -4.999986277912e+03
8200  6.835595e-09  1.678729e-09  3.565746e-09  9.094947e-13  -4.999986277912e+03
8300  5.610369e-09  1.377910e-09  2.926810e-09  0.000000e+00  -4.999986277912e+03
8400  4.605126e-09  1.131015e-09  2.402381e-09  2.728484e-12  -4.999986277912e+03
8500  3.779983e-09  9.283577e-10  1.971917e-09  0.000000e+00  -4.999986277912e+03
8600  3.103126e-09  7.620406e-10  1.618619e-09  0.000000e+00  -4.999986277912e+03
8700  2.546583e-09  6.254667e-10  1.328558e-09  9.094947e-13  -4.999986277912e+03
8800  2.090727e-09  5.134223e-10  1.090534e-09  9.094947e-13  -4.999986277912e+03
8900  1.715891e-09  4.214136e-10  8.951195e-10  9.094947e-13  -4.999986277912e+03
9000  1.408683e-09  3.459178e-10  7.347445e-10  0.000000e+00  -4.999986277912e+03
9100  1.156101e-09  2.839274e-10  6.030840e-10  9.094947e-13  -4.999986277912e+03
