0  7.165290e+00  6.910374e-01  1.074158e+00  5.148311e+03  -5.148310887792e+03
100  7.333949e-03  6.032203e-03  9.443262e-03  5.967529e-06  -5.149716076861e+03
200  3.379510e-03  1.984029e-03  3.536418e-03  1.428667e-06  -5.149716392854e+03
300  3.714605e-03  1.057230e-03  2.219338e-03  3.490277e-07  -5.149716468679e+03
400  3.129767e-03  7.826183e-04  1.651012e-03  7.644576e-08  -5.149716486992e+03
500  2.513963e-03  6.066431e-04  1.272758e-03  6.895789e-09  -5.149716489694e+03
600  1.997401e-03  4.764211e-04  9.944991e-04  3.651803e-08  -5.149716487262e+03
700  1.582706e-03  3.757398e-04  7.822556e-04  4.624962e-08  -5.149716483014e+03
800  1.253219e-03  2.968154e-04  6.186877e-04  4.707181e-08  -5.149716478298e+03
900  9.920824e-04  2.346339e-04  4.893531e-04  4.372760e-08  -5.149716473738e+03
1000  7.852398e-04  1.855385e-04  3.870627e-04  3.863715e-08  -5.149716469614e+03
1100  6.214363e-04  1.467364e-04  3.061507e-04  3.309106e-08  -5.149716466030e+03
1200  4.917373e-04  1.160549e-04  2.421462e-04  2.775323e-08  -5.149716462994e+03
1300  3.890601e-04  9.178918e-05  1.915163e-04  2.294109e-08  -5.149716460467e+03
1400  3.077894e-04  7.259599e-05  1.514675e-04  1.875742e-08  -5.149716458389e+03
1500  2.434732e-04  5.741472e-05  1.197898e-04  1.522039e-08  -5.149716456697e+03
1600  1.925822e-04  4.540698e-05  9.473457e-05  1.228091e-08  -5.149716455328e+03
1700  1.523191e-04  3.590965e-05  7.491815e-05  9.860742e-09  -5.149716454227e+03
1800  1.204678e-04  2.839815e-05  5.924575e-05  7.892595e-09  -5.149716453343e+03
1900  9.527320e-05  2.245746e-05  4.685115e-05  6.300070e-09  -5.149716452637e+03
2000  7.534540e-05  1.775923e-05  3.704910e-05  5.022230e-09  -5.149716452074e+03
2100  5.958431e-05  1.404372e-05  2.929748e-05  3.993591e-09  -5.149716451626e+03
2200  4.711925e-05  1.110542e-05  2.316750e-05  3.171408e-09  -5.149716451270e+03
2300  3.726131e-05  8.781817e-06  1.831999e-05  2.514753e-09  -5.149716450987e+03
2400  2.946540e-05  6.944333e-06  1.448667e-05  1.993612e-09  -5.149716450763e+03
2500  2.330035e-05  5.491288e-06  1.145539e-05  1.580702e-09  -5.149716450585e+03
2600  1.842507e-05  4.342260e-06  9.058368e-06  1.251465e-09  -5.149716450444e+03
2700  1.456978e-05  3.433649e-06  7.162896e-06  9.931682e-10  -5.149716450333e+03
2800  1.152113e-05  2.715155e-06  5.664040e-06  7.876224e-10  -5.149716450244e+03
2900  9.110352e-06  2.147002e-06  4.478816e-06  6.230039e-10  -5.149716450174e+03
3000  7.204005e-06  1.697733e-06  3.541600e-06  4.911271e-10  -5.149716450119e+03
3100  5.696549e-06  1.342474e-06  2.800498e-06  3.892637e-10  -5.149716450075e+03
3200  4.504524e-06  1.061553e-06  2.214474e-06  3.055902e-10  -5.149716450040e+03
3300  3.561929e-06  8.394155e-07  1.751079e-06  2.428351e-10  -5.149716450013e+03
3400  2.816573e-06  6.637615e-07  1.384651e-06  1.946319e-10  -5.149716449991e+03
3500  2.227186e-06  5.248641e-07  1.094902e-06  1.546141e-10  -5.149716449974e+03
3600  1.761130e-06  4.150319e-07  8.657840e-07  1.200533e-10  -5.149716449961e+03
3700  1.392600e-06  3.281829e-07  6.846110e-07  9.367795e-11  -5.149716449950e+03
3800  1.101187e-06  2.595078e-07  5.413500e-07  7.275958e-11  -5.149716449941e+03
3900  8.707545e-07  2.052034e-07  4.280675e-07  5.911716e-11  -5.149716449935e+03
4000  6.885414e-07  1.622627e-07  3.384904e-07  4.820322e-11  -5.149716449929e+03
4100  5.444580e-07  1.283078e-07  2.676581e-07  3.547029e-11  -5.149716449925e+03
4200  4.305247e-07  1.014581e-07  2.116481e-07  3.001333e-11  -5.149716449922e+03
4300  3.404335e-07  8.022707e-08  1.673587e-07  2.182787e-11  -5.149716449919e+03
4400  2.691943e-07  6.343878e-08  1.323373e-07  1.728040e-11  -5.149716449917e+03
4500  2.128633e-07  5.016363e-08  1.046445e-07  1.455192e-11  -5.149716449916e+03
4600  1.683195e-07  3.966640e-08  8.274661e-08  1.000444e-11  -5.149716449914e+03
4700  1.330972e-07  3.136584e-08  6.543110e-08  9.094947e-12  -5.149716449913e+03
4800  1.052449e-07  2.480221e-08  5.173898e-08  9.094947e-12  -5.149716449912e+03
4900  8.322109e-08  1.961209e-08  4.091208e-08  4.547474e-12  -5.149716449912e+03
5000  6.580675e-08  1.550810e-08  3.235086e-08  2.728484e-12  -5.149716449911e+03
5100  5.203601e-08  1.226288e-08  2.558113e-08  5.456968e-12  -5.149716449911e+03
5200  4.114700e-08  9.696751e-09  2.022803e-08  3.637979e-12  -5.149716449911e+03
5300  3.253710e-08  7.667641e-09  1.599515e-08  0.000000e+00  -5.149716449910e+03
5400  2.572774e-08  6.063077e-09  1.264797e-08  9.094947e-13  -5.149716449910e+03
5500  2.034377e-08  4.794306e-09  1.000125e-08  0.000000e+00  -5.149716449910e+03
5600  1.608714e-08  3.791080e-09  7.908420e-09  2.728484e-12  -5.149716449910e+03
5700  1.272100e-08  2.997774e-09  6.253520e-09  2.728484e-12  -5.149716449910e+03
5800  1.005891e-08  2.370455e-09  4.944904e-09  9.094947e-13  -5.149716449910e+03
5900  7.954198e-09  1.874427e-09  3.910148e-09  1.818989e-12  -5.149716449910e+03
6000  6.289530e-09  1.482175e-09  3.091901e-09  2.728484e-12  -5.149716449910e+03
6100  4.973015e-09  1.171995e-09  2.444872e-09  9.094947e-13  -5.149716449910e+03
6200  3.932233e-09  9.267347e-10  1.933247e-09  0.000000e+00  -5.149716449910e+03
6300  3.109909e-09  7.328376e-10  1.528730e-09  0.000000e+00  -5.149716449909e+03
6400  2.458634e-09  5.794555e-10  1.208797e-09  9.094947e-13  -5.149716449909e+03
6500  1.944493e-09  4.582172e-10  9.558639e-10  1.818989e-12  -5.149716449909e+03
6600  1.537804e-09  3.623439e-10  7.558526e-10  0.000000e+00  -5.149716449909e+03
6700  1.215949e-09  2.865172e-10  5.976812e-10  1.818989e-12  -5.149716449909e+03
