0  5.482006e+00  5.060957e-01  7.858770e-01  5.147547e+03  -5.147547421047e+03
100  9.235420e-03  5.258687e-03  7.959949e-03  1.325052e-07  -5.149662566012e+03
200  2.116053e-03  1.536903e-03  2.650386e-03  6.759728e-07  -5.149662646345e+03
300  1.323189e-03  4.230156e-04  8.200607e-04  3.609448e-07  -5.149662695179e+03
400  8.446559e-04  2.011953e-04  3.985258e-04  2.431052e-07  -5.149662724608e+03
500  5.501150e-04  1.147407e-04  2.770000e-04  1.741901e-07  -5.149662745224e+03
600  3.653185e-04  8.284490e-05  1.940883e-04  1.248036e-07  -5.149662760021e+03
700  2.471538e-04  5.948412e-05  1.365569e-04  8.878214e-08  -5.149662770586e+03
800  1.778100e-04  4.245479e-05  9.626995e-05  6.288246e-08  -5.149662778083e+03
900  1.309645e-04  3.019815e-05  6.816605e-05  4.445155e-08  -5.149662783388e+03
1000  9.526007e-05  2.143264e-05  4.877778e-05  3.140485e-08  -5.149662787137e+03
1100  6.868960e-05  1.518832e-05  3.476314e-05  2.218712e-08  -5.149662789785e+03
1200  4.923027e-05  1.075174e-05  2.470593e-05  1.567423e-08  -5.149662791656e+03
1300  3.513321e-05  7.605355e-06  1.752422e-05  1.107037e-08  -5.149662792978e+03
1400  2.499716e-05  5.376858e-06  1.241328e-05  7.823473e-09  -5.149662793912e+03
1500  1.774722e-05  3.799922e-06  8.784612e-06  5.526090e-09  -5.149662794572e+03
1600  1.258068e-05  2.684766e-06  6.212549e-06  3.903551e-09  -5.149662795037e+03
1700  8.908429e-06  1.896524e-06  4.391519e-06  2.757588e-09  -5.149662795367e+03
1800  6.303124e-06  1.339535e-06  3.103257e-06  1.949047e-09  -5.149662795599e+03
1900  4.457222e-06  9.460430e-07  2.192406e-06  1.372428e-09  -5.149662795763e+03
2000  3.150615e-06  6.680985e-07  1.548653e-06  9.722498e-10  -5.149662795879e+03
2100  2.226377e-06  4.717927e-07  1.093801e-06  6.866685e-10  -5.149662795961e+03
2200  1.572929e-06  3.331569e-07  7.724812e-07  4.847607e-10  -5.149662796019e+03
2300  1.111100e-06  2.352542e-07  5.455233e-07  3.410605e-10  -5.149662796060e+03
2400  7.847811e-07  1.661190e-07  3.852314e-07  2.437446e-10  -5.149662796089e+03
2500  5.542545e-07  1.172998e-07  2.720308e-07  1.682565e-10  -5.149662796109e+03
2600  3.914204e-07  8.282697e-08  1.920905e-07  1.173248e-10  -5.149662796123e+03
2700  2.764145e-07  5.848501e-08  1.356401e-07  8.640200e-11  -5.149662796134e+03
2800  1.951928e-07  4.129673e-08  9.577801e-08  5.911716e-11  -5.149662796141e+03
2900  1.378342e-07  2.915989e-08  6.763021e-08  4.183676e-11  -5.149662796146e+03
3000  9.732930e-08  2.058995e-08  4.775443e-08  2.819434e-11  -5.149662796149e+03
3100  6.872685e-08  1.453867e-08  3.371983e-08  1.909939e-11  -5.149662796152e+03
3200  4.852930e-08  1.026581e-08  2.380980e-08  1.364242e-11  -5.149662796154e+03
3300  3.426746e-08  7.248743e-09  1.681226e-08  9.094947e-12  -5.149662796155e+03
3400  2.419665e-08  5.118363e-09  1.187122e-08  8.185452e-12  -5.149662796156e+03
3500  1.708579e-08  3.614109e-09  8.382343e-09  5.456968e-12  -5.149662796157e+03
3600  1.206405e-08  2.551915e-09  5.918776e-09  3.637979e-12  -5.149662796157e+03
3700  8.518620e-09  1.801922e-09  4.179279e-09  9.094947e-13  -5.149662796157e+03
3800  6.015119e-09  1.272347e-09  2.951010e-09  1.818989e-12  -5.149662796158e+03
3900  4.246873e-09  8.983848e-10  2.083683e-09  0.000000e+00  -5.149662796158e+03
4000  2.998617e-09  6.343448e-10  1.471284e-09  9.094947e-13  -5.149662796158e+03
4100  2.117729e-09  4.479349e-10  1.038911e-09  2.728484e-12  -5.149662796158e+03
4200  1.495062e-09  3.162731e-10  7.335559e-10  0.000000e+00  -5.149662796158e+03
4300  1.056097e-09  2.233446e-10  5.180001e-10  0.000000e+00  -5.149662796158e+03
