0  5.803605e+00  1.460337e+00  2.272192e+00  4.996903e+03  -4.996902698125e+03
100  5.431190e-02  7.384148e-02  1.213830e-01  3.831846e-03  -4.999312187183e+03
200  4.004170e-02  4.119934e-02  6.822782e-02  8.185121e-04  -4.999505952053e+03
300  2.373754e-02  2.292685e-02  3.846120e-02  1.751004e-04  -4.999547357701e+03
400  1.376464e-02  1.258576e-02  2.118735e-02  3.682136e-05  -4.999556183206e+03
500  8.027542e-03  6.800033e-03  1.165789e-02  7.031902e-06  -4.999557992752e+03
600  4.750142e-03  3.722083e-03  6.401773e-03  7.776525e-07  -4.999558299997e+03
700  2.862286e-03  2.021783e-03  3.486477e-03  3.746482e-07  -4.999558302448e+03
800  1.758940e-03  1.092146e-03  1.888149e-03  4.615631e-07  -4.999558257274e+03
900  1.102563e-03  5.877321e-04  1.018723e-03  3.624600e-07  -4.999558215747e+03
1000  7.044181e-04  3.154877e-04  5.483508e-04  2.589959e-07  -4.999558184900e+03
1100  4.580131e-04  1.690953e-04  2.948183e-04  1.803819e-07  -4.999558163185e+03
1200  3.024743e-04  9.057692e-05  1.584956e-04  1.249327e-07  -4.999558148115e+03
1300  2.024471e-04  4.853107e-05  8.694144e-05  8.659208e-08  -4.999558137677e+03
1400  1.370233e-04  2.630608e-05  5.894677e-05  6.016762e-08  -4.999558130434e+03
1500  9.359408e-05  1.775207e-05  4.155608e-05  4.192407e-08  -4.999558125394e+03
1600  6.440013e-05  1.255551e-05  2.930259e-05  2.928482e-08  -4.999558121878e+03
1700  4.456976e-05  8.874329e-06  2.066535e-05  2.049910e-08  -4.999558119420e+03
1800  3.098539e-05  6.269359e-06  1.457546e-05  1.437184e-08  -4.999558117698e+03
1900  2.161678e-05  4.427409e-06  1.028084e-05  1.008993e-08  -4.999558116490e+03
2000  1.512133e-05  3.125753e-06  7.251891e-06  7.093149e-09  -4.999558115641e+03
2100  1.059931e-05  2.206316e-06  5.115443e-06  4.988578e-09  -4.999558115044e+03
2200  7.441162e-06  1.557082e-06  3.608446e-06  3.513378e-09  -4.999558114624e+03
2300  5.230164e-06  1.098760e-06  2.545419e-06  2.475645e-09  -4.999558114328e+03
2400  3.679392e-06  7.752727e-07  1.795555e-06  1.743501e-09  -4.999558114120e+03
2500  2.590169e-06  5.469861e-07  1.266595e-06  1.226908e-09  -4.999558113973e+03
2600  1.824313e-06  3.859007e-07  8.934615e-07  8.649295e-10  -4.999558113870e+03
2700  1.285391e-06  2.722437e-07  6.302501e-07  6.066330e-10  -4.999558113797e+03
2800  9.059306e-07  1.920557e-07  4.445791e-07  4.301910e-10  -4.999558113745e+03
2900  6.386276e-07  1.354837e-07  3.136058e-07  3.046807e-10  -4.999558113709e+03
3000  4.502667e-07  9.557396e-08  2.212169e-07  2.128218e-10  -4.999558113684e+03
3100  3.175003e-07  6.741967e-08  1.560457e-07  1.518856e-10  -4.999558113666e+03
3200  2.239022e-07  4.755867e-08  1.100740e-07  1.064109e-10  -4.999558113653e+03
3300  1.579067e-07  3.354821e-08  7.764565e-08  7.548806e-11  -4.999558113644e+03
3400  1.113696e-07  2.366504e-08  5.477084e-08  5.456968e-11  -4.999558113638e+03
3500  7.855032e-08  1.669333e-08  3.863501e-08  3.728928e-11  -4.999558113633e+03
3600  5.540469e-08  1.177548e-08  2.725294e-08  2.637535e-11  -4.999558113630e+03
3700  3.907884e-08  8.306351e-09  1.922398e-08  1.818989e-11  -4.999558113628e+03
3800  2.756461e-08  5.859265e-09  1.356046e-08  1.273293e-11  -4.999558113626e+03
3900  1.944326e-08  4.133100e-09  9.565460e-09  1.000444e-11  -4.999558113625e+03
4000  1.371540e-08  2.915500e-09  6.747455e-09  7.275958e-12  -4.999558113624e+03
4100  9.673899e-09  2.056540e-09  4.759554e-09  5.456968e-12  -4.999558113624e+03
4200  6.823882e-09  1.450675e-09  3.357361e-09  2.728484e-12  -4.999558113623e+03
4300  4.813267e-09  1.023283e-09  2.368238e-09  4.547474e-12  -4.999558113623e+03
4400  3.395218e-09  7.218176e-10  1.670539e-09  1.818989e-12  -4.999558113623e+03
4500  2.394903e-09  5.091623e-10  1.178381e-09  9.094947e-13  -4.999558113623e+03
4600  1.689489e-09  3.591678e-10  8.312335e-10  1.818989e-12  -4.999558113623e+03
4700  1.191854e-09  2.533602e-10  5.863554e-10  9.094947e-13  -4.999558113623e+03
