0  4.379960e+00  3.022797e-01  4.693807e-01  5.111902e+01  5.000000e-03 -4.609889836352e+03
1000  3.243356e-04  6.510402e-04  1.119504e-03  4.066466e+01  5.000000e-03 -4.617928221852e+03
2000  2.777369e-05  7.460579e-06  1.715539e-05  4.066174e+01  5.000000e-03 -4.617928223785e+03
3000  2.925190e-06  7.655328e-07  1.765125e-06  4.066173e+01  5.000000e-03 -4.617928223766e+03
4000  2.997198e-07  7.840438e-08  1.807904e-07  4.066173e+01  5.000000e-03 -4.617928223763e+03
5000  3.069638e-08  8.029874e-09  1.851588e-08  4.066173e+01  5.000000e-03 -4.617928223763e+03
6000  3.143774e-09  8.223887e-10  1.896327e-09  4.066173e+01  5.000000e-03 -4.617928223763e+03
0  1.188621e+00  3.720658e-01  5.791192e-01  3.368250e+01  5.000000e-03 -4.826941979720e+03
1000  4.590419e-04  1.429862e-04  3.131339e-04  3.147234e+01  5.000000e-03 -4.827429880802e+03
2000  5.434782e-05  1.371847e-05  3.078217e-05  3.147153e+01  5.000000e-03 -4.827429874636e+03
3000  5.296564e-06  1.334454e-06  2.993292e-06  3.147152e+01  5.000000e-03 -4.827429873759e+03
4000  5.147728e-07  1.296914e-07  2.909054e-07  3.147152e+01  5.000000e-03 -4.827429873671e+03
5000  5.002759e-08  1.260386e-08  2.827117e-08  3.147152e+01  5.000000e-03 -4.827429873663e+03
6000  4.862011e-09  1.224894e-09  2.747492e-09  3.147152e+01  5.000000e-03 -4.827429873662e+03
