0  1.188621e+00  3.720658e-01  5.791192e-01  4.826942e+03  -4.826941979720e+03
100  3.403489e-02  4.061103e-02  6.483926e-02  1.137788e-03  -4.827357521275e+03
200  1.544913e-02  2.055507e-02  3.336677e-02  2.386259e-04  -4.827414603169e+03
300  6.944842e-03  1.094262e-02  1.796351e-02  5.049674e-05  -4.827426612785e+03
400  3.792935e-03  5.878233e-03  9.716302e-03  1.084701e-05  -4.827429166998e+03
500  2.249189e-03  3.135040e-03  5.199226e-03  2.391947e-06  -4.827429720573e+03
600  1.436355e-03  1.665723e-03  2.767732e-03  5.491811e-07  -4.827429844434e+03
700  1.003133e-03  8.862106e-04  1.475104e-03  1.305179e-07  -4.827429873330e+03
800  7.306173e-04  4.747515e-04  7.905047e-04  2.819434e-08  -4.827429880093e+03
900  5.482660e-04  2.577821e-04  4.267247e-04  5.366019e-10  -4.827429881235e+03
1000  4.590419e-04  1.429862e-04  3.131339e-04  7.493327e-09  -4.827429880802e+03
1100  3.912847e-04  1.092925e-04  2.485997e-04  9.508767e-09  -4.827429879923e+03
1200  3.243133e-04  8.718220e-05  1.973388e-04  9.396899e-09  -4.827429878968e+03
1300  2.643526e-04  6.939988e-05  1.565939e-04  8.498318e-09  -4.827429878069e+03
1400  2.132676e-04  5.516213e-05  1.242145e-04  7.355084e-09  -4.827429877277e+03
1500  1.709395e-04  4.379903e-05  9.849649e-05  6.194568e-09  -4.827429876600e+03
1600  1.364442e-04  3.475087e-05  7.808125e-05  5.132279e-09  -4.827429876035e+03
1700  1.086186e-04  2.755762e-05  6.188376e-05  4.204594e-09  -4.827429875570e+03
1800  8.631739e-05  2.184545e-05  4.903811e-05  3.414243e-09  -4.827429875191e+03
1900  6.851740e-05  1.731296e-05  3.885406e-05  2.753040e-09  -4.827429874884e+03
2000  5.434782e-05  1.371847e-05  3.078217e-05  2.214620e-09  -4.827429874636e+03
2100  4.308765e-05  1.086895e-05  2.438558e-05  1.772605e-09  -4.827429874438e+03
2200  3.414957e-05  8.610595e-06  1.931729e-05  1.416083e-09  -4.827429874279e+03
2300  2.705992e-05  6.821079e-06  1.530185e-05  1.131411e-09  -4.827429874152e+03
2400  2.143916e-05  5.403252e-06  1.212080e-05  9.013092e-10  -4.827429874051e+03
2500  1.698435e-05  4.280012e-06  9.600868e-06  7.175913e-10  -4.827429873971e+03
2600  1.345438e-05  3.390205e-06  7.604738e-06  5.684342e-10  -4.827429873907e+03
2700  1.065763e-05  2.685349e-06  6.023571e-06  4.529284e-10  -4.827429873856e+03
2800  8.442004e-06  2.127018e-06  4.771126e-06  3.601599e-10  -4.827429873816e+03
2900  6.686866e-06  1.684762e-06  3.779077e-06  2.819434e-10  -4.827429873784e+03
3000  5.296564e-06  1.334454e-06  2.993292e-06  2.237357e-10  -4.827429873759e+03
3100  4.195291e-06  1.056981e-06  2.370889e-06  1.755325e-10  -4.827429873738e+03
3200  3.322977e-06  8.372005e-07  1.877901e-06  1.418812e-10  -4.827429873722e+03
3300  2.632031e-06  6.631183e-07  1.487420e-06  1.145963e-10  -4.827429873710e+03
3400  2.084746e-06  5.252328e-07  1.178132e-06  8.913048e-11  -4.827429873700e+03
3500  1.651257e-06  4.160182e-07  9.331553e-07  7.094059e-11  -4.827429873692e+03
3600  1.307903e-06  3.295130e-07  7.391180e-07  5.638867e-11  -4.827429873686e+03
3700  1.035944e-06  2.609951e-07  5.854280e-07  4.456524e-11  -4.827429873681e+03
3800  8.205326e-07  2.067245e-07  4.636956e-07  3.456080e-11  -4.827429873677e+03
3900  6.499136e-07  1.637388e-07  3.672759e-07  2.637535e-11  -4.827429873674e+03
4000  5.147728e-07  1.296914e-07  2.909054e-07  2.091838e-11  -4.827429873671e+03
4100  4.077317e-07  1.027236e-07  2.304151e-07  1.546141e-11  -4.827429873669e+03
4200  3.229494e-07  8.136352e-08  1.825031e-07  1.455192e-11  -4.827429873668e+03
4300  2.557960e-07  6.444496e-08  1.445538e-07  8.185452e-12  -4.827429873666e+03
4400  2.026063e-07  5.104441e-08  1.144956e-07  1.000444e-11  -4.827429873665e+03
4500  1.604768e-07  4.043034e-08  9.068759e-08  6.366463e-12  -4.827429873665e+03
4600  1.271076e-07  3.202334e-08  7.183020e-08  7.275958e-12  -4.827429873664e+03
4700  1.006771e-07  2.536446e-08  5.689396e-08  1.818989e-12  -4.827429873663e+03
4800  7.974238e-08  2.009022e-08  4.506353e-08  2.728484e-12  -4.827429873663e+03
4900  6.316066e-08  1.591269e-08  3.569309e-08  2.728484e-12  -4.827429873663e+03
5000  5.002759e-08  1.260386e-08  2.827117e-08  1.818989e-12  -4.827429873663e+03
5100  3.962518e-08  9.983047e-09  2.239253e-08  1.818989e-12  -4.827429873662e+03
5200  3.138500e-08  7.907159e-09  1.773623e-08  0.000000e+00  -4.827429873662e+03
5300  2.485928e-08  6.262982e-09  1.404822e-08  1.818989e-12  -4.827429873662e+03
5400  1.969002e-08  4.960667e-09  1.112705e-08  9.094947e-13  -4.827429873662e+03
5500  1.559562e-08  3.929149e-09  8.813308e-09  0.000000e+00  -4.827429873662e+03
5600  1.235295e-08  3.112146e-09  6.980707e-09  0.000000e+00  -4.827429873662e+03
5700  9.783622e-09  2.464971e-09  5.529105e-09  9.094947e-13  -4.827429873662e+03
5800  7.749452e-09  1.952423e-09  4.379408e-09  9.094947e-13  -4.827429873662e+03
5900  6.138300e-09  1.546452e-09  3.468775e-09  1.818989e-12  -4.827429873662e+03
6000  4.862011e-09  1.224894e-09  2.747492e-09  2.728484e-12  -4.827429873662e+03
6100  3.850896e-09  9.701839e-10  2.176177e-09  9.094947e-13  -4.827429873662e+03
6200  3.050193e-09  7.684487e-10  1.723670e-09  9.094947e-13  -4.827429873662e+03
6300  2.416353e-09  6.086837e-10  1.365280e-09  2.728484e-12  -4.827429873662e+03
6400  1.913703e-09  4.821040e-10  1.081375e-09  9.094947e-13  -4.827429873662e+03
6500  1.515485e-09  3.818378e-10  8.564958e-10  9.094947e-13  -4.827429873662e+03
6600  1.200415e-09  3.024437e-10  6.784016e-10  9.094947e-13  -4.827429873662e+03
