0  7.276385e+00  1.337498e+00  2.079078e+00  3.700882e+03  -3.700882417050e+03
100  1.579691e-01  1.310886e-01  2.126813e-01  8.201213e-03  -3.718930518558e+03
200  8.559199e-02  6.620692e-02  1.107657e-01  1.655781e-03  -3.719334272500e+03
300  4.918257e-02  3.763745e-02  6.409898e-02  3.640616e-04  -3.719418146892e+03
400  2.943356e-02  2.168744e-02  3.760381e-02  9.349409e-05  -3.719437599295e+03
500  1.820537e-02  1.253679e-02  2.197432e-02  3.050520e-05  -3.719443069730e+03
600  1.160812e-02  7.189004e-03  1.271697e-02  1.298002e-05  -3.719445070556e+03
700  7.613155e-03  4.065895e-03  7.255365e-03  6.784700e-06  -3.719446009641e+03
800  5.121683e-03  2.253140e-03  4.059173e-03  4.018671e-06  -3.719446532370e+03
900  3.523043e-03  1.211721e-03  2.224233e-03  2.555882e-06  -3.719446853427e+03
1000  2.469604e-03  6.340621e-04  1.384559e-03  1.697376e-06  -3.719447062138e+03
1100  1.758497e-03  4.398841e-04  1.038290e-03  1.160647e-06  -3.719447202786e+03
1200  1.268216e-03  3.308670e-04  7.799220e-04  8.108805e-07  -3.719447299993e+03
1300  9.240287e-04  2.491436e-04  5.867019e-04  5.760089e-07  -3.719447368467e+03
1400  6.787362e-04  1.877822e-04  4.418827e-04  4.145909e-07  -3.719447417427e+03
1500  5.017532e-04  1.416417e-04  3.331297e-04  3.015434e-07  -3.719447452850e+03
1600  3.727786e-04  1.069029e-04  2.513299e-04  2.211705e-07  -3.719447478723e+03
1700  2.780391e-04  8.072184e-05  1.897243e-04  1.632907e-07  -3.719447497761e+03
1800  2.080077e-04  6.097428e-05  1.432812e-04  1.211943e-07  -3.719447511855e+03
1900  1.559830e-04  4.606999e-05  1.082419e-04  9.031373e-08  -3.719447522336e+03
2000  1.171847e-04  3.481573e-05  8.179086e-05  6.752271e-08  -3.719447530160e+03
2100  8.816205e-05  2.631453e-05  6.181439e-05  5.060747e-08  -3.719447536016e+03
2200  6.640049e-05  1.989120e-05  4.672281e-05  3.800142e-08  -3.719447540410e+03
2300  5.005326e-05  1.508381e-05  3.531889e-05  2.857541e-08  -3.719447543711e+03
2400  3.775560e-05  1.159127e-05  2.670007e-05  2.151273e-08  -3.719447546196e+03
2500  2.849401e-05  8.874840e-06  2.018534e-05  1.621493e-08  -3.719447548067e+03
2600  2.151289e-05  6.775966e-06  1.526061e-05  1.222816e-08  -3.719447549478e+03
2700  1.624718e-05  5.162280e-06  1.153759e-05  9.227278e-09  -3.719447550542e+03
2800  1.227329e-05  3.926296e-06  8.722938e-06  6.964456e-09  -3.719447551345e+03
2900  9.273076e-06  2.982340e-06  6.594960e-06  5.256879e-09  -3.719447551951e+03
3000  7.007267e-06  2.263020e-06  4.986108e-06  3.973128e-09  -3.719447552409e+03
3100  5.295672e-06  1.715825e-06  3.769730e-06  2.999514e-09  -3.719447552755e+03
3200  4.002490e-06  1.300127e-06  2.850081e-06  2.262368e-09  -3.719447553016e+03
3300  3.025295e-06  9.846561e-07  2.154775e-06  1.712124e-09  -3.719447553213e+03
3400  2.286788e-06  7.454447e-07  1.629087e-06  1.294211e-09  -3.719447553362e+03
3500  1.728625e-06  5.641748e-07  1.231641e-06  9.804353e-10  -3.719447553475e+03
3600  1.306737e-06  4.268814e-07  9.311546e-07  7.403287e-10  -3.719447553560e+03
3700  9.878360e-07  3.229375e-07  7.039744e-07  5.643415e-10  -3.719447553624e+03
3800  7.467738e-07  2.442667e-07  5.322183e-07  4.174581e-10  -3.719447553673e+03
3900  5.645423e-07  1.847391e-07  4.023651e-07  3.142304e-10  -3.719447553710e+03
4000  4.267851e-07  1.397051e-07  3.041929e-07  2.360139e-10  -3.719447553738e+03
4100  3.226455e-07  1.056412e-07  2.299726e-07  1.778062e-10  -3.719447553759e+03
4200  2.439159e-07  7.987854e-08  1.738605e-07  1.364242e-10  -3.719447553775e+03
4300  1.843990e-07  6.039567e-08  1.314392e-07  1.064109e-10  -3.719447553787e+03
4400  1.394041e-07  4.566319e-08  9.936808e-08  8.276402e-11  -3.719447553796e+03
4500  1.053899e-07  3.452329e-08  7.512222e-08  5.911716e-11  -3.719447553802e+03
4600  7.967375e-08  2.610062e-08  5.679212e-08  4.274625e-11  -3.719447553808e+03
4700  6.023239e-08  1.973251e-08  4.293453e-08  3.092282e-11  -3.719447553812e+03
4800  4.553627e-08  1.491774e-08  3.245829e-08  2.728484e-11  -3.719447553815e+03
4900  3.442557e-08  1.127772e-08  2.453825e-08  2.228262e-11  -3.719447553817e+03
5000  2.602466e-08  8.525898e-09  1.855063e-08  1.045919e-11  -3.719447553818e+03
5100  1.967436e-08  6.445448e-09  1.402409e-08  9.549694e-12  -3.719447553820e+03
5200  1.487415e-08  4.872543e-09  1.060209e-08  9.094947e-12  -3.719447553821e+03
5300  1.124419e-08  3.683613e-09  8.015012e-09  7.275958e-12  -3.719447553821e+03
5400  8.499910e-09  2.784771e-09  6.059209e-09  7.275958e-12  -3.719447553822e+03
5500  6.426639e-09  2.105138e-09  4.580741e-09  3.637979e-12  -3.719447553822e+03
5600  4.858371e-09  1.591440e-09  3.462971e-09  9.094947e-13  -3.719447553823e+03
5700  3.673145e-09  1.203069e-09  2.617970e-09  9.094947e-13  -3.719447553823e+03
5800  2.775292e-09  9.096275e-10  1.979036e-09  2.273737e-12  -3.719447553823e+03
5900  2.098855e-09  6.875684e-10  1.496183e-09  4.547474e-13  -3.719447553823e+03
6000  1.586201e-09  5.198431e-10  1.131042e-09  9.094947e-13  -3.719447553823e+03
6100  1.200716e-09  3.928435e-10  8.551629e-10  2.273737e-12  -3.719447553823e+03
