0  1.250826e+01  1.029800e+00  1.603606e+00  5.491232e+03  -5.491231504695e+03
100  1.404774e-01  1.422384e-01  2.669715e-01  2.950139e-03  -5.498982425200e+03
200  1.155890e-01  5.490968e-02  1.015989e-01  6.371997e-04  -5.499123120026e+03
300  8.003606e-02  2.479477e-02  4.733474e-02  2.135900e-04  -5.499160977924e+03
400  4.988714e-02  1.199423e-02  2.317229e-02  8.134610e-05  -5.499174536677e+03
500  3.065618e-02  5.988519e-03  1.273486e-02  3.218244e-05  -5.499179806443e+03
600  1.893753e-02  3.045713e-03  8.107020e-03  1.278210e-05  -5.499181899096e+03
700  1.180994e-02  1.828498e-03  5.194186e-03  4.977499e-06  -5.499182724909e+03
800  7.435225e-03  1.201891e-03  3.343935e-03  1.842028e-06  -5.499183040639e+03
900  4.719855e-03  7.882964e-04  2.160819e-03  6.069358e-07  -5.499183152832e+03
1000  3.016509e-03  5.163413e-04  1.400339e-03  1.422886e-07  -5.499183186187e+03
1100  1.938269e-03  3.379384e-04  9.095095e-04  1.589979e-08  -5.499183190916e+03
1200  1.250655e-03  2.210699e-04  5.917052e-04  5.714446e-08  -5.499183186690e+03
1300  8.095655e-04  1.445756e-04  3.854299e-04  5.746369e-08  -5.499183180784e+03
1400  5.253201e-04  9.453297e-05  2.512975e-04  4.622689e-08  -5.499183175569e+03
1500  3.415033e-04  6.180502e-05  1.639564e-04  3.395508e-08  -5.499183171577e+03
1600  2.223138e-04  4.040494e-05  1.070257e-04  2.380784e-08  -5.499183168716e+03
1700  1.448734e-04  2.641353e-05  6.988898e-05  1.626540e-08  -5.499183166736e+03
1800  9.448178e-05  1.726659e-05  4.565069e-05  1.093304e-08  -5.499183165395e+03
1900  6.165379e-05  1.128702e-05  2.982444e-05  7.277777e-09  -5.499183164498e+03
2000  4.024946e-05  7.378145e-06  1.948769e-05  4.815774e-09  -5.499183163903e+03
2100  2.628458e-05  4.822940e-06  1.273487e-05  3.170499e-09  -5.499183163510e+03
2200  1.716909e-05  3.152641e-06  8.322662e-06  2.086381e-09  -5.499183163251e+03
2300  1.121688e-05  2.060800e-06  5.439445e-06  1.367880e-09  -5.499183163082e+03
2400  7.329185e-06  1.347088e-06  3.555205e-06  8.958523e-10  -5.499183162970e+03
2500  4.789424e-06  8.805537e-07  2.323742e-06  5.875336e-10  -5.499183162897e+03
2600  3.129994e-06  5.755925e-07  1.518870e-06  3.828973e-10  -5.499183162850e+03
2700  2.045636e-06  3.762479e-07  9.927963e-07  2.510205e-10  -5.499183162818e+03
2800  1.336999e-06  2.459420e-07  6.489402e-07  1.646185e-10  -5.499183162798e+03
2900  8.738730e-07  1.607650e-07  4.241827e-07  1.082299e-10  -5.499183162785e+03
3000  5.711835e-07  1.050872e-07  2.772707e-07  7.003109e-11  -5.499183162776e+03
3100  3.733448e-07  6.869233e-08  1.812411e-07  4.638423e-11  -5.499183162770e+03
3200  2.440352e-07  4.490214e-08  1.184708e-07  3.001333e-11  -5.499183162767e+03
3300  1.595124e-07  2.935111e-08  7.744015e-08  1.818989e-11  -5.499183162764e+03
3400  1.042676e-07  1.918600e-08  5.062014e-08  1.182343e-11  -5.499183162762e+03
3500  6.815509e-08  1.254129e-08  3.308869e-08  7.275958e-12  -5.499183162761e+03
3600  4.454910e-08  8.197801e-09  2.162892e-08  3.637979e-12  -5.499183162761e+03
3700  2.912127e-08  5.358707e-09  1.413822e-08  3.637979e-12  -5.499183162760e+03
3800  1.903501e-08  3.502798e-09  9.241673e-09  3.637979e-12  -5.499183162760e+03
3900  1.244393e-08  2.289737e-09  6.041092e-09  3.637979e-12  -5.499183162760e+03
4000  8.133613e-09  1.496704e-09  3.948833e-09  9.094947e-13  -5.499183162760e+03
4100  5.315694e-09  9.783044e-10  2.581161e-09  1.818989e-12  -5.499183162760e+03
4200  3.474755e-09  6.394895e-10  1.687228e-09  9.094947e-13  -5.499183162760e+03
4300  2.271737e-09  4.180333e-10  1.102918e-09  1.818989e-12  -5.499183162760e+03
4400  1.485101e-09  2.732625e-10  7.209539e-10  2.728484e-12  -5.499183162760e+03
