0  6.146980e+00  5.915359e-01  9.118804e-01  3.297370e+01  5.000000e-03 -4.826182292547e+03
1000  6.291797e-03  1.312346e-03  2.656034e-03  3.129006e+01  5.000000e-03 -4.827230488559e+03
2000  1.207074e-03  2.452343e-04  4.966113e-04  3.128862e+01  5.000000e-03 -4.827230397026e+03
3000  2.173925e-04  4.406098e-05  8.933802e-05  3.128849e+01  5.000000e-03 -4.827230365171e+03
4000  3.887922e-05  7.876795e-06  1.597437e-05  3.128847e+01  5.000000e-03 -4.827230358968e+03
5000  6.945004e-06  1.406931e-06  2.853405e-06  3.128847e+01  5.000000e-03 -4.827230357843e+03
6000  1.240325e-06  2.512639e-07  5.095931e-07  3.128847e+01  5.000000e-03 -4.827230357642e+03
7000  2.215039e-07  4.487200e-08  9.100588e-08  3.128847e+01  5.000000e-03 -4.827230357606e+03
8000  3.955679e-08  8.013417e-09  1.625220e-08  3.128847e+01  5.000000e-03 -4.827230357599e+03
9000  7.064166e-09  1.431065e-09  2.902380e-09  3.128847e+01  5.000000e-03 -4.827230357598e+03
10000  1.261474e-09  2.555640e-10  5.183143e-10  3.128847e+01  5.000000e-03 -4.827230357598e+03
