0  6.146980e+00  5.915359e-01  9.118804e-01  4.826182e+03  -4.826182292547e+03
100  3.003856e-02  2.920330e-02  4.742476e-02  1.154467e-03  -4.827156721690e+03
200  1.862351e-02  1.777049e-02  2.943919e-02  2.423191e-04  -4.827214636037e+03
300  1.237740e-02  1.083832e-02  1.809891e-02  5.205138e-05  -4.827226876750e+03
400  9.943838e-03  6.386623e-03  1.070077e-02  1.190730e-05  -4.827229557857e+03
500  1.063559e-02  3.654845e-03  6.124499e-03  3.142814e-06  -4.827230201389e+03
600  1.025556e-02  2.400548e-03  4.981177e-03  1.037882e-06  -4.827230386678e+03
700  9.386863e-03  2.083244e-03  4.276666e-03  4.128469e-07  -4.827230453530e+03
800  8.343255e-03  1.794928e-03  3.659773e-03  1.609787e-07  -4.827230480531e+03
900  7.285752e-03  1.537990e-03  3.121982e-03  3.150672e-08  -4.827230489459e+03
1000  6.291797e-03  1.312346e-03  2.656034e-03  4.200774e-08  -4.827230488559e+03
1100  5.394086e-03  1.116313e-03  2.254683e-03  8.332518e-08  -4.827230482063e+03
1200  4.601941e-03  9.473438e-04  1.910664e-03  1.043290e-07  -4.827230472535e+03
1300  3.912943e-03  8.025369e-04  1.617372e-03  1.122971e-07  -4.827230461614e+03
1400  3.319214e-03  6.789588e-04  1.370085e-03  1.120488e-07  -4.827230450344e+03
1500  2.810756e-03  5.738247e-04  1.159074e-03  1.068611e-07  -4.827230439370e+03
1600  2.377182e-03  4.845886e-04  9.795734e-04  9.891028e-08  -4.827230429069e+03
1700  2.008580e-03  4.089783e-04  8.272280e-04  8.965617e-08  -4.827230419639e+03
1800  1.695898e-03  3.449984e-04  6.981517e-04  8.003099e-08  -4.827230411159e+03
1900  1.431080e-03  2.909152e-04  5.889334e-04  7.061681e-08  -4.827230403635e+03
2000  1.207074e-03  2.452343e-04  4.966113e-04  6.175560e-08  -4.827230397026e+03
2100  1.017768e-03  2.066747e-04  4.186329e-04  5.363017e-08  -4.827230391268e+03
2200  8.579022e-04  1.741425e-04  3.528107e-04  4.631420e-08  -4.827230386281e+03
2300  7.229775e-04  1.467066e-04  2.972773e-04  3.981677e-08  -4.827230381984e+03
2400  6.091552e-04  1.235762e-04  2.504431e-04  3.410696e-08  -4.827230378297e+03
2500  5.131710e-04  1.040807e-04  2.109583e-04  2.913112e-08  -4.827230375144e+03
2600  4.322541e-04  8.765263e-05  1.776783e-04  2.481738e-08  -4.827230372454e+03
2700  3.640563e-04  7.381174e-05  1.496342e-04  2.110482e-08  -4.827230370164e+03
2800  3.065904e-04  6.215234e-05  1.260066e-04  1.791250e-08  -4.827230368219e+03
2900  2.581757e-04  5.233181e-05  1.061028e-04  1.518401e-08  -4.827230366569e+03
3000  2.173925e-04  4.406098e-05  8.933802e-05  1.285571e-08  -4.827230365171e+03
3100  1.830419e-04  3.709590e-05  7.521871e-05  1.087483e-08  -4.827230363988e+03
3200  1.541123e-04  3.123084e-05  6.332842e-05  9.193172e-09  -4.827230362988e+03
3300  1.297501e-04  2.629237e-05  5.331597e-05  7.767085e-09  -4.827230362143e+03
3400  1.092356e-04  2.213431e-05  4.488530e-05  6.552909e-09  -4.827230361429e+03
3500  9.196220e-05  1.863348e-05  3.778688e-05  5.532456e-09  -4.827230360827e+03
3600  7.741852e-05  1.568610e-05  3.181043e-05  4.666617e-09  -4.827230360319e+03
3700  6.517368e-05  1.320475e-05  2.677879e-05  3.933565e-09  -4.827230359890e+03
3800  5.486467e-05  1.111580e-05  2.254274e-05  3.317837e-09  -4.827230359529e+03
3900  4.618570e-05  9.357220e-06  1.897655e-05  2.791239e-09  -4.827230359224e+03
4000  3.887922e-05  7.876795e-06  1.597437e-05  2.355591e-09  -4.827230358968e+03
4100  3.272830e-05  6.630547e-06  1.344704e-05  1.983608e-09  -4.827230358751e+03
4200  2.755027e-05  5.581445e-06  1.131948e-05  1.672561e-09  -4.827230358569e+03
4300  2.319132e-05  4.698313e-06  9.528492e-06  1.406079e-09  -4.827230358416e+03
4400  1.952193e-05  3.954900e-06  8.020835e-06  1.186891e-09  -4.827230358286e+03
4500  1.643304e-05  3.329105e-06  6.751701e-06  9.958967e-10  -4.827230358178e+03
4600  1.383284e-05  2.802324e-06  5.683363e-06  8.412826e-10  -4.827230358086e+03
4700  1.164403e-05  2.358893e-06  4.784057e-06  7.057679e-10  -4.827230358009e+03
4800  9.801532e-06  1.985624e-06  4.027042e-06  5.948095e-10  -4.827230357944e+03
4900  8.250565e-06  1.671419e-06  3.389808e-06  5.002221e-10  -4.827230357889e+03
5000  6.945004e-06  1.406931e-06  2.853405e-06  4.247340e-10  -4.827230357843e+03
5100  5.846025e-06  1.184295e-06  2.401878e-06  3.547029e-10  -4.827230357804e+03
5200  4.920942e-06  9.968884e-07  2.021800e-06  3.001333e-10  -4.827230357772e+03
5300  4.142239e-06  8.391368e-07  1.701864e-06  2.528395e-10  -4.827230357744e+03
5400  3.486758e-06  7.063480e-07  1.432554e-06  2.128218e-10  -4.827230357721e+03
5500  2.935000e-06  5.945720e-07  1.205860e-06  1.791705e-10  -4.827230357702e+03
5600  2.470552e-06  5.004836e-07  1.015039e-06  1.509761e-10  -4.827230357685e+03
5700  2.079599e-06  4.212842e-07  8.544136e-07  1.255103e-10  -4.827230357671e+03
5800  1.750512e-06  3.546176e-07  7.192062e-07  1.064109e-10  -4.827230357660e+03
5900  1.473501e-06  2.985006e-07  6.053947e-07  8.822099e-11  -4.827230357650e+03
6000  1.240325e-06  2.512639e-07  5.095931e-07  7.639755e-11  -4.827230357642e+03
6100  1.044048e-06  2.115022e-07  4.289518e-07  6.457412e-11  -4.827230357635e+03
6200  8.788307e-07  1.780326e-07  3.610715e-07  5.366019e-11  -4.827230357629e+03
6300  7.397590e-07  1.498595e-07  3.039331e-07  4.638423e-11  -4.827230357624e+03
6400  6.226939e-07  1.261446e-07  2.558365e-07  3.819878e-11  -4.827230357620e+03
6500  5.241550e-07  1.061826e-07  2.153512e-07  3.092282e-11  -4.827230357616e+03
6600  4.412085e-07  8.937948e-08  1.812724e-07  2.637535e-11  -4.827230357614e+03
6700  3.713880e-07  7.523538e-08  1.525865e-07  2.091838e-11  -4.827230357611e+03
6800  3.126176e-07  6.332962e-08  1.284401e-07  1.728040e-11  -4.827230357609e+03
6900  2.631461e-07  5.330783e-08  1.081148e-07  1.546141e-11  -4.827230357607e+03
7000  2.215039e-07  4.487200e-08  9.100588e-08  1.364242e-11  -4.827230357606e+03
7100  1.864515e-07  3.777112e-08  7.660442e-08  9.094947e-12  -4.827230357605e+03
7200  1.569461e-07  3.179393e-08  6.448196e-08  1.000444e-11  -4.827230357603e+03
7300  1.321095e-07  2.676260e-08  5.427782e-08  8.185452e-12  -4.827230357603e+03
7400  1.112032e-07  2.252747e-08  4.568846e-08  7.275958e-12  -4.827230357602e+03
7500  9.360627e-08  1.896259e-08  3.845843e-08  6.366463e-12  -4.827230357601e+03
7600  7.879287e-08  1.596178e-08  3.237244e-08  5.456968e-12  -4.827230357601e+03
7700  6.632439e-08  1.343588e-08  2.724960e-08  2.728484e-12  -4.827230357600e+03
7800  5.582850e-08  1.130967e-08  2.293740e-08  4.547474e-12  -4.827230357600e+03
7900  4.699375e-08  9.519942e-09  1.930761e-08  2.728484e-12  -4.827230357600e+03
8000  3.955679e-08  8.013417e-09  1.625220e-08  0.000000e+00  -4.827230357599e+03
8100  3.329707e-08  6.745315e-09  1.368033e-08  0.000000e+00  -4.827230357599e+03
8200  2.802811e-08  5.677896e-09  1.151547e-08  1.818989e-12  -4.827230357599e+03
8300  2.359308e-08  4.779399e-09  9.693196e-09  1.818989e-12  -4.827230357599e+03
8400  1.985892e-08  4.023036e-09  8.159218e-09  1.818989e-12  -4.827230357599e+03
8500  1.671643e-08  3.386409e-09  6.868055e-09  0.000000e+00  -4.827230357599e+03
8600  1.407114e-08  2.850521e-09  5.781205e-09  1.818989e-12  -4.827230357598e+03
8700  1.184405e-08  2.399411e-09  4.866310e-09  0.000000e+00  -4.827230357598e+03
8800  9.970406e-09  2.019746e-09  4.096283e-09  0.000000e+00  -4.827230357598e+03
8900  8.391969e-09  1.700090e-09  3.448003e-09  0.000000e+00  -4.827230357598e+03
9000  7.064166e-09  1.431065e-09  2.902380e-09  0.000000e+00  -4.827230357598e+03
9100  5.946201e-09  1.204598e-09  2.443078e-09  9.094947e-13  -4.827230357598e+03
9200  5.005122e-09  1.013969e-09  2.056459e-09  1.818989e-12  -4.827230357598e+03
9300  4.213354e-09  8.535235e-10  1.731049e-09  0.000000e+00  -4.827230357598e+03
9400  3.546792e-09  7.184668e-10  1.457132e-09  9.094947e-13  -4.827230357598e+03
9500  2.985567e-09  6.047743e-10  1.226549e-09  1.818989e-12  -4.827230357598e+03
9600  2.512773e-09  5.090533e-10  1.032424e-09  9.094947e-13  -4.827230357598e+03
9700  2.115181e-09  4.284985e-10  8.690484e-10  9.094947e-13  -4.827230357598e+03
9800  1.780529e-09  3.606925e-10  7.315282e-10  9.094947e-13  -4.827230357598e+03
9900  1.498468e-09  3.035971e-10  6.157401e-10  1.818989e-12  -4.827230357598e+03
10000  1.261474e-09  2.555640e-10  5.183143e-10  0.000000e+00  -4.827230357598e+03
10100  1.061686e-09  2.151125e-10  4.362799e-10  2.728484e-12  -4.827230357598e+03
