0  1.388613e+01  8.618262e-01  1.329321e+00  4.605057e+03  -4.605057322531e+03
100  5.622775e-02  1.322508e-01  2.382082e-01  2.481980e-03  -4.613856176890e+03
200  9.335369e-02  3.546601e-02  7.925703e-02  4.956697e-04  -4.613976044149e+03
300  6.567025e-02  1.514525e-02  2.824350e-02  1.084532e-04  -4.614001452323e+03
400  4.181725e-02  9.552109e-03  1.790620e-02  1.512162e-05  -4.614006546575e+03
500  2.625588e-02  5.900251e-03  1.110479e-02  7.787743e-06  -4.614006627225e+03
600  1.656018e-02  3.622677e-03  6.785543e-03  1.158366e-05  -4.614005580297e+03
700  1.053669e-02  2.217469e-03  4.251906e-03  1.021471e-05  -4.614004472485e+03
800  6.764326e-03  1.343149e-03  2.787408e-03  7.831401e-06  -4.614003570272e+03
900  4.377200e-03  8.078580e-04  1.838717e-03  5.651624e-06  -4.614002900798e+03
1000  2.851530e-03  4.860954e-04  1.218751e-03  3.952546e-06  -4.614002425580e+03
1100  1.867900e-03  3.256583e-04  8.107794e-04  2.715559e-06  -4.614002096285e+03
1200  1.229069e-03  2.183611e-04  5.408563e-04  1.846183e-06  -4.614001871270e+03
1300  8.116617e-04  1.465167e-04  3.615316e-04  1.247221e-06  -4.614001718790e+03
1400  5.375883e-04  9.836230e-05  2.420268e-04  8.393899e-07  -4.614001615981e+03
1500  3.569110e-04  6.606043e-05  1.622031e-04  5.636593e-07  -4.614001546870e+03
1600  2.374181e-04  4.437911e-05  1.087937e-04  3.780297e-07  -4.614001500491e+03
1700  1.581826e-04  2.981976e-05  7.301336e-05  2.533743e-07  -4.614001469396e+03
1800  1.055294e-04  2.003970e-05  4.902128e-05  1.697817e-07  -4.614001448558e+03
1900  7.047907e-05  1.346851e-05  3.292301e-05  1.137660e-07  -4.614001434595e+03
2000  4.711302e-05  9.052633e-06  2.211616e-05  7.623839e-08  -4.614001425238e+03
2100  3.151754e-05  6.084803e-06  1.485894e-05  5.109814e-08  -4.614001418968e+03
2200  2.109805e-05  4.090037e-06  9.984229e-06  3.425703e-08  -4.614001414764e+03
2300  1.413087e-05  2.749234e-06  6.709271e-06  2.297293e-08  -4.614001411946e+03
2400  9.468835e-06  1.847978e-06  4.508790e-06  1.540775e-08  -4.614001410056e+03
2500  6.347406e-06  1.242167e-06  3.030129e-06  1.033459e-08  -4.614001408788e+03
2600  4.256411e-06  8.349488e-07  2.036448e-06  6.934897e-09  -4.614001407937e+03
2700  2.855077e-06  5.612233e-07  1.368652e-06  4.656613e-09  -4.614001407366e+03
2800  1.915586e-06  3.772307e-07  9.198507e-07  3.126843e-09  -4.614001406983e+03
2900  1.285524e-06  2.535559e-07  6.182222e-07  2.099114e-09  -4.614001406726e+03
3000  8.628605e-07  1.704260e-07  4.155021e-07  1.408807e-09  -4.614001406553e+03
3100  5.792587e-07  1.145496e-07  2.792561e-07  9.449650e-10  -4.614001406437e+03
3200  3.889252e-07  7.699230e-08  1.876861e-07  6.330083e-10  -4.614001406360e+03
3300  2.611640e-07  5.174842e-08  1.261424e-07  4.274625e-10  -4.614001406307e+03
3400  1.753910e-07  3.478110e-08  8.477925e-08  2.874003e-10  -4.614001406272e+03
3500  1.177994e-07  2.337689e-08  5.697935e-08  1.919034e-10  -4.614001406249e+03
3600  7.912456e-08  1.571181e-08  3.829518e-08  1.282388e-10  -4.614001406233e+03
3700  5.315122e-08  1.056000e-08  2.573773e-08  8.731149e-11  -4.614001406222e+03
3800  3.570623e-08  7.097411e-09  1.729801e-08  5.638867e-11  -4.614001406215e+03
3900  2.398810e-08  4.770160e-09  1.162574e-08  3.728928e-11  -4.614001406210e+03
4000  1.611677e-08  3.206026e-09  7.813507e-09  2.728484e-11  -4.614001406207e+03
4100  1.082801e-08  2.154721e-09  5.251287e-09  1.637090e-11  -4.614001406205e+03
4200  7.275254e-09  1.448162e-09  3.529288e-09  1.182343e-11  -4.614001406203e+03
4300  4.888396e-09  9.732919e-10  2.371966e-09  8.185452e-12  -4.614001406202e+03
4400  3.284792e-09  6.541401e-10  1.594157e-09  3.637979e-12  -4.614001406202e+03
4500  2.207434e-09  4.396498e-10  1.071418e-09  2.728484e-12  -4.614001406201e+03
4600  1.482583e-09  2.954376e-10  7.200140e-10  3.637979e-12  -4.614001406201e+03
4700  9.968077e-10  1.985907e-10  4.839529e-10  1.818989e-12  -4.614001406201e+03
