0  1.286270e+01  8.867412e-01  1.347830e+00  4.811972e+03  -4.811972239163e+03
100  2.496184e-02  5.144733e-02  8.634868e-02  1.041507e-03  -4.820746517438e+03
200  2.836874e-02  3.320240e-02  5.589424e-02  2.602929e-04  -4.820803917935e+03
300  1.996633e-02  1.927527e-02  3.262802e-02  5.198741e-05  -4.820817043050e+03
400  1.256103e-02  1.092887e-02  1.857519e-02  3.226671e-06  -4.820819187231e+03
500  7.736293e-03  6.502191e-03  1.130582e-02  6.175645e-06  -4.820818891428e+03
600  4.756279e-03  3.947494e-03  6.879249e-03  6.310955e-06  -4.820818236221e+03
700  2.933727e-03  2.375746e-03  4.147904e-03  4.729950e-06  -4.820817682011e+03
800  1.817575e-03  1.421552e-03  2.485817e-03  3.227945e-06  -4.820817287811e+03
900  1.131052e-03  8.472473e-04  1.483523e-03  2.120776e-06  -4.820817024256e+03
1000  7.067122e-04  5.035825e-04  8.827918e-04  1.369783e-06  -4.820816852670e+03
1100  4.431969e-04  2.987486e-04  5.242573e-04  8.778716e-07  -4.820816742305e+03
1200  2.788571e-04  1.769993e-04  3.109035e-04  5.607799e-07  -4.820816671700e+03
1300  1.759772e-04  1.047740e-04  1.848638e-04  3.578798e-07  -4.820816626624e+03
1400  1.113529e-04  6.198553e-05  1.102407e-04  2.284487e-07  -4.820816597856e+03
1500  7.063457e-05  3.665975e-05  6.572039e-05  1.459521e-07  -4.820816579486e+03
1600  4.490757e-05  2.177763e-05  3.917826e-05  9.335781e-08  -4.820816567743e+03
1700  2.861117e-05  1.297128e-05  2.336028e-05  5.979382e-08  -4.820816560228e+03
1800  1.826425e-05  7.728816e-06  1.393436e-05  3.834884e-08  -4.820816555411e+03
1900  1.168048e-05  4.607599e-06  8.316703e-06  2.462912e-08  -4.820816552320e+03
2000  7.482735e-06  2.748755e-06  4.967569e-06  1.583885e-08  -4.820816550333e+03
2100  4.801225e-06  1.641201e-06  2.969843e-06  1.019725e-08  -4.820816549055e+03
2200  3.085250e-06  9.808743e-07  1.777400e-06  6.574737e-09  -4.820816548231e+03
2300  1.985326e-06  5.868823e-07  1.065031e-06  4.240974e-09  -4.820816547700e+03
2400  1.279192e-06  3.515878e-07  6.390366e-07  2.743946e-09  -4.820816547357e+03
2500  8.252062e-07  2.109209e-07  3.840043e-07  1.772605e-09  -4.820816547136e+03
2600  5.329356e-07  1.267260e-07  2.311277e-07  1.147782e-09  -4.820816546992e+03
2700  3.445381e-07  7.626577e-08  1.393578e-07  7.439667e-10  -4.820816546899e+03
2800  2.229546e-07  4.597976e-08  9.104583e-08  4.811227e-10  -4.820816546839e+03
2900  1.444044e-07  2.777358e-08  5.962572e-08  3.137757e-10  -4.820816546800e+03
3000  9.360426e-08  1.681034e-08  3.904119e-08  2.037268e-10  -4.820816546775e+03
3100  6.072106e-08  1.019657e-08  2.555861e-08  1.300577e-10  -4.820816546758e+03
3200  3.941677e-08  6.474415e-09  1.672950e-08  8.458301e-11  -4.820816546748e+03
3300  2.560325e-08  4.238911e-09  1.094880e-08  5.456968e-11  -4.820816546741e+03
3400  1.664007e-08  2.774819e-09  7.164624e-09  3.728928e-11  -4.820816546736e+03
3500  1.082064e-08  1.816154e-09  4.687827e-09  2.364686e-11  -4.820816546733e+03
3600  7.039937e-09  1.188544e-09  3.066947e-09  1.364242e-11  -4.820816546731e+03
3700  4.582324e-09  7.777283e-10  2.006327e-09  1.091394e-11  -4.820816546730e+03
3800  2.983717e-09  5.088444e-10  1.312370e-09  5.456968e-12  -4.820816546729e+03
3900  1.943532e-09  3.328907e-10  8.583780e-10  4.547474e-12  -4.820816546729e+03
4000  1.266503e-09  2.177677e-10  5.614083e-10  9.094947e-13  -4.820816546728e+03
