0  1.103537e+01  1.170423e+00  1.813142e+00  5.095162e+03  -5.095162309150e+03
100  1.855092e-02  1.445680e-02  2.250318e-02  6.691981e-06  -5.097337890799e+03
200  1.924131e-03  4.261654e-03  7.597411e-03  1.278224e-06  -5.097338189653e+03
300  3.015645e-03  1.647419e-03  2.972145e-03  4.659578e-07  -5.097338266978e+03
400  2.357528e-03  9.093449e-04  1.577713e-03  2.364322e-07  -5.097338299996e+03
500  1.697650e-03  5.372851e-04  9.295396e-04  1.458284e-07  -5.097338318476e+03
600  1.226375e-03  3.136189e-04  5.423817e-04  1.003182e-07  -5.097338330539e+03
700  9.032366e-04  1.824157e-04  3.279653e-04  7.318977e-08  -5.097338339100e+03
800  6.783766e-04  1.119463e-04  2.499025e-04  5.512993e-08  -5.097338345452e+03
900  5.176330e-04  8.765106e-05  1.929142e-04  4.228241e-08  -5.097338350282e+03
1000  3.996547e-04  6.889817e-05  1.502323e-04  3.278365e-08  -5.097338354008e+03
1100  3.111559e-04  5.430109e-05  1.176823e-04  2.559045e-08  -5.097338356906e+03
1200  2.436599e-04  4.287387e-05  9.254623e-05  2.006709e-08  -5.097338359175e+03
1300  1.915597e-04  3.389304e-05  7.296886e-05  1.578246e-08  -5.097338360956e+03
1400  1.510022e-04  2.681589e-05  5.763278e-05  1.243552e-08  -5.097338362358e+03
1500  1.192457e-04  2.122862e-05  4.557259e-05  9.821633e-09  -5.097338363465e+03
1600  9.428145e-05  1.681202e-05  3.606395e-05  7.757990e-09  -5.097338364338e+03
1700  7.460397e-05  1.331783e-05  2.855405e-05  6.137270e-09  -5.097338365029e+03
1800  5.906554e-05  1.055178e-05  2.261587e-05  4.855792e-09  -5.097338365576e+03
1900  4.678056e-05  8.361256e-06  1.791681e-05  3.841706e-09  -5.097338366008e+03
2000  3.705988e-05  6.626044e-06  1.419636e-05  3.044988e-09  -5.097338366351e+03
2100  2.936398e-05  5.251248e-06  1.124968e-05  2.410161e-09  -5.097338366622e+03
2200  2.326884e-05  4.161866e-06  8.915281e-06  1.910848e-09  -5.097338366837e+03
2300  1.844029e-05  3.298570e-06  7.065643e-06  1.512490e-09  -5.097338367007e+03
2400  1.461448e-05  2.614398e-06  5.599938e-06  1.197805e-09  -5.097338367142e+03
2500  1.158283e-05  2.072161e-06  4.438386e-06  9.476935e-10  -5.097338367248e+03
2600  9.180287e-06  1.642402e-06  3.517823e-06  7.521521e-10  -5.097338367333e+03
2700  7.276208e-06  1.301781e-06  2.788225e-06  5.975380e-10  -5.097338367400e+03
2800  5.767120e-06  1.031807e-06  2.209963e-06  4.729372e-10  -5.097338367453e+03
2900  4.571054e-06  8.178256e-07  1.751639e-06  3.747118e-10  -5.097338367495e+03
3000  3.623065e-06  6.482220e-07  1.388373e-06  2.992238e-10  -5.097338367529e+03
3100  2.871690e-06  5.137922e-07  1.100446e-06  2.337401e-10  -5.097338367555e+03
3200  2.276146e-06  4.072412e-07  8.722319e-07  1.864464e-10  -5.097338367576e+03
3300  1.804113e-06  3.227873e-07  6.913468e-07  1.500666e-10  -5.097338367593e+03
3400  1.429973e-06  2.558476e-07  5.479746e-07  1.164153e-10  -5.097338367606e+03
3500  1.133424e-06  2.027899e-07  4.343353e-07  9.185896e-11  -5.097338367617e+03
3600  8.983736e-07  1.607354e-07  3.442628e-07  7.275958e-11  -5.097338367625e+03
3700  7.120686e-07  1.274022e-07  2.728696e-07  5.729817e-11  -5.097338367631e+03
3800  5.643998e-07  1.009816e-07  2.162820e-07  4.638423e-11  -5.097338367637e+03
3900  4.473550e-07  8.004011e-08  1.714296e-07  3.637979e-11  -5.097338367641e+03
4000  3.545828e-07  6.344146e-08  1.358787e-07  2.728484e-11  -5.097338367644e+03
4100  2.810495e-07  5.028502e-08  1.077002e-07  2.273737e-11  -5.097338367647e+03
4200  2.227659e-07  3.985697e-08  8.536547e-08  1.909939e-11  -5.097338367649e+03
4300  1.765690e-07  3.159148e-08  6.766247e-08  1.273293e-11  -5.097338367650e+03
4400  1.399520e-07  2.504006e-08  5.363067e-08  1.091394e-11  -5.097338367652e+03
4500  1.109289e-07  1.984727e-08  4.250879e-08  8.185452e-12  -5.097338367653e+03
4600  8.792434e-08  1.573136e-08  3.369335e-08  8.185452e-12  -5.097338367653e+03
4700  6.969068e-08  1.246901e-08  2.670606e-08  4.547474e-12  -5.097338367654e+03
4800  5.523824e-08  9.883192e-09  2.116778e-08  3.637979e-12  -5.097338367654e+03
4900  4.378363e-08  7.833660e-09  1.677808e-08  4.547474e-12  -5.097338367655e+03
5000  3.470367e-08  6.209115e-09  1.329864e-08  4.547474e-12  -5.097338367655e+03
5100  2.750628e-08  4.921447e-09  1.054074e-08  4.547474e-12  -5.097338367655e+03
5200  2.180248e-08  3.900864e-09  8.354847e-09  3.637979e-12  -5.097338367656e+03
5300  1.728096e-08  3.091900e-09  6.622216e-09  2.728484e-12  -5.097338367656e+03
5400  1.369713e-08  2.450700e-09  5.248901e-09  0.000000e+00  -5.097338367656e+03
5500  1.085691e-08  1.942490e-09  4.160409e-09  0.000000e+00  -5.097338367656e+03
5600  8.605429e-09  1.539659e-09  3.297629e-09  9.094947e-13  -5.097338367656e+03
5700  6.820762e-09  1.220363e-09  2.613766e-09  0.000000e+00  -5.097338367656e+03
5800  5.406148e-09  9.672775e-10  2.071714e-09  2.728484e-12  -5.097338367656e+03
5900  4.285187e-09  7.666940e-10  1.642098e-09  1.818989e-12  -5.097338367656e+03
6000  3.396488e-09  6.076958e-10  1.301559e-09  9.094947e-13  -5.097338367656e+03
6100  2.692233e-09  4.816777e-10  1.031651e-09  0.000000e+00  -5.097338367656e+03
6200  2.133993e-09  3.817925e-10  8.177141e-10  0.000000e+00  -5.097338367656e+03
6300  1.691090e-09  3.025979e-10  6.481093e-10  9.094947e-13  -5.097338367656e+03
6400  1.340184e-09  2.398343e-10  5.136888e-10  9.094947e-13  -5.097338367656e+03
6500  1.062675e-09  1.901209e-10  4.071958e-10  0.000000e+00  -5.097338367656e+03
