0  1.118083e+01  8.618262e-01  1.329321e+00  4.606302e+03  -4.606302274543e+03
100  3.852941e-02  1.892807e-02  2.714994e-02  1.474667e-03  -4.615231032777e+03
200  2.055927e-02  1.308855e-02  2.048208e-02  3.237450e-04  -4.615306500868e+03
300  1.155235e-02  8.247385e-03  1.325694e-02  7.359041e-05  -4.615323161864e+03
400  6.667525e-03  5.061401e-03  8.279819e-03  1.888755e-05  -4.615327101517e+03
500  3.963227e-03  3.069823e-03  5.095540e-03  6.152995e-06  -4.615328203445e+03
600  2.425017e-03  1.850260e-03  3.094604e-03  2.750800e-06  -4.615328613693e+03
700  1.522618e-03  1.103904e-03  1.863697e-03  1.581695e-06  -4.615328821115e+03
800  9.768011e-04  6.579525e-04  1.114273e-03  1.033828e-06  -4.615328948842e+03
900  6.410862e-04  3.902381e-04  6.619901e-04  7.100316e-07  -4.615329034668e+03
1000  4.298162e-04  2.309044e-04  3.919153e-04  4.954663e-07  -4.615329094157e+03
1100  2.899956e-04  1.365672e-04  2.317120e-04  3.469422e-07  -4.615329135761e+03
1200  1.965162e-04  8.086368e-05  1.370444e-04  2.427323e-07  -4.615329164887e+03
1300  1.335717e-04  4.799824e-05  8.119768e-05  1.694480e-07  -4.615329185245e+03
1400  9.097739e-05  2.867176e-05  5.260047e-05  1.179887e-07  -4.615329199439e+03
1500  6.330080e-05  1.732348e-05  3.593407e-05  8.195912e-08  -4.615329209311e+03
1600  4.427546e-05  1.054653e-05  2.456164e-05  5.680977e-08  -4.615329216162e+03
1700  3.084451e-05  7.042414e-06  1.679476e-05  3.930199e-08  -4.615329220906e+03
1800  2.141972e-05  4.816464e-06  1.148705e-05  2.714660e-08  -4.615329224185e+03
1900  1.483694e-05  3.294560e-06  7.858294e-06  1.872104e-08  -4.615329226448e+03
2000  1.025608e-05  2.253814e-06  5.376633e-06  1.289754e-08  -4.615329228009e+03
2100  7.077685e-06  1.541992e-06  3.679075e-06  8.876668e-09  -4.615329229083e+03
2200  4.877593e-06  1.055072e-06  2.517684e-06  6.103619e-09  -4.615329229822e+03
2300  3.357607e-06  7.219593e-07  1.723019e-06  4.193680e-09  -4.615329230330e+03
2400  2.309136e-06  4.940476e-07  1.179231e-06  2.878551e-09  -4.615329230679e+03
2500  1.586844e-06  3.381010e-07  8.070927e-07  1.974513e-09  -4.615329230919e+03
2600  1.089783e-06  2.313887e-07  5.524084e-07  1.356057e-09  -4.615329231083e+03
2700  7.480231e-07  1.583628e-07  3.781002e-07  9.313226e-10  -4.615329231196e+03
2800  5.132119e-07  1.083870e-07  2.587983e-07  6.402843e-10  -4.615329231273e+03
2900  3.519788e-07  7.418428e-08  1.771423e-07  4.411049e-10  -4.615329231326e+03
3000  2.413252e-07  5.077570e-08  1.212519e-07  3.010427e-10  -4.615329231363e+03
3100  1.654155e-07  3.475422e-08  8.299634e-08  2.055458e-10  -4.615329231388e+03
3200  1.133587e-07  2.378842e-08  5.681106e-08  1.418812e-10  -4.615329231405e+03
3300  7.767055e-08  1.628281e-08  3.888749e-08  9.549694e-11  -4.615329231416e+03
3400  5.320913e-08  1.114542e-08  2.661882e-08  6.639311e-11  -4.615329231424e+03
3500  3.644732e-08  7.629014e-09  1.822092e-08  4.638423e-11  -4.615329231430e+03
3600  2.496307e-08  5.222083e-09  1.247250e-08  3.001333e-11  -4.615329231434e+03
3700  1.709615e-08  3.574568e-09  8.537662e-09  1.909939e-11  -4.615329231436e+03
3800  1.170743e-08  2.446833e-09  5.844202e-09  1.364242e-11  -4.615329231438e+03
3900  8.016828e-09  1.674899e-09  4.000488e-09  1.000444e-11  -4.615329231439e+03
4000  5.488878e-09  1.146474e-09  2.738402e-09  6.366463e-12  -4.615329231440e+03
4100  3.758306e-09  7.847910e-10  1.874509e-09  3.637979e-12  -4.615329231440e+03
4200  2.572793e-09  5.371832e-10  1.283124e-09  1.818989e-12  -4.615329231441e+03
4300  1.761418e-09  3.677110e-10  8.783291e-10  3.637979e-12  -4.615329231441e+03
4400  1.205938e-09  2.517107e-10  6.012451e-10  2.728484e-12  -4.615329231441e+03
