0  1.867318e+01  1.742390e+00  2.693278e+00  5.143910e+03  -5.143909739159e+03
100  4.219487e-02  4.301967e-02  6.684557e-02  7.159818e-05  -5.149755049692e+03
200  5.097207e-03  1.256277e-02  2.149917e-02  1.459494e-05  -5.149758400831e+03
300  7.179058e-03  5.913034e-03  1.039429e-02  4.710836e-06  -5.149759248346e+03
400  5.048395e-03  3.385222e-03  6.003256e-03  1.967079e-06  -5.149759555522e+03
500  3.225555e-03  1.976233e-03  3.510693e-03  9.921487e-07  -5.149759695618e+03
600  2.041142e-03  1.138965e-03  2.026003e-03  5.700185e-07  -5.149759770924e+03
700  1.308597e-03  6.490057e-04  1.156177e-03  3.554487e-07  -5.149759816012e+03
800  8.549079e-04  3.678014e-04  6.560765e-04  2.328525e-07  -5.149759844844e+03
900  5.690962e-04  2.083903e-04  3.720201e-04  1.571652e-07  -5.149759864022e+03
1000  3.851524e-04  1.185592e-04  2.116752e-04  1.080853e-07  -5.149759877091e+03
1100  2.642460e-04  6.799317e-05  1.213106e-04  7.524341e-08  -5.149759886135e+03
1200  1.832674e-04  3.944790e-05  7.027369e-05  5.281436e-08  -5.149759892457e+03
1300  1.281706e-04  2.322941e-05  4.128503e-05  3.728201e-08  -5.149759896908e+03
1400  9.020621e-05  1.392294e-05  2.670559e-05  2.643083e-08  -5.149759900056e+03
1500  6.378729e-05  8.511622e-06  1.901858e-05  1.879198e-08  -5.149759902291e+03
1600  4.526352e-05  5.399342e-06  1.356701e-05  1.338503e-08  -5.149759903882e+03
1700  3.220160e-05  3.865691e-06  9.689728e-06  9.551513e-09  -5.149759905016e+03
1800  2.295210e-05  2.768061e-06  6.926448e-06  6.823029e-09  -5.149759905825e+03
1900  1.638185e-05  1.982310e-06  4.954213e-06  4.878530e-09  -5.149759906404e+03
2000  1.170407e-05  1.419719e-06  3.545095e-06  3.489731e-09  -5.149759906818e+03
2100  8.368099e-06  1.016856e-06  2.537560e-06  2.496563e-09  -5.149759907114e+03
2200  5.986127e-06  7.283435e-07  1.816776e-06  1.786248e-09  -5.149759907325e+03
2300  4.283826e-06  5.217076e-07  1.300935e-06  1.279659e-09  -5.149759907477e+03
2400  3.066471e-06  3.737047e-07  9.316636e-07  9.149517e-10  -5.149759907585e+03
2500  2.195502e-06  2.676933e-07  6.672648e-07  6.530172e-10  -5.149759907663e+03
2600  1.572146e-06  1.917575e-07  4.779283e-07  4.692993e-10  -5.149759907719e+03
2700  1.125896e-06  1.373634e-07  3.423304e-07  3.383320e-10  -5.149759907759e+03
2800  8.063764e-07  9.839947e-08  2.452118e-07  2.401066e-10  -5.149759907787e+03
2900  5.775657e-07  7.048823e-08  1.756494e-07  1.737135e-10  -5.149759907808e+03
3000  4.136979e-07  5.049427e-08  1.258227e-07  1.227818e-10  -5.149759907822e+03
3100  2.963319e-07  3.617169e-08  9.013136e-08  8.913048e-11  -5.149759907833e+03
3200  2.122672e-07  2.591173e-08  6.456490e-08  6.184564e-11  -5.149759907840e+03
3300  1.520524e-07  1.856197e-08  4.625082e-08  4.456524e-11  -5.149759907846e+03
3400  1.089205e-07  1.329697e-08  3.313174e-08  3.274181e-11  -5.149759907850e+03
3500  7.802438e-08  9.525370e-09  2.373399e-08  2.546585e-11  -5.149759907852e+03
3600  5.589221e-08  6.823550e-09  1.700190e-08  1.637090e-11  -5.149759907854e+03
3700  4.003808e-08  4.888085e-09  1.217937e-08  1.182343e-11  -5.149759907856e+03
3800  2.868131e-08  3.501613e-09  8.724756e-09  8.185452e-12  -5.149759907857e+03
3900  2.054645e-08  2.508425e-09  6.250060e-09  7.275958e-12  -5.149759907858e+03
4000  1.471839e-08  1.796922e-09  4.477261e-09  4.547474e-12  -5.149759907858e+03
4100  1.054338e-08  1.287230e-09  3.207302e-09  1.818989e-12  -5.149759907858e+03
4200  7.552615e-09  9.221068e-10  2.297558e-09  3.637979e-12  -5.149759907859e+03
4300  5.410691e-09  6.605727e-10  1.645894e-09  9.094947e-13  -5.149759907859e+03
4400  3.876052e-09  4.732091e-10  1.179052e-09  0.000000e+00  -5.149759907859e+03
4500  2.776731e-09  3.389917e-10  8.446293e-10  1.818989e-12  -5.149759907859e+03
4600  1.988739e-09  2.428224e-10  6.050316e-10  9.094947e-13  -5.149759907859e+03
4700  1.425106e-09  1.739677e-10  4.334485e-10  2.728484e-12  -5.149759907859e+03
4800  1.020885e-09  1.246228e-10  3.105037e-10  0.000000e+00  -5.149759907859e+03
