0  1.442613e+01  7.283247e-01  1.116629e+00  6.692832e+01  5.000000e-03 -3.707284618114e+03
1000  2.024314e-02  9.972977e-03  1.982804e-02  7.804643e+01  5.000000e-03 -3.720095293378e+03
2000  1.150741e-02  4.837308e-03  9.744686e-03  7.801912e+01  5.000000e-03 -3.720110794149e+03
3000  5.686520e-03  2.212566e-03  4.391537e-03  7.800662e+01  5.000000e-03 -3.720114477151e+03
4000  2.495993e-03  9.374967e-04  1.870651e-03  7.800141e+01  5.000000e-03 -3.720115191964e+03
5000  1.036752e-03  3.836279e-04  7.679533e-04  7.799929e+01  5.000000e-03 -3.720115315926e+03
6000  4.206704e-04  1.547106e-04  3.101176e-04  7.799844e+01  5.000000e-03 -3.720115336261e+03
7000  1.690636e-04  6.202353e-05  1.243938e-04  7.799809e+01  5.000000e-03 -3.720115339487e+03
8000  6.768324e-05  2.480606e-05  4.976164e-05  7.799796e+01  5.000000e-03 -3.720115339979e+03
9000  2.705452e-05  9.911619e-06  1.988472e-05  7.799790e+01  5.000000e-03 -3.720115340047e+03
10000  1.080761e-05  3.958820e-06  7.942473e-06  7.799788e+01  5.000000e-03 -3.720115340054e+03
11000  4.316304e-06  1.580959e-06  3.171880e-06  7.799787e+01  5.000000e-03 -3.720115340053e+03
12000  1.723659e-06  6.313195e-07  1.266624e-06  7.799787e+01  5.000000e-03 -3.720115340052e+03
13000  6.882936e-07  2.520967e-07  5.057858e-07  7.799787e+01  5.000000e-03 -3.720115340052e+03
14000  2.748460e-07  1.006656e-07  2.019672e-07  7.799787e+01  5.000000e-03 -3.720115340052e+03
15000  1.097493e-07  4.019694e-08  8.064789e-08  7.799787e+01  5.000000e-03 -3.720115340052e+03
16000  4.382372e-08  1.605105e-08  3.220356e-08  7.799787e+01  5.000000e-03 -3.720115340052e+03
17000  1.749948e-08  6.409370e-09  1.285925e-08  7.799787e+01  5.000000e-03 -3.720115340052e+03
18000  6.987404e-09  2.559312e-09  5.134808e-09  7.799787e+01  5.000000e-03 -3.720115340052e+03
19000  2.789461e-09  1.021920e-09  2.050324e-09  7.799787e+01  5.000000e-03 -3.720115340052e+03
20000  1.114509e-09  4.081058e-10  8.187799e-10  7.799787e+01  5.000000e-03 -3.720115340052e+03
