0  1.442613e+01  7.283247e-01  1.116629e+00  3.707285e+03  -3.707284618114e+03
100  1.204158e-01  1.526546e-01  2.485915e-01  7.896372e-03  -3.719585285378e+03
200  1.067284e-01  6.655180e-02  1.128478e-01  1.547799e-03  -3.719969552514e+03
300  7.584286e-02  3.693800e-02  6.401677e-02  3.473414e-04  -3.720047908689e+03
400  5.389515e-02  1.982236e-02  3.691172e-02  1.120124e-04  -3.720067760835e+03
500  4.038397e-02  1.648497e-02  3.166277e-02  6.107702e-05  -3.720075806766e+03
600  3.223392e-02  1.436495e-02  2.822334e-02  4.653987e-05  -3.720081060548e+03
700  2.722344e-02  1.292923e-02  2.547589e-02  3.977183e-05  -3.720085344492e+03
800  2.401346e-02  1.176845e-02  2.325331e-02  3.502253e-05  -3.720089072750e+03
900  2.183307e-02  1.080218e-02  2.140764e-02  3.104616e-05  -3.720092369618e+03
1000  2.024314e-02  9.972977e-03  1.982804e-02  2.752959e-05  -3.720095293378e+03
1100  1.899336e-02  9.241826e-03  1.843729e-02  2.437106e-05  -3.720097884082e+03
1200  1.794050e-02  8.582926e-03  1.718363e-02  2.152402e-05  -3.720100174954e+03
1300  1.700256e-02  7.979474e-03  1.603320e-02  1.895915e-05  -3.720102195580e+03
1400  1.613284e-02  7.420604e-03  1.496415e-02  1.665353e-05  -3.720103972987e+03
1500  1.530528e-02  6.899289e-03  1.396254e-02  1.458704e-05  -3.720105532070e+03
1600  1.450593e-02  6.410939e-03  1.301951e-02  1.274100e-05  -3.720106895787e+03
1700  1.372802e-02  5.978917e-03  1.212938e-02  1.109763e-05  -3.720108085280e+03
1800  1.296892e-02  5.578136e-03  1.128845e-02  9.639903e-06  -3.720109119950e+03
1900  1.222837e-02  5.197844e-03  1.049418e-02  8.351442e-06  -3.720110017529e+03
2000  1.150741e-02  4.837308e-03  9.744686e-03  7.216638e-06  -3.720110794149e+03
2100  1.080761e-02  4.496012e-03  9.038421e-03  6.220618e-06  -3.720111464417e+03
2200  1.013077e-02  4.173529e-03  8.373990e-03  5.349354e-06  -3.720112041497e+03
2300  9.478567e-03  3.869445e-03  7.750030e-03  4.589719e-06  -3.720112537193e+03
2400  8.852465e-03  3.583316e-03  7.165147e-03  3.929480e-06  -3.720112962043e+03
2500  8.253630e-03  3.314653e-03  6.617894e-03  3.357344e-06  -3.720113325408e+03
2600  7.682895e-03  3.062910e-03  6.106762e-03  2.862982e-06  -3.720113635570e+03
2700  7.140765e-03  2.827490e-03  5.630184e-03  2.436975e-06  -3.720113899823e+03
2800  6.627431e-03  2.607750e-03  5.186550e-03  2.070805e-06  -3.720114124563e+03
2900  6.142798e-03  2.403010e-03  4.774219e-03  1.756840e-06  -3.720114315383e+03
3000  5.686520e-03  2.212566e-03  4.391537e-03  1.488238e-06  -3.720114477151e+03
3100  5.258035e-03  2.035695e-03  4.036854e-03  1.258933e-06  -3.720114614091e+03
3200  4.856602e-03  1.871668e-03  3.714536e-03  1.063565e-06  -3.720114729856e+03
3300  4.481338e-03  1.719757e-03  3.416042e-03  8.974239e-07  -3.720114827596e+03
3400  4.131245e-03  1.579241e-03  3.139474e-03  7.563735e-07  -3.720114910022e+03
3500  3.805244e-03  1.449416e-03  2.883549e-03  6.368218e-07  -3.720114979457e+03
3600  3.502197e-03  1.329595e-03  2.647005e-03  5.356437e-07  -3.720115037888e+03
3700  3.220934e-03  1.219115e-03  2.428611e-03  4.501262e-07  -3.720115087014e+03
3800  2.960267e-03  1.117339e-03  2.227176e-03  3.779537e-07  -3.720115128280e+03
3900  2.719011e-03  1.023659e-03  2.041555e-03  3.170981e-07  -3.720115162916e+03
4000  2.495993e-03  9.374967e-04  1.870651e-03  2.658512e-07  -3.720115191964e+03
4100  2.290067e-03  8.583033e-04  1.713420e-03  2.227384e-07  -3.720115216310e+03
4200  2.100118e-03  7.855619e-04  1.568871e-03  1.865033e-07  -3.720115236702e+03
4300  1.925073e-03  7.187858e-04  1.436068e-03  1.560693e-07  -3.720115253771e+03
4400  1.763901e-03  6.575187e-04  1.314131e-03  1.305361e-07  -3.720115268050e+03
4500  1.615621e-03  6.013337e-04  1.202232e-03  1.091180e-07  -3.720115279991e+03
4600  1.479301e-03  5.498324e-04  1.099597e-03  9.117093e-08  -3.720115289970e+03
4700  1.354059e-03  5.026437e-04  1.005502e-03  7.614653e-08  -3.720115298306e+03
4800  1.239065e-03  4.594228e-04  9.192739e-04  6.357550e-08  -3.720115305267e+03
4900  1.133540e-03  4.198497e-04  8.402849e-04  5.304628e-08  -3.720115311078e+03
5000  1.036752e-03  3.836279e-04  7.679533e-04  4.426420e-08  -3.720115315926e+03
5100  9.480196e-04  3.504831e-04  7.017393e-04  3.691093e-08  -3.720115319969e+03
5200  8.667072e-04  3.201619e-04  6.411437e-04  3.076548e-08  -3.720115323341e+03
5300  7.922232e-04  2.924305e-04  5.857048e-04  2.564047e-08  -3.720115326151e+03
5400  7.240182e-04  2.670731e-04  5.349963e-04  2.135948e-08  -3.720115328493e+03
5500  6.615834e-04  2.438913e-04  4.886251e-04  1.779472e-08  -3.720115330444e+03
5600  6.044475e-04  2.227022e-04  4.462291e-04  1.481385e-08  -3.720115332068e+03
5700  5.521750e-04  2.033378e-04  4.074748e-04  1.232820e-08  -3.720115333420e+03
5800  5.043636e-04  1.856437e-04  3.720555e-04  1.026501e-08  -3.720115334546e+03
5900  4.606427e-04  1.694780e-04  3.396894e-04  8.535608e-09  -3.720115335482e+03
6000  4.206704e-04  1.547106e-04  3.101176e-04  7.101789e-09  -3.720115336261e+03
6100  3.841323e-04  1.412222e-04  2.831023e-04  5.900347e-09  -3.720115336909e+03
6200  3.507390e-04  1.289032e-04  2.584256e-04  4.905814e-09  -3.720115337447e+03
6300  3.202247e-04  1.176534e-04  2.358874e-04  4.074082e-09  -3.720115337895e+03
6400  2.923453e-04  1.073808e-04  2.153046e-04  3.380592e-09  -3.720115338266e+03
6500  2.668764e-04  9.800141e-05  1.965092e-04  2.813977e-09  -3.720115338575e+03
6600  2.436125e-04  8.943813e-05  1.793474e-04  2.332399e-09  -3.720115338831e+03
6700  2.223649e-04  8.162048e-05  1.636784e-04  1.938133e-09  -3.720115339044e+03
6800  2.029610e-04  7.448398e-05  1.493734e-04  1.596163e-09  -3.720115339220e+03
6900  1.852422e-04  6.796964e-05  1.363145e-04  1.331955e-09  -3.720115339366e+03
7000  1.690636e-04  6.202353e-05  1.243938e-04  1.105036e-09  -3.720115339487e+03
7100  1.542924e-04  5.659634e-05  1.135127e-04  9.072210e-10  -3.720115339587e+03
7200  1.408072e-04  5.164299e-05  1.035810e-04  7.535164e-10  -3.720115339670e+03
7300  1.284967e-04  4.712228e-05  9.451623e-05  6.257324e-10  -3.720115339739e+03
7400  1.172593e-04  4.299658e-05  8.624313e-05  5.120455e-10  -3.720115339796e+03
7500  1.070020e-04  3.923150e-05  7.869281e-05  4.265530e-10  -3.720115339843e+03
7600  9.763965e-05  3.579560e-05  7.180234e-05  3.460627e-10  -3.720115339881e+03
7700  8.909465e-05  3.266021e-05  6.551426e-05  2.933120e-10  -3.720115339913e+03
7800  8.129592e-05  2.979909e-05  5.977605e-05  2.360139e-10  -3.720115339939e+03
7900  7.417856e-05  2.718833e-05  5.453978e-05  1.955414e-10  -3.720115339961e+03
8000  6.768324e-05  2.480606e-05  4.976164e-05  1.582521e-10  -3.720115339979e+03
8100  6.175578e-05  2.263232e-05  4.540164e-05  1.291482e-10  -3.720115339993e+03
8200  5.634668e-05  2.064890e-05  4.142328e-05  1.064109e-10  -3.720115340005e+03
8300  5.141074e-05  1.883916e-05  3.779320e-05  8.549250e-11  -3.720115340015e+03
8400  4.690667e-05  1.718792e-05  3.448098e-05  7.003109e-11  -3.720115340023e+03
8500  4.279677e-05  1.568131e-05  3.145882e-05  5.911716e-11  -3.720115340029e+03
8600  3.904661e-05  1.430668e-05  2.870136e-05  4.183676e-11  -3.720115340034e+03
8700  3.562478e-05  1.305248e-05  2.618545e-05  3.728928e-11  -3.720115340039e+03
8800  3.250256e-05  1.190818e-05  2.388995e-05  2.955858e-11  -3.720115340042e+03
8900  2.965378e-05  1.086415e-05  2.179557e-05  2.455636e-11  -3.720115340045e+03
9000  2.705452e-05  9.911619e-06  1.988472e-05  2.091838e-11  -3.720115340047e+03
9100  2.468295e-05  9.042568e-06  1.814132e-05  1.637090e-11  -3.720115340049e+03
9200  2.251915e-05  8.249689e-06  1.655071e-05  1.227818e-11  -3.720115340050e+03
9300  2.054494e-05  7.526309e-06  1.509951e-05  7.275958e-12  -3.720115340051e+03
9400  1.874372e-05  6.866341e-06  1.377552e-05  8.185452e-12  -3.720115340052e+03
9500  1.710035e-05  6.264229e-06  1.256758e-05  7.275958e-12  -3.720115340052e+03
9600  1.560100e-05  5.714903e-06  1.146554e-05  2.728484e-12  -3.720115340053e+03
9700  1.423307e-05  5.213738e-06  1.046010e-05  4.547474e-13  -3.720115340053e+03
9800  1.298505e-05  4.756514e-06  9.542821e-06  4.092726e-12  -3.720115340053e+03
9900  1.184642e-05  4.339379e-06  8.705960e-06  9.094947e-13  -3.720115340053e+03
10000  1.080761e-05  3.958820e-06  7.942473e-06  0.000000e+00  -3.720115340054e+03
10100  9.859869e-06  3.611630e-06  7.245930e-06  3.637979e-12  -3.720115340054e+03
10200  8.995220e-06  3.294885e-06  6.610464e-06  4.547474e-13  -3.720115340054e+03
10300  8.206379e-06  3.005915e-06  6.030719e-06  9.094947e-13  -3.720115340054e+03
10400  7.486703e-06  2.742285e-06  5.501812e-06  9.094947e-12  -3.720115340053e+03
10500  6.830130e-06  2.501775e-06  5.019286e-06  9.094947e-13  -3.720115340053e+03
10600  6.231127e-06  2.282356e-06  4.579074e-06  2.273737e-12  -3.720115340053e+03
10700  5.684651e-06  2.082179e-06  4.177466e-06  1.818989e-12  -3.720115340053e+03
10800  5.186093e-06  1.899558e-06  3.811078e-06  2.273737e-12  -3.720115340053e+03
10900  4.731257e-06  1.732953e-06  3.476822e-06  2.728484e-12  -3.720115340053e+03
11000  4.316304e-06  1.580959e-06  3.171880e-06  1.364242e-12  -3.720115340053e+03
11100  3.937741e-06  1.442296e-06  2.893682e-06  1.364242e-12  -3.720115340053e+03
11200  3.592379e-06  1.315794e-06  2.639882e-06  0.000000e+00  -3.720115340053e+03
11300  3.277304e-06  1.200386e-06  2.408341e-06  9.094947e-13  -3.720115340053e+03
11400  2.989861e-06  1.095101e-06  2.197108e-06  4.547474e-13  -3.720115340053e+03
11500  2.727627e-06  9.990493e-07  2.004400e-06  1.364242e-12  -3.720115340053e+03
11600  2.488392e-06  9.114223e-07  1.828595e-06  1.818989e-12  -3.720115340052e+03
11700  2.270138e-06  8.314808e-07  1.668208e-06  2.273737e-12  -3.720115340052e+03
11800  2.071026e-06  7.585508e-07  1.521889e-06  2.273737e-12  -3.720115340052e+03
11900  1.889376e-06  6.920173e-07  1.388402e-06  5.456968e-12  -3.720115340052e+03
12000  1.723659e-06  6.313195e-07  1.266624e-06  9.094947e-13  -3.720115340052e+03
12100  1.572477e-06  5.759454e-07  1.155527e-06  1.818989e-12  -3.720115340052e+03
12200  1.434555e-06  5.254283e-07  1.054174e-06  4.547474e-13  -3.720115340052e+03
12300  1.308728e-06  4.793418e-07  9.617101e-07  2.273737e-12  -3.720115340052e+03
12400  1.193938e-06  4.372977e-07  8.773567e-07  1.364242e-12  -3.720115340052e+03
12500  1.089216e-06  3.989413e-07  8.004018e-07  3.183231e-12  -3.720115340052e+03
12600  9.936785e-07  3.639491e-07  7.301967e-07  4.547474e-13  -3.720115340052e+03
12700  9.065205e-07  3.320262e-07  6.661494e-07  2.728484e-12  -3.720115340052e+03
12800  8.270086e-07  3.029033e-07  6.077198e-07  3.183231e-12  -3.720115340052e+03
12900  7.544703e-07  2.763349e-07  5.544151e-07  6.821210e-12  -3.720115340052e+03
13000  6.882936e-07  2.520967e-07  5.057858e-07  9.094947e-13  -3.720115340052e+03
13100  6.279219e-07  2.299846e-07  4.614219e-07  4.547474e-13  -3.720115340052e+03
13200  5.728453e-07  2.098119e-07  4.209492e-07  1.364242e-12  -3.720115340052e+03
13300  5.225993e-07  1.914087e-07  3.840265e-07  9.094947e-13  -3.720115340052e+03
13400  4.767618e-07  1.746197e-07  3.503424e-07  5.002221e-12  -3.720115340052e+03
13500  4.349436e-07  1.593032e-07  3.196128e-07  0.000000e+00  -3.720115340052e+03
13600  3.967924e-07  1.453301e-07  2.915785e-07  1.364242e-12  -3.720115340052e+03
13700  3.619889e-07  1.325828e-07  2.660032e-07  4.547474e-13  -3.720115340052e+03
13800  3.302363e-07  1.209534e-07  2.426710e-07  0.000000e+00  -3.720115340052e+03
13900  3.012718e-07  1.103443e-07  2.213857e-07  6.366463e-12  -3.720115340052e+03
14000  2.748460e-07  1.006656e-07  2.019672e-07  0.000000e+00  -3.720115340052e+03
14100  2.507391e-07  9.183588e-08  1.842520e-07  4.547474e-13  -3.720115340052e+03
14200  2.287453e-07  8.378060e-08  1.680906e-07  4.547474e-12  -3.720115340052e+03
14300  2.086817e-07  7.643194e-08  1.533468e-07  3.183231e-12  -3.720115340052e+03
14400  1.903769e-07  6.972777e-08  1.398961e-07  2.273737e-12  -3.720115340052e+03
14500  1.736790e-07  6.361174e-08  1.276254e-07  2.273737e-12  -3.720115340052e+03
14600  1.584439e-07  5.803207e-08  1.164309e-07  1.818989e-12  -3.720115340052e+03
14700  1.445466e-07  5.294188e-08  1.062183e-07  0.000000e+00  -3.720115340052e+03
14800  1.318685e-07  4.829819e-08  9.690157e-08  2.728484e-12  -3.720115340052e+03
14900  1.203007e-07  4.406172e-08  8.840188e-08  4.547474e-13  -3.720115340052e+03
15000  1.097493e-07  4.019694e-08  8.064789e-08  2.728484e-12  -3.720115340052e+03
15100  1.001218e-07  3.667107e-08  7.357389e-08  2.273737e-12  -3.720115340052e+03
15200  9.133942e-08  3.345449e-08  6.712042e-08  6.366463e-12  -3.720115340052e+03
15300  8.332847e-08  3.052011e-08  6.123310e-08  1.364242e-12  -3.720115340052e+03
15400  7.601971e-08  2.784308e-08  5.586212e-08  9.094947e-13  -3.720115340052e+03
15500  6.935213e-08  2.540089e-08  5.096229e-08  5.911716e-12  -3.720115340052e+03
15600  6.326905e-08  2.317289e-08  4.649220e-08  1.364242e-12  -3.720115340052e+03
15700  5.771959e-08  2.114031e-08  4.241421e-08  2.728484e-12  -3.720115340052e+03
15800  5.265557e-08  1.928595e-08  3.869380e-08  9.094947e-13  -3.720115340052e+03
15900  4.803753e-08  1.759434e-08  3.529988e-08  1.818989e-12  -3.720115340052e+03
16000  4.382372e-08  1.605105e-08  3.220356e-08  0.000000e+00  -3.720115340052e+03
16100  3.998101e-08  1.464323e-08  2.937897e-08  1.364242e-12  -3.720115340052e+03
16200  3.647442e-08  1.335883e-08  2.680205e-08  4.547474e-13  -3.720115340052e+03
16300  3.327424e-08  1.218703e-08  2.445108e-08  1.818989e-12  -3.720115340052e+03
16400  3.035455e-08  1.111800e-08  2.230629e-08  0.000000e+00  -3.720115340052e+03
16500  2.769299e-08  1.014286e-08  2.034980e-08  7.730705e-12  -3.720115340052e+03
16600  2.526294e-08  9.253125e-09  1.856475e-08  4.547474e-13  -3.720115340052e+03
16700  2.304831e-08  8.441568e-09  1.693647e-08  9.094947e-13  -3.720115340052e+03
16800  2.102525e-08  7.701052e-09  1.545080e-08  6.366463e-12  -3.720115340052e+03
16900  1.918094e-08  7.025564e-09  1.409555e-08  2.273737e-12  -3.720115340052e+03
17000  1.749948e-08  6.409370e-09  1.285925e-08  5.002221e-12  -3.720115340052e+03
17100  1.596414e-08  5.847159e-09  1.173128e-08  1.818989e-12  -3.720115340052e+03
17200  1.456374e-08  5.334278e-09  1.070228e-08  2.273737e-12  -3.720115340052e+03
17300  1.328685e-08  4.866415e-09  9.763581e-09  4.092726e-12  -3.720115340052e+03
17400  1.212118e-08  4.439558e-09  8.907174e-09  9.094947e-13  -3.720115340052e+03
17500  1.105778e-08  4.050134e-09  8.125870e-09  2.728484e-12  -3.720115340052e+03
17600  1.008805e-08  3.694896e-09  7.413141e-09  1.364242e-12  -3.720115340052e+03
17700  9.202454e-09  3.370752e-09  6.762833e-09  3.183231e-12  -3.720115340052e+03
17800  8.396606e-09  3.075168e-09  6.169752e-09  4.547474e-13  -3.720115340052e+03
17900  7.660314e-09  2.805445e-09  5.628596e-09  4.547474e-13  -3.720115340052e+03
18000  6.987404e-09  2.559312e-09  5.134808e-09  4.547474e-13  -3.720115340052e+03
18100  6.375178e-09  2.334862e-09  4.684469e-09  4.547474e-13  -3.720115340052e+03
18200  5.816050e-09  2.130068e-09  4.273583e-09  2.273737e-12  -3.720115340052e+03
18300  5.304530e-09  1.943157e-09  3.898623e-09  2.728484e-12  -3.720115340052e+03
18400  4.840349e-09  1.772775e-09  3.556746e-09  2.728484e-12  -3.720115340052e+03
18500  4.416130e-09  1.617297e-09  3.244798e-09  3.637979e-12  -3.720115340052e+03
18600  4.027529e-09  1.475362e-09  2.960074e-09  2.728484e-12  -3.720115340052e+03
18700  3.674008e-09  1.345941e-09  2.700419e-09  4.547474e-12  -3.720115340052e+03
18800  3.352772e-09  1.227941e-09  2.463640e-09  1.818989e-12  -3.720115340052e+03
18900  3.058959e-09  1.120257e-09  2.247578e-09  4.547474e-13  -3.720115340052e+03
19000  2.789461e-09  1.021920e-09  2.050324e-09  4.092726e-12  -3.720115340052e+03
19100  2.545222e-09  9.323076e-10  1.870519e-09  1.818989e-12  -3.720115340052e+03
19200  2.321793e-09  8.505241e-10  1.706437e-09  1.364242e-12  -3.720115340052e+03
19300  2.118795e-09  7.759573e-10  1.556812e-09  1.364242e-12  -3.720115340052e+03
19400  1.934049e-09  7.079579e-10  1.420350e-09  0.000000e+00  -3.720115340052e+03
19500  1.763193e-09  6.457945e-10  1.295669e-09  4.547474e-13  -3.720115340052e+03
19600  1.608801e-09  5.891603e-10  1.182038e-09  0.000000e+00  -3.720115340052e+03
19700  1.466160e-09  5.373981e-10  1.078231e-09  0.000000e+00  -3.720115340052e+03
19800  1.338625e-09  4.903149e-10  9.837362e-10  4.547474e-13  -3.720115340052e+03
19900  1.221042e-09  4.473028e-10  8.974399e-10  5.911716e-12  -3.720115340052e+03
20000  1.114509e-09  4.081058e-10  8.187799e-10  9.094947e-13  -3.720115340052e+03
20100  1.015855e-09  3.722552e-10  7.468817e-10  4.547474e-12  -3.720115340052e+03
