0  1.070119e+01  9.383071e-01  1.456043e+00  5.119488e+03  -5.119488361424e+03
100  2.334440e-02  1.293182e-02  1.954929e-02  3.820106e-05  -5.131637873866e+03
200  4.092937e-03  3.792477e-03  6.564106e-03  3.668792e-06  -5.131636528791e+03
300  2.408219e-03  1.004526e-03  2.066832e-03  1.654626e-07  -5.131636384739e+03
400  1.439062e-03  3.710898e-04  6.902559e-04  5.401262e-07  -5.131636413547e+03
500  8.734627e-04  1.927502e-04  3.686777e-04  5.817164e-07  -5.131636472181e+03
600  5.398460e-04  1.080999e-04  2.429115e-04  4.666244e-07  -5.131636524967e+03
700  3.427595e-04  6.710036e-05  1.610807e-04  3.405821e-07  -5.131636565125e+03
800  2.265018e-04  4.536753e-05  1.071727e-04  2.389434e-07  -5.131636593814e+03
900  1.503408e-04  3.056162e-05  7.235844e-05  1.645185e-07  -5.131636613740e+03
1000  1.000646e-04  2.053988e-05  4.936733e-05  1.121698e-07  -5.131636627390e+03
1100  6.671326e-05  1.378192e-05  3.347963e-05  7.605195e-08  -5.131636636670e+03
1200  4.452246e-05  9.236525e-06  2.260949e-05  5.138190e-08  -5.131636642950e+03
1300  3.002857e-05  6.184945e-06  1.522319e-05  3.462901e-08  -5.131636647188e+03
1400  2.038123e-05  4.139010e-06  1.022821e-05  2.329762e-08  -5.131636650041e+03
1500  1.378286e-05  2.768648e-06  6.861772e-06  1.565149e-08  -5.131636651960e+03
1600  9.295224e-06  1.851426e-06  4.598364e-06  1.050557e-08  -5.131636653248e+03
1700  6.255808e-06  1.237808e-06  3.079173e-06  7.044036e-09  -5.131636654112e+03
1800  4.203636e-06  8.274424e-07  2.060745e-06  4.719368e-09  -5.131636654692e+03
1900  2.821275e-06  5.530703e-07  1.378611e-06  3.160494e-09  -5.131636655080e+03
2000  1.891755e-06  3.696541e-07  9.220109e-07  2.116394e-09  -5.131636655340e+03
2100  1.267577e-06  2.470548e-07  6.165128e-07  1.418812e-09  -5.131636655514e+03
2200  8.488754e-07  1.651128e-07  4.121784e-07  9.467840e-10  -5.131636655630e+03
2300  5.682326e-07  1.103473e-07  2.755392e-07  6.357368e-10  -5.131636655708e+03
2400  3.802441e-07  7.374626e-08  1.841830e-07  4.229150e-10  -5.131636655760e+03
2500  2.543812e-07  4.928529e-08  1.231100e-07  2.855813e-10  -5.131636655795e+03
2600  1.701437e-07  3.293778e-08  8.228503e-08  1.882654e-10  -5.131636655818e+03
2700  1.137828e-07  2.201265e-08  5.499675e-08  1.282388e-10  -5.131636655834e+03
2800  7.608242e-08  1.471134e-08  3.675748e-08  8.549250e-11  -5.131636655844e+03
2900  5.086823e-08  9.831801e-09  2.456681e-08  5.729817e-11  -5.131636655851e+03
3000  3.400759e-08  6.570762e-09  1.641905e-08  3.547029e-11  -5.131636655856e+03
3100  2.273375e-08  4.391348e-09  1.097347e-08  2.182787e-11  -5.131636655859e+03
3200  1.519641e-08  2.934813e-09  7.333937e-09  1.637090e-11  -5.131636655861e+03
3300  1.015815e-08  1.961416e-09  4.901542e-09  1.000444e-11  -5.131636655862e+03
3400  6.789983e-09  1.310867e-09  3.275869e-09  6.366463e-12  -5.131636655863e+03
3500  4.538567e-09  8.760924e-10  2.189378e-09  6.366463e-12  -5.131636655864e+03
3600  3.033146e-09  5.854965e-10  1.463202e-09  1.818989e-12  -5.131636655864e+03
3700  2.027472e-09  3.913117e-10  9.779162e-10  1.818989e-12  -5.131636655865e+03
3800  1.354820e-09  2.615111e-10  6.535519e-10  0.000000e+00  -5.131636655865e+03
