0  2.055255e+01  7.107810e-01  1.106896e+00  5.489662e+03  -5.489662193849e+03
100  6.060277e-01  3.026854e-01  6.386293e-01  5.617091e-02  -5.489323771822e+03
200  6.073873e-01  2.604501e-01  4.719611e-01  2.031252e-02  -5.492753689399e+03
300  3.652624e-01  1.967748e-01  3.478716e-01  6.979327e-03  -5.494011579561e+03
400  2.011002e-01  1.259290e-01  2.196203e-01  2.125799e-03  -5.494420178004e+03
500  1.089877e-01  7.281104e-02  1.293094e-01  6.122714e-04  -5.494541393123e+03
600  5.937630e-02  4.024802e-02  7.249120e-02  1.702099e-04  -5.494575812388e+03
700  3.266777e-02  2.192494e-02  3.933141e-02  4.453994e-05  -5.494585191794e+03
800  1.814505e-02  1.170302e-02  2.095075e-02  9.756135e-06  -5.494587520264e+03
900  1.016215e-02  6.176421e-03  1.104634e-02  7.316139e-07  -5.494587936740e+03
1000  5.732419e-03  3.239324e-03  5.791509e-03  1.167379e-06  -5.494587886309e+03
1100  3.254602e-03  1.693043e-03  3.027085e-03  1.231672e-06  -5.494587759902e+03
1200  1.858878e-03  8.831628e-04  1.579497e-03  9.270343e-07  -5.494587651384e+03
1300  1.067674e-03  4.601783e-04  8.233743e-04  6.282389e-07  -5.494587574325e+03
1400  6.164881e-04  2.396104e-04  4.289717e-04  4.068997e-07  -5.494587523347e+03
1500  3.577489e-04  1.247000e-04  2.234069e-04  2.576026e-07  -5.494587490718e+03
1600  2.085766e-04  6.486978e-05  1.163157e-04  1.610188e-07  -5.494587470195e+03
1700  1.221372e-04  3.373160e-05  6.054310e-05  9.987707e-08  -5.494587457417e+03
1800  7.180970e-05  1.753215e-05  3.150435e-05  6.164373e-08  -5.494587449510e+03
1900  4.237673e-05  9.107717e-06  1.649382e-05  3.791502e-08  -5.494587444639e+03
2000  2.509216e-05  4.728487e-06  1.000130e-05  2.326306e-08  -5.494587441646e+03
2100  1.490309e-05  2.453162e-06  6.066237e-06  1.424814e-08  -5.494587439812e+03
2200  8.875821e-06  1.271640e-06  3.680333e-06  8.712050e-09  -5.494587438689e+03
2300  5.299189e-06  6.952655e-07  2.233272e-06  5.319635e-09  -5.494587438003e+03
2400  3.170743e-06  4.226999e-07  1.355401e-06  3.244168e-09  -5.494587437584e+03
2500  1.916839e-06  2.569555e-07  8.227232e-07  1.977241e-09  -5.494587437328e+03
2600  1.164205e-06  1.561839e-07  4.994469e-07  1.207809e-09  -5.494587437173e+03
2700  7.070978e-07  9.492376e-08  3.032261e-07  7.357812e-10  -5.494587437078e+03
2800  4.294730e-07  5.768712e-08  1.841104e-07  4.447429e-10  -5.494587437020e+03
2900  2.608543e-07  3.505540e-08  1.117943e-07  2.719389e-10  -5.494587436985e+03
3000  1.584402e-07  2.130129e-08  6.788687e-08  1.637090e-10  -5.494587436963e+03
3100  9.623603e-08  1.294302e-08  4.122610e-08  1.009539e-10  -5.494587436950e+03
3200  5.845399e-08  7.864068e-09  2.503666e-08  6.002665e-11  -5.494587436942e+03
3300  3.550538e-08  4.777999e-09  1.520536e-08  3.819878e-11  -5.494587436937e+03
3400  2.156639e-08  2.902905e-09  9.234851e-09  2.182787e-11  -5.494587436934e+03
3500  1.309981e-08  1.763551e-09  5.608726e-09  1.455192e-11  -5.494587436933e+03
3600  7.957069e-09  1.071436e-09  3.406616e-09  1.091394e-11  -5.494587436932e+03
3700  4.833320e-09  6.508769e-10  2.069056e-09  6.366463e-12  -5.494587436931e+03
3800  2.935900e-09  3.953721e-10  1.256663e-09  2.728484e-12  -5.494587436931e+03
3900  1.783331e-09  2.402216e-10  7.633457e-10  9.094947e-13  -5.494587436930e+03
4000  1.083242e-09  1.459509e-10  4.636880e-10  0.000000e+00  -5.494587436930e+03
