0  1.142644e+01  6.490622e-01  1.007696e+00  5.127900e+03  -5.127900378194e+03
100  1.003224e-01  1.292416e-01  2.403791e-01  1.880386e-03  -5.132568368516e+03
200  1.067007e-01  3.998501e-02  8.073732e-02  4.445269e-04  -5.132661612064e+03
300  7.519408e-02  1.890724e-02  3.767309e-02  1.542374e-04  -5.132688542835e+03
400  4.825554e-02  1.068424e-02  1.992630e-02  5.648859e-05  -5.132698242305e+03
500  3.065360e-02  6.015881e-03  1.288612e-02  1.896715e-05  -5.132701706108e+03
600  1.962119e-02  3.375905e-03  8.453808e-03  4.515505e-06  -5.132702756989e+03
700  1.270052e-02  2.165028e-03  5.600463e-03  6.560813e-07  -5.132702900625e+03
800  8.309669e-03  1.471626e-03  3.737690e-03  2.131614e-06  -5.132702742351e+03
900  5.487087e-03  1.000691e-03  2.508689e-03  2.220127e-06  -5.132702518368e+03
1000  3.650488e-03  6.808527e-04  1.691078e-03  1.864725e-06  -5.132702312670e+03
1100  2.443045e-03  4.635148e-04  1.143629e-03  1.432617e-06  -5.132702148129e+03
1200  1.642522e-03  3.157195e-04  7.752618e-04  1.050974e-06  -5.132702024774e+03
1300  1.108224e-03  2.151418e-04  5.264748e-04  7.507642e-07  -5.132701935526e+03
1400  7.497514e-04  1.466536e-04  3.579864e-04  5.276679e-07  -5.132701872303e+03
1500  5.082744e-04  9.999304e-05  2.436480e-04  3.670702e-07  -5.132701828101e+03
1600  3.451075e-04  6.819110e-05  1.659414e-04  2.536626e-07  -5.132701797456e+03
1700  2.345963e-04  4.650981e-05  1.130734e-04  1.745311e-07  -5.132701776326e+03
1800  1.596151e-04  3.172518e-05  7.707635e-05  1.197404e-07  -5.132701761808e+03
1900  1.086722e-04  2.164183e-05  5.255249e-05  8.199731e-08  -5.132701751858e+03
2000  7.402589e-05  1.476405e-05  3.583817e-05  5.607762e-08  -5.132701745048e+03
2100  5.044469e-05  1.007238e-05  2.444311e-05  3.832247e-08  -5.132701740393e+03
2200  3.438536e-05  6.871777e-06  1.667280e-05  2.617162e-08  -5.132701737213e+03
2300  2.344376e-05  4.688278e-06  1.137341e-05  1.786793e-08  -5.132701735041e+03
2400  1.598651e-05  3.198620e-06  7.758797e-06  1.219723e-08  -5.132701733559e+03
2500  1.090272e-05  2.182304e-06  5.293142e-06  8.324605e-09  -5.132701732547e+03
2600  7.436318e-06  1.488916e-06  3.611135e-06  5.678885e-09  -5.132701731857e+03
2700  5.072394e-06  1.015842e-06  2.463666e-06  3.874447e-09  -5.132701731386e+03
2800  3.460129e-06  6.930802e-07  1.680837e-06  2.646630e-09  -5.132701731064e+03
2900  2.360423e-06  4.728694e-07  1.146762e-06  1.804437e-09  -5.132701730845e+03
3000  1.610281e-06  3.226259e-07  7.823913e-07  1.230546e-09  -5.132701730695e+03
3100  1.098561e-06  2.201189e-07  5.337978e-07  8.385541e-10  -5.132701730593e+03
3200  7.494711e-07  1.501812e-07  3.641925e-07  5.729817e-10  -5.132701730524e+03
3300  5.113190e-07  1.024646e-07  2.484770e-07  3.919922e-10  -5.132701730476e+03
3400  3.488463e-07  6.990886e-08  1.695283e-07  2.692104e-10  -5.132701730444e+03
3500  2.380012e-07  4.769691e-08  1.156641e-07  1.791705e-10  -5.132701730421e+03
3600  1.623778e-07  3.254229e-08  7.891426e-08  1.246008e-10  -5.132701730406e+03
3700  1.107839e-07  2.220272e-08  5.384093e-08  8.367351e-11  -5.132701730396e+03
3800  7.558413e-08  1.514833e-08  3.673417e-08  5.729817e-11  -5.132701730389e+03
3900  5.156828e-08  1.033528e-08  2.506268e-08  4.001777e-11  -5.132701730384e+03
4000  3.518333e-08  7.051476e-09  1.709956e-08  2.728484e-11  -5.132701730381e+03
4100  2.400478e-08  4.811046e-09  1.166658e-08  1.818989e-11  -5.132701730379e+03
4200  1.637728e-08  3.282421e-09  7.959746e-09  1.182343e-11  -5.132701730377e+03
4300  1.117373e-08  2.239507e-09  5.430715e-09  1.000444e-11  -5.132701730376e+03
4400  7.623537e-09  1.527953e-09  3.705226e-09  6.366463e-12  -5.132701730375e+03
4500  5.201297e-09  1.042480e-09  2.527972e-09  4.547474e-12  -5.132701730375e+03
4600  3.548535e-09  7.112462e-10  1.724752e-09  3.637979e-12  -5.132701730375e+03
4700  2.421216e-09  4.852724e-10  1.176764e-09  2.728484e-12  -5.132701730374e+03
4800  1.651690e-09  3.310744e-10  8.028531e-10  1.818989e-12  -5.132701730374e+03
4900  1.127020e-09  2.258891e-10  5.477743e-10  1.818989e-12  -5.132701730374e+03
