0  4.153409e+00  4.494394e-01  6.991343e-01  4.616414e+03  -4.616414284219e+03
100  4.100236e-02  3.096000e-02  4.768470e-02  1.621659e-03  -4.617647979309e+03
200  2.515698e-02  1.838251e-02  2.898530e-02  3.535737e-04  -4.617730215445e+03
300  1.634181e-02  1.053695e-02  1.686653e-02  8.423865e-05  -4.617748670527e+03
400  1.105115e-02  6.119810e-03  9.897894e-03  2.402103e-05  -4.617753350270e+03
500  7.732574e-03  3.579623e-03  5.827218e-03  8.969036e-06  -4.617754834952e+03
600  5.546101e-03  2.111960e-03  3.790903e-03  4.343573e-06  -4.617755459112e+03
700  4.143967e-03  1.266601e-03  2.835263e-03  2.484207e-06  -4.617755787707e+03
800  3.294050e-03  8.974120e-04  2.126577e-03  1.547350e-06  -4.617755984166e+03
900  2.571848e-03  6.772469e-04  1.597288e-03  1.007905e-06  -4.617756109385e+03
1000  1.984330e-03  5.106114e-04  1.200507e-03  6.752534e-07  -4.617756192106e+03
1100  1.518809e-03  3.846691e-04  9.025065e-04  4.620897e-07  -4.617756248105e+03
1200  1.156116e-03  2.896040e-04  6.785047e-04  3.218083e-07  -4.617756286756e+03
1300  8.766730e-04  2.179227e-04  5.100731e-04  2.274719e-07  -4.617756313870e+03
1400  6.629923e-04  1.639196e-04  3.834192e-04  1.628150e-07  -4.617756333154e+03
1500  5.004465e-04  1.232623e-04  2.881871e-04  1.177468e-07  -4.617756347027e+03
1600  3.772460e-04  9.266841e-05  2.165896e-04  8.587631e-08  -4.617756357102e+03
1700  2.841043e-04  6.965619e-05  1.627677e-04  6.305891e-08  -4.617756364475e+03
1800  2.138139e-04  5.235190e-05  1.223128e-04  4.654430e-08  -4.617756369903e+03
1900  1.608360e-04  3.934267e-05  9.190814e-05  3.450350e-08  -4.617756373918e+03
2000  1.209427e-04  2.956408e-05  6.905880e-05  2.565776e-08  -4.617756376899e+03
2100  9.092179e-05  2.221477e-05  5.188845e-05  1.912485e-08  -4.617756379118e+03
2200  6.834055e-05  1.669175e-05  3.898632e-05  1.428816e-08  -4.617756380775e+03
2300  5.136094e-05  1.254149e-05  2.929178e-05  1.068474e-08  -4.617756382012e+03
2400  3.859645e-05  9.422948e-06  2.200763e-05  7.999006e-09  -4.617756382939e+03
2500  2.900231e-05  7.079738e-06  1.653470e-05  5.995389e-09  -4.617756383632e+03
2600  2.179199e-05  5.319150e-06  1.242269e-05  4.495632e-09  -4.617756384153e+03
2700  1.637367e-05  3.996347e-06  9.333246e-06  3.372406e-09  -4.617756384543e+03
2800  1.230224e-05  3.002488e-06  7.012093e-06  2.532033e-09  -4.617756384835e+03
2900  9.243032e-06  2.255781e-06  5.268186e-06  1.899934e-09  -4.617756385055e+03
3000  6.944467e-06  1.694771e-06  3.957978e-06  1.426997e-09  -4.617756385220e+03
3100  5.217462e-06  1.273280e-06  2.973616e-06  1.071385e-09  -4.617756385344e+03
3200  3.919914e-06  9.566116e-07  2.234065e-06  8.039933e-10  -4.617756385437e+03
3300  2.945042e-06  7.186985e-07  1.678442e-06  6.057235e-10  -4.617756385507e+03
3400  2.212611e-06  5.399548e-07  1.261004e-06  4.520189e-10  -4.617756385559e+03
3500  1.662330e-06  4.056650e-07  9.473841e-07  3.410605e-10  -4.617756385599e+03
3600  1.248903e-06  3.047737e-07  7.117635e-07  2.555680e-10  -4.617756385628e+03
3700  9.382950e-07  2.289745e-07  5.347431e-07  1.937224e-10  -4.617756385651e+03
3800  7.049366e-07  1.720271e-07  4.017488e-07  1.427907e-10  -4.617756385667e+03
3900  5.296148e-07  1.292428e-07  3.018310e-07  1.082299e-10  -4.617756385680e+03
4000  3.978957e-07  9.709915e-08  2.267634e-07  8.185452e-11  -4.617756385689e+03
4100  2.989366e-07  7.294991e-08  1.703657e-07  6.366463e-11  -4.617756385696e+03
4200  2.245891e-07  5.480674e-08  1.279945e-07  4.638423e-11  -4.617756385702e+03
4300  1.687328e-07  4.117594e-08  9.616138e-08  3.456080e-11  -4.617756385706e+03
4400  1.267672e-07  3.093515e-08  7.224530e-08  2.637535e-11  -4.617756385709e+03
4500  9.523914e-08  2.324134e-08  5.427735e-08  2.000888e-11  -4.617756385711e+03
4600  7.155284e-08  1.746107e-08  4.077819e-08  1.728040e-11  -4.617756385713e+03
4700  5.375684e-08  1.311836e-08  3.063634e-08  1.091394e-11  -4.617756385714e+03
4800  4.038714e-08  9.855724e-09  2.301685e-08  9.094947e-12  -4.617756385715e+03
4900  3.034211e-08  7.404505e-09  1.729236e-08  7.275958e-12  -4.617756385716e+03
5000  2.279650e-08  5.562991e-09  1.299166e-08  4.547474e-12  -4.617756385716e+03
5100  1.712675e-08  4.179427e-09  9.760533e-09  2.728484e-12  -4.617756385717e+03
5200  1.286692e-08  3.139957e-09  7.333000e-09  3.637979e-12  -4.617756385717e+03
5300  9.666949e-09  2.359033e-09  5.509237e-09  1.818989e-12  -4.617756385717e+03
5400  7.262298e-09  1.772300e-09  4.139022e-09  3.637979e-12  -4.617756385717e+03
5500  5.456574e-09  1.331543e-09  3.109644e-09  0.000000e+00  -4.617756385717e+03
5600  4.099657e-09  1.000388e-09  2.336263e-09  9.094947e-13  -4.617756385718e+03
5700  3.079353e-09  7.515436e-10  1.755172e-09  0.000000e+00  -4.617756385718e+03
5800  2.313408e-09  5.646230e-10  1.318643e-09  9.094947e-13  -4.617756385718e+03
5900  1.737895e-09  4.241894e-10  9.906794e-10  0.000000e+00  -4.617756385718e+03
6000  1.306140e-09  3.187191e-10  7.443207e-10  9.094947e-13  -4.617756385718e+03
