0  1.904072e+01  9.850398e-01  1.510911e+00  3.975149e+01  5.000000e-03 -4.593154290909e+03
1000  7.421630e-03  8.618474e-03  1.511070e-02  4.204607e+01  5.000000e-03 -4.604300382006e+03
2000  2.944561e-04  6.901166e-04  1.231357e-03  4.203987e+01  5.000000e-03 -4.604294320983e+03
3000  2.077598e-05  4.580524e-05  8.201570e-05  4.203986e+01  5.000000e-03 -4.604294169560e+03
4000  1.334914e-06  2.917704e-06  5.227142e-06  4.203987e+01  5.000000e-03 -4.604294163143e+03
5000  8.485478e-08  1.854400e-07  3.322321e-07  4.203987e+01  5.000000e-03 -4.604294162775e+03
6000  5.402894e-09  1.181396e-08  2.116529e-08  4.203987e+01  5.000000e-03 -4.604294162752e+03
7000  3.446015e-10  7.537467e-10  1.350354e-09  4.203987e+01  5.000000e-03 -4.604294162751e+03
0  1.450386e+01  9.939523e-01  1.509987e+00  3.088238e+01  5.000000e-03 -4.802736071792e+03
1000  7.243278e-04  1.521002e-03  2.639430e-03  3.251395e+01  5.000000e-03 -4.815325863822e+03
2000  6.965113e-06  9.306684e-06  1.624814e-05  3.251116e+01  5.000000e-03 -4.815325411167e+03
3000  6.998957e-08  6.232220e-08  1.105718e-07  3.251114e+01  5.000000e-03 -4.815325406462e+03
