0  1.450386e+01  9.939523e-01  1.509987e+00  4.802736e+03  -4.802736071792e+03
100  2.558714e-02  7.202301e-02  1.239155e-01  1.027120e-03  -4.815239130533e+03
200  2.752335e-02  5.548671e-02  9.556540e-02  3.423038e-04  -4.815303650146e+03
300  2.010294e-02  3.863987e-02  6.668657e-02  9.287706e-05  -4.815322873303e+03
400  1.276459e-02  2.573270e-02  4.446150e-02  1.816485e-05  -4.815327639783e+03
500  7.895436e-03  1.661732e-02  2.873707e-02  2.484693e-06  -4.815328182133e+03
600  4.867808e-03  1.051388e-02  1.819618e-02  6.577272e-06  -4.815327658237e+03
700  3.008315e-03  6.561262e-03  1.136362e-02  5.992609e-06  -4.815327013056e+03
800  1.865643e-03  4.055834e-03  7.029192e-03  4.466852e-06  -4.815326489582e+03
900  1.160840e-03  2.490083e-03  4.318394e-03  3.074837e-06  -4.815326115869e+03
1000  7.243278e-04  1.521002e-03  2.639430e-03  2.036106e-06  -4.815325863822e+03
1100  4.529854e-04  9.253253e-04  1.606709e-03  1.320642e-06  -4.815325698707e+03
1200  2.838028e-04  5.610467e-04  9.747593e-04  8.467450e-07  -4.815325592248e+03
1300  1.780603e-04  3.391741e-04  5.896196e-04  5.393413e-07  -4.815325524221e+03
1400  1.118422e-04  2.044899e-04  3.556887e-04  3.422474e-07  -4.815325480974e+03
1500  7.031254e-05  1.229716e-04  2.140190e-04  2.167153e-07  -4.815325453562e+03
1600  4.423570e-05  7.376413e-05  1.284535e-04  1.370681e-07  -4.815325436214e+03
1700  2.784643e-05  4.413603e-05  7.690483e-05  8.663756e-08  -4.815325425246e+03
1800  1.753801e-05  2.634078e-05  4.592593e-05  5.474521e-08  -4.815325418314e+03
1900  1.105031e-05  1.567884e-05  2.735425e-05  3.458990e-08  -4.815325413934e+03
2000  6.965113e-06  9.306684e-06  1.624814e-05  2.185698e-08  -4.815325411167e+03
2100  4.391624e-06  5.508089e-06  9.623385e-06  1.381068e-08  -4.815325409418e+03
2200  2.769827e-06  3.249689e-06  5.682139e-06  8.728421e-09  -4.815325408313e+03
2300  1.747437e-06  1.910760e-06  3.343872e-06  5.517904e-09  -4.815325407615e+03
2400  1.102719e-06  1.119325e-06  1.960697e-06  3.487912e-09  -4.815325407173e+03
2500  6.960454e-07  6.697344e-07  1.187670e-06  2.205525e-09  -4.815325406894e+03
2600  4.394566e-07  4.164707e-07  7.386162e-07  1.395165e-09  -4.815325406717e+03
2700  2.775215e-07  2.589975e-07  4.593791e-07  8.831194e-10  -4.815325406606e+03
2800  1.752982e-07  1.610794e-07  2.857310e-07  5.557013e-10  -4.815325406535e+03
2900  1.107538e-07  1.001894e-07  1.777382e-07  3.537934e-10  -4.815325406490e+03
3000  6.998957e-08  6.232220e-08  1.105718e-07  2.255547e-10  -4.815325406462e+03
3100  4.423887e-08  3.877096e-08  6.879413e-08  1.418812e-10  -4.815325406444e+03
3200  2.796809e-08  2.412207e-08  4.280586e-08  9.003998e-11  -4.815325406433e+03
3300  1.768568e-08  1.500964e-08  2.663810e-08  5.547918e-11  -4.815325406426e+03
3400  1.118571e-08  9.340570e-09  1.657876e-08  3.547029e-11  -4.815325406421e+03
3500  7.076228e-09  5.813372e-09  1.031936e-08  2.091838e-11  -4.815325406418e+03
3600  4.477178e-09  3.618522e-09  6.423968e-09  1.364242e-11  -4.815325406416e+03
3700  2.833654e-09  2.252651e-09  3.999571e-09  6.366463e-12  -4.815325406415e+03
3800  1.793634e-09  1.402509e-09  2.490431e-09  6.366463e-12  -4.815325406415e+03
3900  1.135489e-09  8.733216e-10  1.550931e-09  2.728484e-12  -4.815325406414e+03
