0  2.781853e+00  2.081886e-01  3.224612e-01  5.133776e+03  -5.133775569925e+03
100  8.097614e-03  6.232504e-03  9.636290e-03  3.413284e-05  -5.134069433635e+03
200  6.310175e-03  2.218210e-03  4.318636e-03  8.270098e-06  -5.134071225231e+03
300  4.896423e-03  1.405686e-03  3.004430e-03  2.354079e-06  -5.134071686287e+03
400  3.994395e-03  1.031434e-03  2.236510e-03  7.940807e-07  -5.134071827355e+03
500  3.130434e-03  7.738485e-04  1.684395e-03  2.912557e-07  -5.134071877178e+03
600  2.416315e-03  5.838033e-04  1.270069e-03  9.606811e-08  -5.134071895041e+03
700  1.850631e-03  4.410007e-04  9.582199e-04  1.281933e-08  -5.134071899867e+03
800  1.410723e-03  3.331890e-04  7.231624e-04  2.198067e-08  -5.134071899126e+03
900  1.072074e-03  2.517049e-04  5.458419e-04  3.407695e-08  -5.134071896191e+03
1000  8.130102e-04  1.901137e-04  4.120188e-04  3.553214e-08  -5.134071892652e+03
1100  6.156521e-04  1.435680e-04  3.110032e-04  3.235891e-08  -5.134071889236e+03
1200  4.657286e-04  1.084014e-04  2.347474e-04  2.756224e-08  -5.134071886237e+03
1300  3.520627e-04  8.183837e-05  1.771828e-04  2.258093e-08  -5.134071883734e+03
1400  2.660043e-04  6.177827e-05  1.337295e-04  1.805165e-08  -5.134071881710e+03
1500  2.009108e-04  4.663164e-05  1.009299e-04  1.419721e-08  -5.134071880105e+03
1600  1.517082e-04  3.519650e-05  7.617292e-05  1.104036e-08  -5.134071878851e+03
1700  1.145349e-04  2.656431e-05  5.748735e-05  8.518327e-09  -5.134071877879e+03
1800  8.645940e-05  2.004853e-05  4.338468e-05  6.533810e-09  -5.134071877132e+03
1900  6.526013e-05  1.513057e-05  3.274121e-05  4.990397e-09  -5.134071876560e+03
2000  4.925567e-05  1.141878e-05  2.470862e-05  3.798959e-09  -5.134071876123e+03
2100  3.717449e-05  8.617424e-06  1.864655e-05  2.887646e-09  -5.134071875792e+03
2200  2.805562e-05  6.503251e-06  1.407168e-05  2.189154e-09  -5.134071875540e+03
2300  2.117311e-05  4.907723e-06  1.061919e-05  1.658009e-09  -5.134071875349e+03
2400  1.597874e-05  3.703624e-06  8.013739e-06  1.256012e-09  -5.134071875204e+03
2500  1.205855e-05  2.794935e-06  6.047527e-06  9.495125e-10  -5.134071875095e+03
2600  9.100051e-06  2.109187e-06  4.563725e-06  7.175913e-10  -5.134071875012e+03
2700  6.867364e-06  1.591686e-06  3.443979e-06  5.402399e-10  -5.134071874950e+03
2800  5.182439e-06  1.201154e-06  2.598968e-06  4.101821e-10  -5.134071874902e+03
2900  3.910902e-06  9.064407e-07  1.961286e-06  3.074092e-10  -5.134071874867e+03
3000  2.951337e-06  6.840372e-07  1.480065e-06  2.328306e-10  -5.134071874840e+03
3100  2.227203e-06  5.162019e-07  1.116916e-06  1.773515e-10  -5.134071874820e+03
3200  1.680738e-06  3.895465e-07  8.428682e-07  1.346052e-10  -5.134071874804e+03
3300  1.268353e-06  2.939671e-07  6.360613e-07  1.009539e-10  -5.134071874793e+03
3400  9.571500e-07  2.218391e-07  4.799966e-07  7.548806e-11  -5.134071874784e+03
3500  7.223034e-07  1.674084e-07  3.622240e-07  5.638867e-11  -5.134071874777e+03
3600  5.450779e-07  1.263329e-07  2.733482e-07  4.456524e-11  -5.134071874772e+03
3700  4.113371e-07  9.533567e-08  2.062791e-07  3.547029e-11  -5.134071874769e+03
3800  3.104111e-07  7.194398e-08  1.556661e-07  2.364686e-11  -5.134071874766e+03
3900  2.342479e-07  5.429168e-08  1.174716e-07  1.818989e-11  -5.134071874764e+03
4000  1.767728e-07  4.097061e-08  8.864864e-08  1.273293e-11  -5.134071874762e+03
4100  1.333995e-07  3.091799e-08  6.689766e-08  8.185452e-12  -5.134071874761e+03
4200  1.006690e-07  2.333194e-08  5.048357e-08  8.185452e-12  -5.134071874760e+03
4300  7.596783e-08  1.760713e-08  3.809680e-08  5.456968e-12  -5.134071874759e+03
4400  5.732867e-08  1.328704e-08  2.874933e-08  5.456968e-12  -5.134071874759e+03
4500  4.326253e-08  1.002692e-08  2.169535e-08  5.456968e-12  -5.134071874758e+03
4600  3.264723e-08  7.566676e-09  1.637212e-08  4.547474e-12  -5.134071874758e+03
4700  2.463710e-08  5.710119e-09  1.235505e-08  1.818989e-12  -5.134071874758e+03
4800  1.859245e-08  4.309094e-09  9.323614e-09  1.818989e-12  -5.134071874758e+03
4900  1.402980e-08  3.251765e-09  7.035913e-09  1.818989e-12  -5.134071874757e+03
5000  1.058776e-08  2.453925e-09  5.309589e-09  2.728484e-12  -5.134071874757e+03
5100  7.989817e-09  1.851820e-09  4.006812e-09  9.094947e-13  -5.134071874757e+03
5200  6.029759e-09  1.397473e-09  3.023715e-09  1.818989e-12  -5.134071874757e+03
5300  4.549965e-09  1.054569e-09  2.281792e-09  9.094947e-13  -5.134071874757e+03
5400  3.433884e-09  7.958346e-10  1.721945e-09  9.094947e-13  -5.134071874757e+03
5500  2.590618e-09  6.005272e-10  1.299404e-09  0.000000e+00  -5.134071874757e+03
5600  1.955574e-09  4.532144e-10  9.806151e-10  0.000000e+00  -5.134071874757e+03
5700  1.475389e-09  3.419929e-10  7.399883e-10  9.094947e-13  -5.134071874757e+03
5800  1.113862e-09  2.581055e-10  5.584484e-10  1.818989e-12  -5.134071874757e+03
