0  1.117980e+01  9.565143e-01  1.481522e+00  5.134384e+03  -5.134383795002e+03
100  2.282221e-02  1.443979e-02  2.212229e-02  7.482495e-05  -5.147282345078e+03
200  1.239029e-03  4.262950e-03  7.538800e-03  1.377701e-05  -5.147279039832e+03
300  1.125062e-03  1.156207e-03  2.455229e-03  4.245459e-06  -5.147278251015e+03
400  8.351801e-04  4.724786e-04  9.195598e-04  1.566816e-06  -5.147277986773e+03
500  5.094310e-04  2.356832e-04  4.559570e-04  6.606206e-07  -5.147277883371e+03
600  2.945436e-04  1.331192e-04  2.376960e-04  3.129508e-07  -5.147277837420e+03
700  1.688148e-04  7.436390e-05  1.331780e-04  1.630096e-07  -5.147277814663e+03
800  9.742581e-05  4.123164e-05  7.406573e-05  9.107134e-08  -5.147277802401e+03
900  5.697089e-05  2.276041e-05  4.101085e-05  5.340189e-08  -5.147277795386e+03
1000  3.383315e-05  1.253641e-05  2.265853e-05  3.235346e-08  -5.147277791206e+03
1100  2.041155e-05  6.901045e-06  1.251206e-05  2.004163e-08  -5.147277788645e+03
1200  1.250014e-05  3.801558e-06  6.914584e-06  1.261105e-08  -5.147277787046e+03
1300  7.760051e-06  2.097949e-06  3.828707e-06  8.028110e-09  -5.147277786035e+03
1400  4.875450e-06  1.161086e-06  2.126504e-06  5.155016e-09  -5.147277785388e+03
1500  3.094777e-06  6.450772e-07  1.283349e-06  3.336027e-09  -5.147277784971e+03
1600  1.981552e-06  3.601494e-07  8.422973e-07  2.168235e-09  -5.147277784701e+03
1700  1.277921e-06  2.148612e-07  5.547934e-07  1.416083e-09  -5.147277784525e+03
1800  8.290225e-07  1.427126e-07  3.663746e-07  9.285941e-10  -5.147277784410e+03
1900  5.404014e-07  9.483203e-08  2.424032e-07  6.120899e-10  -5.147277784334e+03
2000  3.536346e-07  6.303312e-08  1.605989e-07  4.019967e-10  -5.147277784284e+03
2100  2.321416e-07  4.190419e-08  1.065056e-07  2.637535e-10  -5.147277784251e+03
2200  1.527719e-07  2.786055e-08  7.068177e-08  1.773515e-10  -5.147277784230e+03
2300  1.007418e-07  1.852443e-08  4.693110e-08  1.173248e-10  -5.147277784215e+03
2400  6.653854e-08  1.231709e-08  3.117230e-08  7.821654e-11  -5.147277784206e+03
2500  4.400474e-08  8.189796e-09  2.071037e-08  5.184120e-11  -5.147277784200e+03
2600  2.913181e-08  5.445425e-09  1.376208e-08  3.365130e-11  -5.147277784196e+03
2700  1.930210e-08  3.620653e-09  9.146121e-09  2.273737e-11  -5.147277784193e+03
2800  1.279720e-08  2.407297e-09  6.078919e-09  1.364242e-11  -5.147277784191e+03
2900  8.489129e-09  1.600538e-09  4.040582e-09  1.000444e-11  -5.147277784190e+03
3000  5.633418e-09  1.064113e-09  2.685817e-09  5.456968e-12  -5.147277784189e+03
3100  3.740225e-09  7.074907e-10  1.785390e-09  6.366463e-12  -5.147277784188e+03
3200  2.483309e-09  4.703442e-10  1.186808e-09  1.818989e-12  -5.147277784188e+03
3300  1.649499e-09  3.127028e-10  7.889489e-10  1.818989e-12  -5.147277784188e+03
3400  1.096122e-09  2.079090e-10  5.244940e-10  3.637979e-12  -5.147277784188e+03
