0  4.013992e+00  3.505204e-01  5.439147e-01  5.149365e+03  -5.149365217693e+03
100  4.007397e-03  4.040833e-03  6.252338e-03  5.772647e-06  -5.149937702516e+03
200  3.076123e-03  1.283446e-03  2.584233e-03  1.384715e-06  -5.149938010192e+03
300  2.810223e-03  7.986245e-04  1.713876e-03  3.231444e-07  -5.149938082854e+03
400  2.298636e-03  5.769264e-04  1.245894e-03  5.385209e-08  -5.149938098741e+03
500  1.795026e-03  4.333840e-04  9.324719e-04  2.381148e-08  -5.149938099449e+03
600  1.384295e-03  3.291303e-04  7.054913e-04  4.654703e-08  -5.149938095673e+03
700  1.062916e-03  2.508160e-04  5.363186e-04  5.016318e-08  -5.149938090743e+03
800  8.145818e-04  1.913793e-04  4.088564e-04  4.642698e-08  -5.149938085879e+03
900  6.236072e-04  1.461069e-04  3.122021e-04  4.009144e-08  -5.149938081546e+03
1000  4.770823e-04  1.115720e-04  2.384229e-04  3.329296e-08  -5.149938077881e+03
1100  3.648134e-04  8.521001e-05  1.820894e-04  2.697470e-08  -5.149938074877e+03
1200  2.788693e-04  6.507999e-05  1.390697e-04  2.149773e-08  -5.149938072464e+03
1300  2.131192e-04  4.970629e-05  1.062145e-04  1.694116e-08  -5.149938070552e+03
1400  1.628417e-04  3.796426e-05  8.112130e-05  1.324042e-08  -5.149938069051e+03
1500  1.244087e-04  2.899579e-05  6.195604e-05  1.028366e-08  -5.149938067882e+03
1600  9.503715e-05  2.214576e-05  4.731835e-05  7.960807e-09  -5.149938066976e+03
1700  7.259477e-05  1.691381e-05  3.613870e-05  6.138180e-09  -5.149938066275e+03
1800  5.544914e-05  1.291778e-05  2.760023e-05  4.723006e-09  -5.149938065736e+03
1900  4.235142e-05  9.865764e-06  2.107903e-05  3.626155e-09  -5.149938065322e+03
2000  3.234664e-05  7.534779e-06  1.609854e-05  2.783054e-09  -5.149938065003e+03
2100  2.470482e-05  5.754502e-06  1.229478e-05  2.131856e-09  -5.149938064760e+03
2200  1.886808e-05  4.394840e-06  9.389741e-06  1.632543e-09  -5.149938064573e+03
2300  1.441017e-05  3.356423e-06  7.171095e-06  1.248736e-09  -5.149938064430e+03
2400  1.100543e-05  2.563357e-06  5.476669e-06  9.540599e-10  -5.149938064320e+03
2500  8.405095e-06  1.957675e-06  4.182605e-06  7.303242e-10  -5.149938064237e+03
2600  6.419131e-06  1.495103e-06  3.194307e-06  5.575203e-10  -5.149938064173e+03
2700  4.902396e-06  1.141829e-06  2.439530e-06  4.247340e-10  -5.149938064124e+03
2800  3.744032e-06  8.720288e-07  1.863096e-06  3.237801e-10  -5.149938064087e+03
2900  2.859368e-06  6.659783e-07  1.422866e-06  2.482921e-10  -5.149938064058e+03
3000  2.183735e-06  5.086149e-07  1.086658e-06  1.909939e-10  -5.149938064036e+03
3100  1.667743e-06  3.884345e-07  8.298915e-07  1.464286e-10  -5.149938064020e+03
3200  1.273674e-06  2.966514e-07  6.337964e-07  1.100489e-10  -5.149938064007e+03
3300  9.727185e-07  2.265556e-07  4.840365e-07  8.367351e-11  -5.149938063997e+03
3400  7.428748e-07  1.730228e-07  3.696634e-07  6.548362e-11  -5.149938063990e+03
3500  5.673411e-07  1.321392e-07  2.823154e-07  5.002221e-11  -5.149938063984e+03
3600  4.332840e-07  1.009159e-07  2.156070e-07  3.456080e-11  -5.149938063980e+03
3700  3.309033e-07  7.707047e-08  1.646611e-07  3.001333e-11  -5.149938063977e+03
3800  2.527138e-07  5.885944e-08  1.257532e-07  2.364686e-11  -5.149938063974e+03
3900  1.929999e-07  4.495151e-08  9.603891e-08  1.546141e-11  -5.149938063972e+03
4000  1.473961e-07  3.432990e-08  7.334583e-08  1.455192e-11  -5.149938063971e+03
4100  1.125673e-07  2.621804e-08  5.601487e-08  9.094947e-12  -5.149938063970e+03
4200  8.596918e-08  2.002299e-08  4.277910e-08  9.094947e-12  -5.149938063969e+03
4300  6.565504e-08  1.529172e-08  3.267077e-08  5.456968e-12  -5.149938063968e+03
4400  5.014138e-08  1.167843e-08  2.495098e-08  1.818989e-12  -5.149938063968e+03
4500  3.829334e-08  8.918920e-09  1.905529e-08  4.547474e-12  -5.149938063967e+03
4600  2.924501e-08  6.811463e-09  1.455270e-08  9.094947e-13  -5.149938063967e+03
4700  2.233490e-08  5.201989e-09  1.111404e-08  0.000000e+00  -5.149938063967e+03
4800  1.705719e-08  3.972797e-09  8.487887e-09  0.000000e+00  -5.149938063966e+03
4900  1.302680e-08  3.034066e-09  6.482283e-09  0.000000e+00  -5.149938063966e+03
5000  9.948426e-09  2.317130e-09  4.950566e-09  9.094947e-13  -5.149938063966e+03
5100  7.598330e-09  1.769649e-09  3.780829e-09  9.094947e-13  -5.149938063966e+03
5200  5.802454e-09  1.351471e-09  2.887426e-09  9.094947e-13  -5.149938063966e+03
5300  4.431718e-09  1.032149e-09  2.205173e-09  9.094947e-13  -5.149938063966e+03
5400  3.384756e-09  7.882740e-10  1.684124e-09  2.728484e-12  -5.149938063966e+03
5500  2.584404e-09  6.019806e-10  1.286147e-09  9.094947e-13  -5.149938063966e+03
5600  1.974119e-09  4.597597e-10  9.822655e-10  9.094947e-13  -5.149938063966e+03
5700  1.507040e-09  3.510888e-10  7.501308e-10  0.000000e+00  -5.149938063966e+03
5800  1.151348e-09  2.681528e-10  5.729051e-10  1.818989e-12  -5.149938063966e+03
