0  9.141313e+00  2.323110e+00  3.613466e+00  4.990162e+03  -4.990161871894e+03
100  4.668775e-02  8.438589e-02  1.396998e-01  3.927651e-03  -4.996422850221e+03
200  4.495427e-02  4.742191e-02  7.902479e-02  8.788397e-04  -4.996625502332e+03
300  2.826770e-02  2.730298e-02  4.629657e-02  1.918619e-04  -4.996670443652e+03
400  1.691162e-02  1.575344e-02  2.692624e-02  3.756690e-05  -4.996679981212e+03
500  1.005423e-02  8.965967e-03  1.535802e-02  3.791458e-06  -4.996681608554e+03
600  6.004161e-03  5.043815e-03  8.667246e-03  2.540726e-06  -4.996681572705e+03
700  3.613274e-03  2.823133e-03  4.939929e-03  2.875610e-06  -4.996681282685e+03
800  2.193415e-03  1.596734e-03  2.798926e-03  2.159416e-06  -4.996681029432e+03
900  1.343341e-03  8.996791e-04  1.579686e-03  1.464118e-06  -4.996680850028e+03
1000  8.298886e-04  5.056911e-04  8.893388e-04  9.589057e-07  -4.996680730712e+03
1100  5.169692e-04  2.838267e-04  4.999535e-04  6.206692e-07  -4.996680653086e+03
1200  3.245756e-04  1.591925e-04  2.808736e-04  4.006315e-07  -4.996680602930e+03
1300  2.052753e-04  8.928306e-05  1.578007e-04  2.588595e-07  -4.996680570546e+03
1400  1.306987e-04  5.009994e-05  8.871361e-05  1.676863e-07  -4.996680549598e+03
1500  8.372474e-05  2.814219e-05  4.993538e-05  1.089620e-07  -4.996680536009e+03
1600  5.392844e-05  1.583283e-05  2.815875e-05  7.103063e-08  -4.996680527166e+03
1700  3.490624e-05  8.926305e-06  1.591694e-05  4.644062e-08  -4.996680521393e+03
1800  2.269137e-05  5.045907e-06  9.258884e-06  3.044715e-08  -4.996680517614e+03
1900  1.480669e-05  2.861643e-06  6.188791e-06  2.001070e-08  -4.996680515133e+03
2000  9.693514e-06  1.639618e-06  4.135232e-06  1.317858e-08  -4.996680513501e+03
2100  6.364091e-06  1.096757e-06  2.762240e-06  8.696588e-09  -4.996680512425e+03
2200  4.188416e-06  7.332494e-07  1.844629e-06  5.747097e-09  -4.996680511714e+03
2300  2.762283e-06  4.900100e-07  1.231570e-06  3.805326e-09  -4.996680511244e+03
2400  1.824975e-06  3.273424e-07  8.221036e-07  2.519300e-09  -4.996680510933e+03
2500  1.207534e-06  2.186101e-07  5.486859e-07  1.674380e-09  -4.996680510727e+03
2600  8.000075e-07  1.459589e-07  3.661524e-07  1.111403e-09  -4.996680510590e+03
2700  5.305847e-07  9.743213e-08  2.443151e-07  7.366907e-10  -4.996680510499e+03
2800  3.522143e-07  6.502791e-08  1.630035e-07  4.902176e-10  -4.996680510438e+03
2900  2.339854e-07  4.339464e-08  1.087448e-07  3.255991e-10  -4.996680510398e+03
3000  1.555415e-07  2.895487e-08  7.254224e-08  2.173692e-10  -4.996680510371e+03
3100  1.034507e-07  1.931811e-08  4.838925e-08  1.427907e-10  -4.996680510353e+03
3200  6.883576e-08  1.288763e-08  3.227652e-08  9.458745e-11  -4.996680510342e+03
3300  4.581986e-08  8.597090e-09  2.152817e-08  6.275513e-11  -4.996680510334e+03
3400  3.050938e-08  5.734661e-09  1.435868e-08  4.365575e-11  -4.996680510328e+03
3500  2.031971e-08  3.825093e-09  9.576552e-09  2.819434e-11  -4.996680510325e+03
3600  1.353636e-08  2.551301e-09  6.386974e-09  1.818989e-11  -4.996680510323e+03
3700  9.018780e-09  1.701622e-09  4.259616e-09  1.364242e-11  -4.996680510321e+03
3800  6.010226e-09  1.134911e-09  2.840824e-09  9.094947e-12  -4.996680510320e+03
3900  4.005665e-09  7.569165e-10  1.894569e-09  5.456968e-12  -4.996680510319e+03
4000  2.669714e-09  5.047972e-10  1.263475e-09  4.547474e-12  -4.996680510319e+03
4100  1.779468e-09  3.366479e-10  8.425927e-10  1.818989e-12  -4.996680510319e+03
4200  1.186096e-09  2.245039e-10  5.619027e-10  9.094947e-13  -4.996680510318e+03
