0  6.777321e+00  4.736622e-01  7.207782e-01  4.824941e+03  -4.824940729394e+03
100  2.368099e-02  3.787100e-02  6.201310e-02  1.133422e-03  -4.826781712707e+03
200  2.186407e-02  2.175629e-02  3.597231e-02  2.430342e-04  -4.826839244948e+03
300  1.354162e-02  1.232766e-02  2.068491e-02  5.111542e-05  -4.826851483241e+03
400  8.006710e-03  6.916064e-03  1.166440e-02  1.009632e-05  -4.826854014465e+03
500  4.735454e-03  3.813340e-03  6.461821e-03  1.481831e-06  -4.826854479580e+03
600  2.839760e-03  2.087616e-03  3.606397e-03  1.774288e-07  -4.826854520703e+03
700  1.735548e-03  1.149658e-03  1.993245e-03  3.828227e-07  -4.826854487969e+03
800  1.083051e-03  6.286531e-04  1.093733e-03  3.189807e-07  -4.826854452245e+03
900  6.902029e-04  3.418350e-04  5.968384e-04  2.310981e-07  -4.826854424880e+03
1000  4.487116e-04  1.850076e-04  3.242664e-04  1.618300e-07  -4.826854405450e+03
1100  2.970465e-04  9.971706e-05  1.755518e-04  1.126709e-07  -4.826854391898e+03
1200  1.997822e-04  5.353852e-05  9.475981e-05  7.863673e-08  -4.826854382454e+03
1300  1.361778e-04  2.863336e-05  5.864404e-05  5.512993e-08  -4.826854375849e+03
1400  9.385265e-05  1.828543e-05  4.197490e-05  3.881996e-08  -4.826854371209e+03
1500  6.525982e-05  1.312613e-05  3.015403e-05  2.743855e-08  -4.826854367936e+03
1600  4.569819e-05  9.418109e-06  2.164459e-05  1.945682e-08  -4.826854365618e+03
1700  3.217623e-05  6.755182e-06  1.552786e-05  1.382705e-08  -4.826854363973e+03
1800  2.275152e-05  4.843891e-06  1.113543e-05  9.848009e-09  -4.826854362803e+03
1900  1.613963e-05  3.472673e-06  7.983360e-06  7.024028e-09  -4.826854361969e+03
2000  1.147749e-05  2.489240e-06  5.722465e-06  5.014954e-09  -4.826854361373e+03
2100  8.177315e-06  1.784100e-06  4.101318e-06  3.584319e-09  -4.826854360948e+03
2200  5.834252e-06  1.278597e-06  2.939160e-06  2.562047e-09  -4.826854360644e+03
2300  4.166956e-06  9.162607e-07  2.106175e-06  1.832632e-09  -4.826854360427e+03
2400  2.978497e-06  6.565727e-07  1.509195e-06  1.309672e-09  -4.826854360271e+03
2500  2.130265e-06  4.704681e-07  1.081388e-06  9.385985e-10  -4.826854360160e+03
2600  1.524274e-06  3.371051e-07  7.748315e-07  6.739356e-10  -4.826854360080e+03
2700  1.091031e-06  2.415412e-07  5.551695e-07  4.811227e-10  -4.826854360023e+03
2800  7.811218e-07  1.730654e-07  3.977760e-07  3.465175e-10  -4.826854359982e+03
2900  5.593467e-07  1.240007e-07  2.850018e-07  2.473826e-10  -4.826854359953e+03
3000  4.005935e-07  8.884523e-08  2.041992e-07  1.764420e-10  -4.826854359932e+03
3100  2.869267e-07  6.365627e-08  1.463047e-07  1.264198e-10  -4.826854359917e+03
3200  2.055284e-07  4.560854e-08  1.048241e-07  9.094947e-11  -4.826854359906e+03
3300  1.472306e-07  3.267757e-08  7.510395e-08  6.457412e-11  -4.826854359899e+03
3400  1.054728e-07  2.341270e-08  5.381006e-08  4.820322e-11  -4.826854359893e+03
3500  7.556138e-08  1.677464e-08  3.855352e-08  3.183231e-11  -4.826854359889e+03
3600  5.413408e-08  1.201862e-08  2.762259e-08  2.182787e-11  -4.826854359886e+03
3700  3.878346e-08  8.611020e-09  1.979083e-08  1.546141e-11  -4.826854359884e+03
3800  2.778558e-08  6.169530e-09  1.417955e-08  1.364242e-11  -4.826854359883e+03
3900  1.990773e-08  4.420342e-09  1.015930e-08  9.094947e-12  -4.826854359882e+03
4000  1.426291e-08  3.167048e-09  7.278845e-09  3.637979e-12  -4.826854359881e+03
4100  1.021833e-08  2.269074e-09  5.215059e-09  3.637979e-12  -4.826854359880e+03
4200  7.320995e-09  1.625725e-09  3.736441e-09  5.456968e-12  -4.826854359880e+03
4300  5.245735e-09  1.164813e-09  2.677081e-09  1.818989e-12  -4.826854359880e+03
4400  3.758410e-09  8.345575e-10  1.918054e-09  9.094947e-13  -4.826854359880e+03
4500  2.692770e-09  5.979363e-10  1.374229e-09  4.547474e-12  -4.826854359879e+03
4600  1.929132e-09  4.283942e-10  9.845862e-10  1.818989e-12  -4.826854359879e+03
4700  1.382048e-09  3.069275e-10  7.054248e-10  0.000000e+00  -4.826854359879e+03
