0  1.006225e+01  2.611393e+00  4.061152e+00  4.986050e+03  -4.986049850508e+03
100  4.650327e-02  9.554739e-02  1.592586e-01  3.982296e-03  -4.994680054279e+03
200  4.486779e-02  5.512775e-02  9.216727e-02  9.178906e-04  -4.994888127945e+03
300  2.865662e-02  2.915056e-02  4.943831e-02  2.045796e-04  -4.994935481643e+03
400  1.724480e-02  1.693980e-02  2.911853e-02  3.978613e-05  -4.994945667323e+03
500  1.027467e-02  9.845050e-03  1.695400e-02  2.937727e-06  -4.994947325692e+03
600  6.132436e-03  5.651130e-03  9.747357e-03  3.859625e-06  -4.994947170065e+03
700  3.678680e-03  3.219160e-03  5.560428e-03  3.948266e-06  -4.994946758357e+03
800  2.219950e-03  1.825122e-03  3.200647e-03  2.895486e-06  -4.994946415114e+03
900  1.347876e-03  1.041684e-03  1.837557e-03  1.933088e-06  -4.994946176335e+03
1000  8.233043e-04  5.956393e-04  1.052038e-03  1.246163e-06  -4.994946019947e+03
1100  5.058010e-04  3.399929e-04  6.012179e-04  7.924136e-07  -4.994945919884e+03
1200  3.124621e-04  1.938618e-04  3.432047e-04  5.015445e-07  -4.994945856426e+03
1300  1.940417e-04  1.104786e-04  1.958109e-04  3.172736e-07  -4.994945816280e+03
1400  1.211015e-04  6.295234e-05  1.117070e-04  2.009865e-07  -4.994945790870e+03
1500  7.593367e-05  3.587989e-05  6.374618e-05  1.276139e-07  -4.994945774757e+03
1600  4.782103e-05  2.046151e-05  3.640092e-05  8.123970e-08  -4.994945764514e+03
1700  3.023927e-05  1.167898e-05  2.080653e-05  5.185666e-08  -4.994945757985e+03
1800  1.919369e-05  6.673940e-06  1.190848e-05  3.319019e-08  -4.994945753812e+03
1900  1.222500e-05  3.819436e-06  6.826883e-06  2.129582e-08  -4.994945751138e+03
2000  7.811106e-06  2.189713e-06  3.921384e-06  1.369699e-08  -4.994945749420e+03
2100  5.005232e-06  1.258003e-06  2.257623e-06  8.829375e-09  -4.994945748314e+03
2200  3.215612e-06  7.244726e-07  1.303185e-06  5.702532e-09  -4.994945747601e+03
2300  2.070700e-06  4.183622e-07  8.504892e-07  3.686182e-09  -4.994945747140e+03
2400  1.336220e-06  2.423378e-07  5.582839e-07  2.388333e-09  -4.994945746841e+03
2500  8.638682e-07  1.412731e-07  3.663654e-07  1.549779e-09  -4.994945746648e+03
2600  5.594156e-07  9.276954e-08  2.403605e-07  1.004082e-09  -4.994945746522e+03
2700  3.627907e-07  6.089723e-08  1.576578e-07  6.530172e-10  -4.994945746441e+03
2800  2.355793e-07  3.996293e-08  1.033914e-07  4.265530e-10  -4.994945746387e+03
2900  1.531477e-07  2.621825e-08  6.779241e-08  2.773959e-10  -4.994945746353e+03
3000  9.965862e-08  1.719697e-08  4.444420e-08  1.791705e-10  -4.994945746330e+03
3100  6.490718e-08  1.127755e-08  2.913361e-08  1.191438e-10  -4.994945746316e+03
3200  4.230629e-08  7.394465e-09  1.909536e-08  7.912604e-11  -4.994945746306e+03
3300  2.759332e-08  4.847706e-09  1.251472e-08  4.911271e-11  -4.994945746300e+03
3400  1.800724e-08  3.177681e-09  8.201221e-09  3.365130e-11  -4.994945746296e+03
3500  1.175786e-08  2.082786e-09  5.374151e-09  2.182787e-11  -4.994945746293e+03
3600  7.680025e-09  1.364987e-09  3.521352e-09  1.455192e-11  -4.994945746291e+03
3700  5.018581e-09  8.945090e-10  2.307228e-09  8.185452e-12  -4.994945746290e+03
3800  3.280705e-09  5.861634e-10  1.511669e-09  7.275958e-12  -4.994945746289e+03
3900  2.145104e-09  3.840783e-10  9.903809e-10  3.637979e-12  -4.994945746289e+03
4000  1.403151e-09  2.516643e-10  6.488527e-10  2.728484e-12  -4.994945746289e+03
