0  1.758228e+01  9.850398e-01  1.510911e+00  4.594151e+03  -4.594150684098e+03
100  1.602107e-01  2.142029e-01  4.125103e-01  7.438416e-03  -4.607047213645e+03
200  1.992900e-01  5.796321e-02  1.363238e-01  1.453162e-03  -4.607391354300e+03
300  1.339317e-01  2.925231e-02  6.519541e-02  3.690058e-04  -4.607470145233e+03
400  8.257290e-02  1.896170e-02  3.670532e-02  6.281190e-05  -4.607488554137e+03
500  5.039257e-02  1.283807e-02  2.400466e-02  2.384056e-05  -4.607489502214e+03
600  3.093206e-02  9.619007e-03  1.643333e-02  4.053441e-05  -4.607485973326e+03
700  1.915603e-02  7.157860e-03  1.225650e-02  3.624453e-05  -4.607482057216e+03
800  1.196488e-02  5.286266e-03  9.073386e-03  2.748508e-05  -4.607478868805e+03
900  7.528238e-03  3.874673e-03  6.665892e-03  1.941151e-05  -4.607476541880e+03
1000  4.765386e-03  2.819572e-03  4.861116e-03  1.321620e-05  -4.607474929806e+03
1100  3.031258e-03  2.037950e-03  3.520375e-03  8.815792e-06  -4.607473843827e+03
1200  1.935773e-03  1.463823e-03  2.533019e-03  5.811103e-06  -4.607473123851e+03
1300  1.240116e-03  1.045429e-03  1.811825e-03  3.803933e-06  -4.607472650962e+03
1400  7.965015e-04  7.427315e-04  1.288992e-03  2.480033e-06  -4.607472342053e+03
1500  5.126569e-04  5.251814e-04  9.125528e-04  1.613274e-06  -4.607472140890e+03
1600  3.305432e-04  3.697616e-04  6.431943e-04  1.048251e-06  -4.607472010112e+03
1700  2.134383e-04  2.593275e-04  4.515331e-04  6.808150e-07  -4.607471925159e+03
1800  1.379969e-04  1.812398e-04  3.158425e-04  4.421599e-07  -4.607471869986e+03
1900  8.932031e-05  1.262658e-04  2.202113e-04  2.872357e-07  -4.607471834149e+03
2000  5.787128e-05  8.771608e-05  1.530861e-04  1.866720e-07  -4.607471810865e+03
2100  3.752912e-05  6.077922e-05  1.061413e-04  1.213775e-07  -4.607471795729e+03
2200  2.435771e-05  4.201672e-05  7.341717e-05  7.896506e-08  -4.607471785885e+03
2300  1.582140e-05  2.898530e-05  5.067296e-05  5.140373e-08  -4.607471779479e+03
2400  1.028436e-05  1.995767e-05  3.490682e-05  3.348578e-08  -4.607471775308e+03
2500  6.689916e-06  1.371817e-05  2.400382e-05  2.182605e-08  -4.607471772590e+03
2600  4.354780e-06  9.414721e-06  1.648006e-05  1.423723e-08  -4.607471770817e+03
2700  2.836661e-06  6.452181e-06  1.129823e-05  9.292307e-09  -4.607471769661e+03
2800  1.849011e-06  4.416211e-06  7.735582e-06  6.069058e-09  -4.607471768906e+03
2900  1.206033e-06  3.019175e-06  5.290038e-06  3.962668e-09  -4.607471768413e+03
3000  7.871622e-07  2.061899e-06  3.613720e-06  2.592969e-09  -4.607471768091e+03
3100  5.141071e-07  1.406786e-06  2.466166e-06  1.698027e-09  -4.607471767880e+03
3200  3.359900e-07  9.589756e-07  1.681512e-06  1.112312e-09  -4.607471767742e+03
3300  2.197266e-07  6.531892e-07  1.145571e-06  7.275958e-10  -4.607471767651e+03
3400  1.437872e-07  4.445827e-07  7.798635e-07  4.756657e-10  -4.607471767592e+03
3500  9.415495e-08  3.023955e-07  5.305399e-07  3.137757e-10  -4.607471767553e+03
3600  6.169464e-08  2.055568e-07  3.606994e-07  2.055458e-10  -4.607471767528e+03
3700  4.160848e-08  1.396511e-07  2.450887e-07  1.346052e-10  -4.607471767511e+03
3800  2.834815e-08  9.482737e-08  1.664459e-07  8.913048e-11  -4.607471767500e+03
3900  1.929949e-08  6.436019e-08  1.129829e-07  5.911716e-11  -4.607471767493e+03
4000  1.313025e-08  4.366283e-08  7.665827e-08  3.910827e-11  -4.607471767488e+03
4100  8.927472e-09  2.960970e-08  5.199111e-08  2.546585e-11  -4.607471767485e+03
4200  6.066495e-09  2.007224e-08  3.524808e-08  1.728040e-11  -4.607471767483e+03
4300  4.120206e-09  1.360226e-08  2.388868e-08  1.182343e-11  -4.607471767481e+03
4400  2.797004e-09  9.214884e-09  1.618488e-08  6.366463e-12  -4.607471767481e+03
4500  1.897902e-09  6.240862e-09  1.096226e-08  6.366463e-12  -4.607471767480e+03
4600  1.287308e-09  4.225533e-09  7.422848e-09  9.094947e-13  -4.607471767480e+03
4700  8.728118e-10  2.860328e-09  5.024997e-09  1.818989e-12  -4.607471767479e+03
4800  5.915913e-10  1.935731e-09  3.400906e-09  9.094947e-13  -4.607471767479e+03
4900  4.008446e-10  1.309746e-09  2.301250e-09  1.818989e-12  -4.607471767479e+03
5000  2.715061e-10  8.860490e-10  1.556891e-09  1.818989e-12  -4.607471767479e+03
5100  1.838737e-10  5.992679e-10  1.053046e-09  9.094947e-13  -4.607471767479e+03
