0  6.520953e+00  2.307095e+00  3.592131e+00  5.302869e+03  -5.302869457573e+03
100  3.301263e-02  1.848403e-02  3.268625e-02  2.649341e-04  -5.309784498438e+03
200  1.540990e-02  9.232870e-03  1.614811e-02  6.988179e-05  -5.309798508715e+03
300  9.446006e-03  5.105816e-03  8.858518e-03  2.498298e-05  -5.309802753427e+03
400  5.759665e-03  2.787390e-03  4.810096e-03  1.142996e-05  -5.309804450944e+03
500  3.525149e-03  1.508179e-03  2.592496e-03  6.103493e-06  -5.309805289481e+03
600  2.282932e-03  8.120114e-04  1.391311e-03  3.539858e-06  -5.309805756477e+03
700  1.483715e-03  4.360328e-04  7.448100e-04  2.147662e-06  -5.309806033610e+03
800  9.602938e-04  2.338269e-04  4.308925e-04  1.337315e-06  -5.309806203987e+03
900  6.196558e-04  1.253234e-04  2.821273e-04  8.455872e-07  -5.309806310912e+03
1000  3.989791e-04  7.073244e-05  1.836219e-04  5.394522e-07  -5.309806378831e+03
1100  2.564879e-04  4.539318e-05  1.189983e-04  3.458636e-07  -5.309806422272e+03
1200  1.646999e-04  2.911353e-05  7.687854e-05  2.223105e-07  -5.309806450162e+03
1300  1.056746e-04  1.866359e-05  4.955418e-05  1.430553e-07  -5.309806468099e+03
1400  6.776415e-05  1.196040e-05  3.188809e-05  9.207542e-08  -5.309806479644e+03
1500  4.343654e-05  7.662818e-06  2.049466e-05  5.925358e-08  -5.309806487074e+03
1600  2.783484e-05  4.908592e-06  1.316003e-05  3.811783e-08  -5.309806491854e+03
1700  1.783356e-05  3.143947e-06  8.444628e-06  2.450906e-08  -5.309806494929e+03
1800  1.142431e-05  2.013545e-06  5.416111e-06  1.574790e-08  -5.309806496906e+03
1900  7.317833e-06  1.289519e-06  3.472437e-06  1.011722e-08  -5.309806498175e+03
2000  4.687154e-06  8.258156e-07  2.225681e-06  6.497430e-09  -5.309806498991e+03
2100  3.002059e-06  5.288514e-07  1.426277e-06  4.166395e-09  -5.309806499514e+03
2200  1.922731e-06  3.386751e-07  9.138611e-07  2.674824e-09  -5.309806499850e+03
2300  1.231434e-06  2.168875e-07  5.854758e-07  1.714398e-09  -5.309806500066e+03
2400  7.886796e-07  1.388957e-07  3.750616e-07  1.101398e-09  -5.309806500204e+03
2500  5.051126e-07  8.895016e-08  2.402539e-07  7.030394e-10  -5.309806500293e+03
2600  3.235008e-07  5.696510e-08  1.538932e-07  4.511094e-10  -5.309806500350e+03
2700  2.071871e-07  3.648170e-08  9.857222e-08  2.919478e-10  -5.309806500386e+03
2800  1.326938e-07  2.336392e-08  6.313639e-08  1.864464e-10  -5.309806500409e+03
2900  8.498452e-08  1.496300e-08  4.043866e-08  1.200533e-10  -5.309806500424e+03
3000  5.442893e-08  9.582876e-09  2.590054e-08  7.457857e-11  -5.309806500434e+03
3100  3.485946e-08  6.137296e-09  1.658890e-08  5.093170e-11  -5.309806500440e+03
3200  2.232608e-08  3.930621e-09  1.062487e-08  3.274181e-11  -5.309806500444e+03
3300  1.429899e-08  2.517364e-09  6.804981e-09  1.909939e-11  -5.309806500446e+03
3400  9.157968e-09  1.612248e-09  4.358409e-09  1.273293e-11  -5.309806500448e+03
3500  5.865349e-09  1.032563e-09  2.791430e-09  8.185452e-12  -5.309806500449e+03
3600  3.756536e-09  6.613354e-10  1.787866e-09  4.547474e-12  -5.309806500450e+03
3700  2.405927e-09  4.235637e-10  1.145084e-09  2.728484e-12  -5.309806500450e+03
3800  1.540928e-09  2.712539e-10  7.333600e-10  1.818989e-12  -5.309806500450e+03
