0  8.663683e+00  2.397796e+00  3.733258e+00  5.299097e+03  -5.299096515222e+03
100  4.675363e-02  1.702560e-02  2.957268e-02  1.650048e-04  -5.307538840457e+03
200  1.620299e-02  7.557263e-03  1.344662e-02  5.555067e-05  -5.307548301781e+03
300  9.777815e-03  4.418085e-03  7.742921e-03  2.449123e-05  -5.307552022643e+03
400  5.841182e-03  2.506825e-03  4.357431e-03  1.263087e-05  -5.307553789678e+03
500  3.550813e-03  1.400850e-03  2.422861e-03  7.128474e-06  -5.307554743791e+03
600  2.262576e-03  7.770770e-04  1.339313e-03  4.216962e-06  -5.307555295344e+03
700  1.433823e-03  4.294434e-04  7.380751e-04  2.562680e-06  -5.307555626092e+03
800  9.051653e-04  2.368618e-04  4.060408e-04  1.583113e-06  -5.307555828760e+03
900  5.698768e-04  1.305134e-04  2.466583e-04  9.877858e-07  -5.307555954597e+03
1000  3.580880e-04  7.188565e-05  1.568854e-04  6.199098e-07  -5.307556033347e+03
1100  2.246950e-04  3.959397e-05  9.935276e-05  3.902387e-07  -5.307556082848e+03
1200  1.408524e-04  2.272937e-05  6.271817e-05  2.459929e-07  -5.307556114033e+03
1300  8.823224e-05  1.422395e-05  3.949888e-05  1.551189e-07  -5.307556133695e+03
1400  5.524236e-05  8.898819e-06  2.483232e-05  9.779433e-08  -5.307556146093e+03
1500  3.457513e-05  5.566172e-06  1.559138e-05  6.162009e-08  -5.307556153907e+03
1600  2.163459e-05  3.481129e-06  9.779794e-06  3.879995e-08  -5.307556158830e+03
1700  1.353505e-05  2.176926e-06  6.129983e-06  2.441720e-08  -5.307556161928e+03
1800  8.466829e-06  1.361266e-06  3.840190e-06  1.535045e-08  -5.307556163877e+03
1900  5.296004e-06  8.511960e-07  2.404748e-06  9.645191e-09  -5.307556165102e+03
2000  3.312486e-06  5.322448e-07  1.505409e-06  6.059054e-09  -5.307556165872e+03
2100  2.071792e-06  3.328083e-07  9.421945e-07  3.801688e-09  -5.307556166355e+03
2200  1.295776e-06  2.081044e-07  5.895940e-07  2.385605e-09  -5.307556166658e+03
2300  8.104192e-07  1.301293e-07  3.689017e-07  1.497028e-09  -5.307556166848e+03
2400  5.068596e-07  8.137238e-08  2.307956e-07  9.395080e-10  -5.307556166968e+03
2500  3.170045e-07  5.088473e-08  1.443823e-07  5.884431e-10  -5.307556167042e+03
2600  1.982642e-07  3.182047e-08  9.031876e-08  3.692548e-10  -5.307556167089e+03
2700  1.240009e-07  1.989914e-08  5.649702e-08  2.319211e-10  -5.307556167119e+03
2800  7.755449e-08  1.244430e-08  3.533957e-08  1.455192e-10  -5.307556167137e+03
2900  4.850554e-08  7.782402e-09  2.210485e-08  9.276846e-11  -5.307556167149e+03
3000  3.033736e-08  4.867023e-09  1.382635e-08  5.911716e-11  -5.307556167156e+03
3100  1.897433e-08  3.043808e-09  8.648113e-09  3.819878e-11  -5.307556167160e+03
3200  1.186743e-08  1.903635e-09  5.409231e-09  2.182787e-11  -5.307556167163e+03
3300  7.422471e-09  1.190561e-09  3.383337e-09  1.637090e-11  -5.307556167165e+03
3400  4.642402e-09  7.445913e-10  2.116168e-09  1.000444e-11  -5.307556167166e+03
3500  2.903607e-09  4.656875e-10  1.323601e-09  5.456968e-12  -5.307556167167e+03
3600  1.816076e-09  2.912558e-10  8.278730e-10  2.728484e-12  -5.307556167167e+03
3700  1.135881e-09  1.821578e-10  5.178026e-10  3.637979e-12  -5.307556167167e+03
