0  1.108969e+00  1.953404e+00  3.041570e+00  5.308812e+03  -5.308811840212e+03
100  2.269016e-02  2.679313e-02  4.515939e-02  4.839255e-04  -5.312983296492e+03
200  1.369532e-02  1.267090e-02  2.151599e-02  9.789410e-05  -5.313006963917e+03
300  8.138512e-03  6.449298e-03  1.094834e-02  2.358843e-05  -5.313012060209e+03
400  5.199138e-03  3.291851e-03  5.581122e-03  7.308729e-06  -5.313013410302e+03
500  3.372023e-03  1.674204e-03  2.833738e-03  2.968344e-06  -5.313013880097e+03
600  2.215232e-03  8.482514e-04  1.432525e-03  1.478525e-06  -5.313014090296e+03
700  1.503912e-03  4.282884e-04  7.698794e-04  8.332263e-07  -5.313014201637e+03
800  1.047061e-03  2.383761e-04  5.456544e-04  5.044230e-07  -5.313014266688e+03
900  7.266027e-04  1.650530e-04  3.832973e-04  3.190444e-07  -5.313014306948e+03
1000  5.091539e-04  1.140706e-04  2.675857e-04  2.076031e-07  -5.313014332777e+03
1100  3.605305e-04  7.872357e-05  1.859918e-04  1.376529e-07  -5.313014349744e+03
1200  2.531699e-04  5.427163e-05  1.288774e-04  9.242012e-08  -5.313014361066e+03
1300  1.767371e-04  3.738528e-05  8.910376e-05  6.257142e-08  -5.313014368700e+03
1400  1.228630e-04  2.573837e-05  6.150696e-05  4.259255e-08  -5.313014373882e+03
1500  8.515388e-05  1.771264e-05  4.240883e-05  2.909383e-08  -5.313014377416e+03
1600  5.888972e-05  1.218592e-05  2.921674e-05  1.992248e-08  -5.313014379833e+03
1700  4.066170e-05  8.381896e-06  2.011642e-05  1.366425e-08  -5.313014381490e+03
1800  2.804331e-05  5.764504e-06  1.384476e-05  9.379619e-09  -5.313014382626e+03
1900  1.932440e-05  3.964021e-06  9.525498e-06  6.442860e-09  -5.313014383406e+03
2000  1.330804e-05  2.725699e-06  6.552319e-06  4.425601e-09  -5.313014383942e+03
2100  9.160631e-06  1.874120e-06  4.506445e-06  3.039531e-09  -5.313014384310e+03
2200  6.303653e-06  1.288549e-06  3.099019e-06  2.090928e-09  -5.313014384563e+03
2300  4.336638e-06  8.859173e-07  2.130980e-06  1.437002e-09  -5.313014384737e+03
2400  2.982883e-06  6.090848e-07  1.465242e-06  9.895302e-10  -5.313014384857e+03
2500  2.051455e-06  4.187521e-07  1.007445e-06  6.784830e-10  -5.313014384939e+03
2600  1.410736e-06  2.878938e-07  6.926608e-07  4.665708e-10  -5.313014384996e+03
2700  9.700600e-07  1.979270e-07  4.762232e-07  3.201421e-10  -5.313014385035e+03
2800  6.670047e-07  1.360743e-07  3.274115e-07  2.210072e-10  -5.313014385061e+03
2900  4.586086e-07  9.355042e-08  2.250985e-07  1.518856e-10  -5.313014385080e+03
3000  3.153141e-07  6.431533e-08  1.547562e-07  1.045919e-10  -5.313014385092e+03
3100  2.167880e-07  4.421633e-08  1.063949e-07  7.185008e-11  -5.313014385101e+03
3200  1.490464e-07  3.039839e-08  7.314626e-08  5.184120e-11  -5.313014385107e+03
3300  1.024712e-07  2.089864e-08  5.028774e-08  3.183231e-11  -5.313014385111e+03
3400  7.044986e-08  1.436765e-08  3.457255e-08  2.364686e-11  -5.313014385114e+03
3500  4.843443e-08  9.877632e-09  2.376840e-08  1.818989e-11  -5.313014385116e+03
3600  3.329840e-08  6.790773e-09  1.634058e-08  1.091394e-11  -5.313014385117e+03
3700  2.289251e-08  4.668591e-09  1.123401e-08  8.185452e-12  -5.313014385118e+03
3800  1.573860e-08  3.209621e-09  7.723300e-09  4.547474e-12  -5.313014385119e+03
3900  1.081986e-08  2.206568e-09  5.309679e-09  3.637979e-12  -5.313014385119e+03
4000  7.438477e-09  1.516989e-09  3.650348e-09  0.000000e+00  -5.313014385119e+03
4100  5.113791e-09  1.042910e-09  2.509573e-09  9.094947e-13  -5.313014385120e+03
4200  3.515871e-09  7.170003e-10  1.725323e-09  9.094947e-13  -5.313014385120e+03
4300  2.417018e-09  4.929263e-10  1.186136e-09  9.094947e-13  -5.313014385120e+03
4400  1.661597e-09  3.388777e-10  8.154506e-10  9.094947e-13  -5.313014385120e+03
4500  1.142755e-09  2.329980e-10  5.606489e-10  0.000000e+00  -5.313014385120e+03
