0  2.156878e+00  9.308963e-01  1.447860e+00  3.708336e+03  -3.708335728430e+03
100  1.475567e-01  1.311804e-01  2.113184e-01  7.923851e-03  -3.719464770867e+03
200  8.680661e-02  6.404319e-02  1.061445e-01  1.545228e-03  -3.719850538880e+03
300  5.134096e-02  3.504310e-02  5.927360e-02  3.201962e-04  -3.719927226585e+03
400  3.148719e-02  1.930118e-02  3.318622e-02  7.606588e-05  -3.719943830290e+03
500  2.011423e-02  1.045745e-02  1.822831e-02  2.348363e-05  -3.719948162796e+03
600  1.339719e-02  5.482333e-03  9.776729e-03  1.010005e-05  -3.719949701672e+03
700  9.283558e-03  2.774822e-03  5.160665e-03  5.582016e-06  -3.719950449791e+03
800  6.661279e-03  1.821110e-03  4.059593e-03  3.507775e-06  -3.719950892174e+03
900  4.919444e-03  1.441919e-03  3.204090e-03  2.335250e-06  -3.719951178853e+03
1000  3.716139e-03  1.144524e-03  2.537289e-03  1.600737e-06  -3.719951372619e+03
1100  2.855369e-03  9.104323e-04  2.014988e-03  1.118342e-06  -3.719951506708e+03
1200  2.221442e-03  7.254767e-04  1.603826e-03  7.934477e-07  -3.719951601094e+03
1300  1.743687e-03  5.788626e-04  1.278752e-03  5.708489e-07  -3.719951668512e+03
1400  1.377266e-03  4.623336e-04  1.020849e-03  4.160966e-07  -3.719951717323e+03
1500  1.092588e-03  3.695270e-04  8.156974e-04  3.070486e-07  -3.719951753114e+03
1600  8.693554e-04  2.955013e-04  6.521886e-04  2.291736e-07  -3.719951779672e+03
1700  6.931555e-04  2.363902e-04  5.216864e-04  1.728308e-07  -3.719951799596e+03
1800  5.534413e-04  1.891514e-04  4.174242e-04  1.315584e-07  -3.719951814690e+03
1900  4.423068e-04  1.513789e-04  3.340679e-04  1.009716e-07  -3.719951826227e+03
2000  3.537138e-04  1.211639e-04  2.673938e-04  7.805102e-08  -3.719951835112e+03
2100  2.829858e-04  9.698760e-05  2.140458e-04  6.069695e-08  -3.719951842001e+03
2200  2.264639e-04  7.763953e-05  1.713511e-04  4.744834e-08  -3.719951847372e+03
2300  1.812643e-04  6.215345e-05  1.371775e-04  3.724972e-08  -3.719951851580e+03
2400  1.451030e-04  4.975741e-05  1.098217e-04  2.935076e-08  -3.719951854890e+03
2500  1.161640e-04  3.983426e-05  8.792216e-05  2.319302e-08  -3.719951857501e+03
2600  9.300065e-05  3.189039e-05  7.039007e-05  1.837270e-08  -3.719951859567e+03
2700  7.445791e-05  2.553085e-05  5.635410e-05  1.458602e-08  -3.719951861206e+03
2800  5.961300e-05  2.043959e-05  4.511695e-05  1.159560e-08  -3.719951862508e+03
2900  4.772798e-05  1.636364e-05  3.612048e-05  9.231371e-09  -3.719951863543e+03
3000  3.821247e-05  1.310050e-05  2.891790e-05  7.357357e-09  -3.719951864368e+03
3100  3.059398e-05  1.048809e-05  2.315150e-05  5.868060e-09  -3.719951865026e+03
3200  2.449430e-05  8.396623e-06  1.853493e-05  4.681169e-09  -3.719951865551e+03
3300  1.961066e-05  6.722225e-06  1.483891e-05  3.738478e-09  -3.719951865970e+03
3400  1.570064e-05  5.381725e-06  1.187990e-05  2.991783e-09  -3.719951866305e+03
3500  1.257015e-05  4.308539e-06  9.510933e-06  2.389697e-09  -3.719951866572e+03
3600  1.006380e-05  3.449360e-06  7.614355e-06  1.912667e-09  -3.719951866786e+03
3700  8.057158e-06  2.761514e-06  6.095972e-06  1.527496e-09  -3.719951866957e+03
3800  6.450605e-06  2.210834e-06  4.880369e-06  1.224180e-09  -3.719951867094e+03
3900  5.164377e-06  1.769967e-06  3.907171e-06  9.777068e-10  -3.719951867203e+03
4000  4.134609e-06  1.417014e-06  3.128038e-06  7.826202e-10  -3.719951867291e+03
4100  3.310168e-06  1.134445e-06  2.504274e-06  6.261871e-10  -3.719951867361e+03
4200  2.650117e-06  9.082242e-07  2.004895e-06  5.020411e-10  -3.719951867417e+03
4300  2.121679e-06  7.271146e-07  1.605098e-06  4.010872e-10  -3.719951867462e+03
4400  1.698610e-06  5.821203e-07  1.285026e-06  3.224159e-10  -3.719951867498e+03
4500  1.359902e-06  4.660397e-07  1.028779e-06  2.546585e-10  -3.719951867527e+03
4600  1.088732e-06  3.731069e-07  8.236306e-07  2.060005e-10  -3.719951867550e+03
4700  8.716331e-07  2.987058e-07  6.593910e-07  1.659828e-10  -3.719951867568e+03
4800  6.978256e-07  2.391412e-07  5.279026e-07  1.296030e-10  -3.719951867583e+03
4900  5.586762e-07  1.914544e-07  4.226342e-07  1.082299e-10  -3.719951867595e+03
5000  4.472732e-07  1.532768e-07  3.383574e-07  8.367351e-11  -3.719951867604e+03
5100  3.580851e-07  1.227122e-07  2.708862e-07  6.684786e-11  -3.719951867612e+03
5200  2.866806e-07  9.824236e-08  2.168693e-07  5.502443e-11  -3.719951867618e+03
5300  2.295150e-07  7.865209e-08  1.736239e-07  4.047251e-11  -3.719951867623e+03
5400  1.837483e-07  6.296827e-08  1.390020e-07  3.637979e-11  -3.719951867626e+03
5500  1.471079e-07  5.041194e-08  1.112840e-07  3.137757e-11  -3.719951867630e+03
5600  1.177727e-07  4.035939e-08  8.909310e-08  2.046363e-11  -3.719951867632e+03
5700  9.428847e-08  3.231146e-08  7.132733e-08  2.137313e-11  -3.719951867634e+03
5800  7.548747e-08  2.586836e-08  5.710421e-08  1.136868e-11  -3.719951867636e+03
5900  6.043515e-08  2.071007e-08  4.571729e-08  1.273293e-11  -3.719951867637e+03
6000  4.838284e-08  1.658028e-08  3.660087e-08  1.273293e-11  -3.719951867638e+03
6100  3.873657e-08  1.327415e-08  2.930254e-08  9.094947e-12  -3.719951867639e+03
6200  3.101146e-08  1.062716e-08  2.345937e-08  4.547474e-12  -3.719951867639e+03
6300  2.482897e-08  8.508096e-09  1.878151e-08  1.818989e-12  -3.719951867640e+03
6400  1.987726e-08  6.811504e-09  1.503633e-08  4.092726e-12  -3.719951867640e+03
6500  1.591423e-08  5.453278e-09  1.203803e-08  2.728484e-12  -3.719951867641e+03
6600  1.274048e-08  4.365833e-09  9.637537e-09  1.818989e-12  -3.719951867641e+03
6700  1.020107e-08  3.495330e-09  7.715854e-09  1.364242e-12  -3.719951867641e+03
6800  8.165618e-09  2.798273e-09  6.177170e-09  4.547474e-12  -3.719951867641e+03
6900  6.537178e-09  2.240270e-09  4.945390e-09  0.000000e+00  -3.719951867641e+03
7000  5.234449e-09  1.793589e-09  3.959309e-09  4.092726e-12  -3.719951867642e+03
7100  4.190843e-09  1.435947e-09  3.169817e-09  1.364242e-12  -3.719951867642e+03
7200  3.353948e-09  1.149551e-09  2.537650e-09  4.092726e-12  -3.719951867642e+03
7300  2.685116e-09  9.203138e-10  2.031615e-09  1.364242e-12  -3.719951867642e+03
7400  2.150337e-09  7.368336e-10  1.626552e-09  1.364242e-12  -3.719951867642e+03
7500  1.721403e-09  5.898966e-10  1.302194e-09  3.637979e-12  -3.719951867642e+03
7600  1.378245e-09  4.722737e-10  1.042538e-09  3.637979e-12  -3.719951867642e+03
7700  1.103900e-09  3.781232e-10  8.346824e-10  3.183231e-12  -3.719951867642e+03
