0  7.899516e+00  6.967829e-01  1.081330e+00  5.131898e+03  -5.131898313358e+03
100  8.288998e-03  8.293465e-03  1.282641e-02  3.365272e-05  -5.133829037065e+03
200  7.011347e-03  2.894151e-03  5.766453e-03  8.188495e-06  -5.133830815687e+03
300  6.626771e-03  1.937040e-03  4.026988e-03  2.279947e-06  -5.133831268407e+03
400  5.609546e-03  1.460963e-03  3.070579e-03  7.410108e-07  -5.133831403288e+03
500  4.542113e-03  1.136712e-03  2.413478e-03  2.403513e-07  -5.133831448033e+03
600  3.626426e-03  8.915018e-04  1.897308e-03  3.924561e-08  -5.133831460528e+03
700  2.877645e-03  7.006055e-04  1.491433e-03  4.928916e-08  -5.133831459380e+03
800  2.275771e-03  5.508063e-04  1.172223e-03  8.574898e-08  -5.133831452311e+03
900  1.795929e-03  4.330050e-04  9.211716e-04  9.589348e-08  -5.133831443072e+03
1000  1.415189e-03  3.403280e-04  7.237540e-04  9.281939e-08  -5.133831433564e+03
1100  1.114012e-03  2.674263e-04  5.685464e-04  8.366897e-08  -5.133831424713e+03
1200  8.762769e-04  2.100968e-04  4.465541e-04  7.233302e-08  -5.133831416911e+03
1300  6.889005e-04  1.650277e-04  3.506919e-04  6.088521e-08  -5.133831410260e+03
1400  5.413751e-04  1.296073e-04  2.753789e-04  5.032143e-08  -5.133831404715e+03
1500  4.253164e-04  1.017770e-04  2.162210e-04  4.105914e-08  -5.133831400162e+03
1600  3.340650e-04  7.991489e-05  1.697597e-04  3.318928e-08  -5.133831396465e+03
1700  2.623488e-04  6.274406e-05  1.332745e-04  2.664456e-08  -5.133831393487e+03
1800  2.060032e-04  4.925964e-05  1.046263e-04  2.128036e-08  -5.133831391103e+03
1900  1.617442e-04  3.867134e-05  8.213328e-05  1.692661e-08  -5.133831389203e+03
2000  1.269852e-04  3.035785e-05  6.447417e-05  1.342141e-08  -5.133831387694e+03
2100  9.969067e-05  2.383088e-05  5.061078e-05  1.062381e-08  -5.133831386498e+03
2200  7.825970e-05  1.870679e-05  3.972766e-05  8.392817e-09  -5.133831385553e+03
2300  6.143393e-05  1.468421e-05  3.118439e-05  6.616574e-09  -5.133831384807e+03
2400  4.822452e-05  1.152646e-05  2.447806e-05  5.213224e-09  -5.133831384218e+03
2500  3.785468e-05  9.047664e-06  1.921379e-05  4.108188e-09  -5.133831383755e+03
2600  2.971426e-05  7.101879e-06  1.508157e-05  3.230525e-09  -5.133831383390e+03
2700  2.332413e-05  5.574516e-06  1.183798e-05  2.539309e-09  -5.133831383104e+03
2800  1.830806e-05  4.375612e-06  9.291958e-06  1.996341e-09  -5.133831382878e+03
2900  1.437064e-05  3.434540e-06  7.293491e-06  1.569788e-09  -5.133831382701e+03
3000  1.127996e-05  2.695858e-06  5.724830e-06  1.230546e-09  -5.133831382562e+03
3100  8.853956e-06  2.116043e-06  4.493543e-06  9.686119e-10  -5.133831382452e+03
3200  6.949695e-06  1.660928e-06  3.527074e-06  7.621566e-10  -5.133831382367e+03
3300  5.454978e-06  1.303697e-06  2.768470e-06  5.975380e-10  -5.133831382299e+03
3400  4.281732e-06  1.023298e-06  2.173024e-06  4.683898e-10  -5.133831382246e+03
3500  3.360820e-06  8.032057e-07  1.705647e-06  3.683454e-10  -5.133831382205e+03
3600  2.637974e-06  6.304510e-07  1.338793e-06  2.892193e-10  -5.133831382172e+03
3700  2.070595e-06  4.948523e-07  1.050842e-06  2.273737e-10  -5.133831382146e+03
3800  1.625249e-06  3.884183e-07  8.248239e-07  1.764420e-10  -5.133831382126e+03
3900  1.275687e-06  3.048763e-07  6.474183e-07  1.427907e-10  -5.133831382110e+03
4000  1.001309e-06  2.393026e-07  5.081696e-07  1.091394e-10  -5.133831382098e+03
4100  7.859446e-07  1.878326e-07  3.988708e-07  8.549250e-11  -5.133831382088e+03
4200  6.169018e-07  1.474330e-07  3.130804e-07  6.821210e-11  -5.133831382081e+03
4300  4.842172e-07  1.157227e-07  2.457420e-07  5.456968e-11  -5.133831382075e+03
4400  3.800699e-07  9.083262e-08  1.928869e-07  4.092726e-11  -5.133831382070e+03
4500  2.983231e-07  7.129602e-08  1.514001e-07  3.092282e-11  -5.133831382066e+03
4600  2.341586e-07  5.596142e-08  1.188365e-07  2.546585e-11  -5.133831382063e+03
4700  1.837950e-07  4.392504e-08  9.327668e-08  2.091838e-11  -5.133831382061e+03
4800  1.442638e-07  3.447749e-08  7.321440e-08  1.728040e-11  -5.133831382059e+03
4900  1.132353e-07  2.706196e-08  5.746719e-08  1.182343e-11  -5.133831382058e+03
5000  8.887970e-08  2.124134e-08  4.510691e-08  1.091394e-11  -5.133831382057e+03
5100  6.976341e-08  1.667269e-08  3.540517e-08  5.456968e-12  -5.133831382056e+03
5200  5.475827e-08  1.308666e-08  2.779009e-08  6.366463e-12  -5.133831382055e+03
5300  4.298071e-08  1.027193e-08  2.181289e-08  3.637979e-12  -5.133831382055e+03
5400  3.373611e-08  8.062600e-09  1.712128e-08  9.094947e-13  -5.133831382054e+03
5500  2.647989e-08  6.328461e-09  1.343877e-08  4.547474e-12  -5.133831382054e+03
5600  2.078497e-08  4.967339e-09  1.054834e-08  2.728484e-12  -5.133831382054e+03
5700  1.631419e-08  3.898930e-09  8.279546e-09  1.818989e-12  -5.133831382053e+03
5800  1.280523e-08  3.060331e-09  6.498748e-09  9.094947e-13  -5.133831382053e+03
5900  1.005113e-08  2.402107e-09  5.100977e-09  1.818989e-12  -5.133831382053e+03
6000  7.889585e-09  1.885469e-09  4.003855e-09  9.094947e-13  -5.133831382053e+03
6100  6.192337e-09  1.479918e-09  3.142672e-09  3.637979e-12  -5.133831382053e+03
6200  4.860358e-09  1.161605e-09  2.466730e-09  1.818989e-12  -5.133831382053e+03
6300  3.815434e-09  9.117890e-10  1.936203e-09  9.094947e-13  -5.133831382053e+03
6400  2.994813e-09  7.156786e-10  1.519758e-09  0.000000e+00  -5.133831382053e+03
6500  2.350568e-09  5.617425e-10  1.192878e-09  9.094947e-13  -5.133831382053e+03
6600  1.845304e-09  4.409360e-10  9.363242e-10  0.000000e+00  -5.133831382053e+03
6700  1.448037e-09  3.460770e-10  7.349150e-10  9.094947e-13  -5.133831382053e+03
6800  1.136675e-09  2.716473e-10  5.768519e-10  9.094947e-13  -5.133831382053e+03
