0  9.655009e+00  6.720097e-01  1.022124e+00  4.821260e+03  -4.821260435029e+03
100  2.410687e-02  3.891506e-02  6.450234e-02  1.113448e-03  -4.825390257986e+03
200  2.496714e-02  2.357534e-02  3.942388e-02  2.453938e-04  -4.825447709058e+03
300  1.647352e-02  1.385626e-02  2.349845e-02  4.998941e-05  -4.825459996057e+03
400  1.007669e-02  8.085514e-03  1.378525e-02  7.761269e-06  -4.825462335710e+03
500  6.104314e-03  4.632782e-03  7.928553e-03  6.723485e-07  -4.825462570433e+03
600  3.721053e-03  2.622315e-03  4.511611e-03  1.797511e-06  -4.825462422493e+03
700  2.293307e-03  1.473490e-03  2.581846e-03  1.505583e-06  -4.825462253789e+03
800  1.430816e-03  8.352639e-04  1.467803e-03  1.069338e-06  -4.825462125662e+03
900  9.036857e-04  4.713457e-04  8.306157e-04  7.245690e-07  -4.825462037076e+03
1000  5.774193e-04  2.651304e-04  4.685376e-04  4.842595e-07  -4.825461977530e+03
1100  3.729107e-04  1.488012e-04  2.637405e-04  3.229306e-07  -4.825461937796e+03
1200  2.431617e-04  8.339077e-05  1.482824e-04  2.157694e-07  -4.825461911280e+03
1300  1.599112e-04  4.669617e-05  8.333503e-05  1.446460e-07  -4.825461893536e+03
1400  1.059447e-04  2.614303e-05  4.685043e-05  9.731775e-08  -4.825461881621e+03
1500  7.063924e-05  1.464169e-05  2.986907e-05  6.569917e-08  -4.825461873592e+03
1600  4.735493e-05  8.561195e-06  2.056098e-05  4.448793e-08  -4.825461868163e+03
1700  3.189087e-05  5.905405e-06  1.415248e-05  3.020523e-08  -4.825461864482e+03
1800  2.155880e-05  4.071183e-06  9.740541e-06  2.055458e-08  -4.825461861980e+03
1900  1.462039e-05  2.805397e-06  6.703393e-06  1.401168e-08  -4.825461860276e+03
2000  9.940983e-06  1.932452e-06  4.612847e-06  9.569703e-09  -4.825461859114e+03
2100  6.773824e-06  1.330744e-06  3.174016e-06  6.543814e-09  -4.825461858319e+03
2200  4.623846e-06  9.161700e-07  2.183829e-06  4.478352e-09  -4.825461857776e+03
2300  3.160800e-06  6.306288e-07  1.502455e-06  3.067726e-09  -4.825461857404e+03
2400  2.163211e-06  4.340140e-07  1.033621e-06  2.106390e-09  -4.825461857149e+03
2500  1.481882e-06  2.986614e-07  7.110524e-07  1.441549e-09  -4.825461856974e+03
2600  1.015928e-06  2.054992e-07  4.891314e-07  9.913492e-10  -4.825461856854e+03
2700  6.969209e-07  1.413858e-07  3.364620e-07  6.803020e-10  -4.825461856771e+03
2800  4.783255e-07  9.726872e-08  2.314383e-07  4.683898e-10  -4.825461856715e+03
2900  3.284278e-07  6.691405e-08  1.591934e-07  3.201421e-10  -4.825461856676e+03
3000  2.255794e-07  4.603021e-08  1.094983e-07  2.200977e-10  -4.825461856649e+03
3100  1.549794e-07  3.166312e-08  7.531536e-08  1.527951e-10  -4.825461856631e+03
3200  1.064983e-07  2.177974e-08  5.180299e-08  1.036824e-10  -4.825461856618e+03
3300  7.319530e-08  1.498102e-08  3.563047e-08  7.457857e-11  -4.825461856609e+03
3400  5.031347e-08  1.030440e-08  2.450671e-08  5.002221e-11  -4.825461856603e+03
3500  3.458906e-08  7.087595e-09  1.685569e-08  3.092282e-11  -4.825461856599e+03
3600  2.378082e-08  4.874933e-09  1.159325e-08  2.182787e-11  -4.825461856596e+03
3700  1.635146e-08  3.353028e-09  7.973772e-09  1.637090e-11  -4.825461856594e+03
3800  1.124359e-08  2.306221e-09  5.484284e-09  1.182343e-11  -4.825461856593e+03
3900  7.731832e-09  1.586221e-09  3.772037e-09  6.366463e-12  -4.825461856592e+03
4000  5.316805e-09  1.090983e-09  2.594342e-09  7.275958e-12  -4.825461856592e+03
4100  3.656154e-09  7.503600e-10  1.784336e-09  4.547474e-12  -4.825461856591e+03
4200  2.514320e-09  5.160856e-10  1.227233e-09  1.818989e-12  -4.825461856591e+03
4300  1.729126e-09  3.549528e-10  8.440644e-10  9.094947e-13  -4.825461856591e+03
4400  1.189469e-09  2.441494e-10  5.805592e-10  9.094947e-13  -4.825461856591e+03
