0  2.115446e+01  9.850398e-01  1.510911e+00  3.975149e+01  5.000000e-03 -4.591581555812e+03
1000  1.242721e-01  1.013578e-01  2.014034e-01  4.273347e+01  5.000000e-03 -4.591697559348e+03
2000  1.136895e-01  4.845490e-02  9.587337e-02  4.252307e+01  5.000000e-03 -4.595032459881e+03
3000  5.243720e-02  2.675962e-02  5.250437e-02  4.239016e+01  5.000000e-03 -4.596636889340e+03
4000  2.082056e-02  9.478569e-03  1.939587e-02  4.234428e+01  5.000000e-03 -4.597174391166e+03
5000  5.460478e-03  2.351434e-03  5.048329e-03  4.233512e+01  5.000000e-03 -4.597266125697e+03
6000  1.274676e-03  5.303664e-04  1.153879e-03  4.233337e+01  5.000000e-03 -4.597280292204e+03
7000  2.846493e-04  1.175510e-04  2.565283e-04  4.233301e+01  5.000000e-03 -4.597282983778e+03
8000  6.297143e-05  2.596259e-05  5.669563e-05  4.233293e+01  5.000000e-03 -4.597283554096e+03
9000  1.390267e-05  5.729896e-06  1.251447e-05  4.233291e+01  5.000000e-03 -4.597283678745e+03
10000  3.068041e-06  1.264374e-06  2.761566e-06  4.233291e+01  5.000000e-03 -4.597283706191e+03
11000  6.769901e-07  2.789903e-07  6.093574e-07  4.233291e+01  5.000000e-03 -4.597283712244e+03
12000  1.493806e-07  6.156012e-08  1.344569e-07  4.233291e+01  5.000000e-03 -4.597283713579e+03
13000  3.296130e-08  1.358339e-08  2.966827e-08  4.233291e+01  5.000000e-03 -4.597283713874e+03
14000  7.272986e-09  2.997242e-09  6.546429e-09  4.233291e+01  5.000000e-03 -4.597283713939e+03
15000  1.604798e-09  6.613622e-10  1.444506e-09  4.233291e+01  5.000000e-03 -4.597283713953e+03
0  2.075579e+01  1.537343e+00  2.387961e+00  2.983512e+01  5.000000e-03 -4.983075944855e+03
1000  1.962856e-02  2.446011e-02  4.421550e-02  2.629686e+01  5.000000e-03 -4.976673059526e+03
2000  3.078334e-04  1.004865e-03  1.728903e-03  2.629659e+01  5.000000e-03 -4.976669924342e+03
3000  7.573038e-06  3.571893e-05  6.186687e-05  2.629663e+01  5.000000e-03 -4.976669471389e+03
4000  2.420574e-07  1.049113e-06  1.821530e-06  2.629663e+01  5.000000e-03 -4.976669461682e+03
5000  6.807369e-09  2.851152e-08  4.955479e-08  2.629663e+01  5.000000e-03 -4.976669461456e+03
6000  1.815217e-10  7.487752e-10  1.302034e-09  2.629663e+01  5.000000e-03 -4.976669461450e+03
