0  2.075579e+01  1.537343e+00  2.387961e+00  4.983076e+03  -4.983075944855e+03
100  4.776342e-01  2.929767e-01  6.361398e-01  4.985111e-02  -4.969585872770e+03
200  5.482028e-01  8.578101e-02  2.267146e-01  2.025705e-02  -4.972597450848e+03
300  3.789194e-01  9.745757e-02  2.022344e-01  1.280899e-02  -4.974199238826e+03
400  2.508364e-01  1.013537e-01  1.966046e-01  8.468774e-03  -4.975248998064e+03
500  1.650269e-01  9.550453e-02  1.807632e-01  5.196946e-03  -4.975923159111e+03
600  1.081523e-01  8.215793e-02  1.528704e-01  2.853196e-03  -4.976316581186e+03
700  7.065005e-02  6.541751e-02  1.202993e-01  1.401677e-03  -4.976521898600e+03
800  4.608211e-02  4.903783e-02  8.945757e-02  6.187064e-04  -4.976618114536e+03
900  3.005969e-02  3.517141e-02  6.381329e-02  2.411716e-04  -4.976658482725e+03
1000  1.962856e-02  2.446011e-02  4.421550e-02  7.590738e-05  -4.976673059526e+03
1100  1.283683e-02  1.666126e-02  3.004196e-02  1.080641e-05  -4.976676827126e+03
1200  8.410115e-03  1.119605e-02  2.015252e-02  1.084745e-05  -4.976676593242e+03
1300  5.520601e-03  8.016278e-03  1.360393e-02  1.526368e-05  -4.976675203607e+03
1400  3.631257e-03  6.081644e-03  1.035128e-02  1.371683e-05  -4.976673730861e+03
1500  2.393580e-03  4.577712e-03  7.811222e-03  1.070473e-05  -4.976672508411e+03
1600  1.581188e-03  3.421095e-03  5.850286e-03  7.829980e-06  -4.976671587111e+03
1700  1.046834e-03  2.540026e-03  4.351719e-03  5.534783e-06  -4.976670925263e+03
1800  6.946011e-04  1.874598e-03  3.216856e-03  3.838152e-06  -4.976670462078e+03
1900  4.619045e-04  1.375930e-03  2.364440e-03  2.632656e-06  -4.976670142703e+03
2000  3.078334e-04  1.004865e-03  1.728903e-03  1.794696e-06  -4.976669924342e+03
2100  2.055925e-04  7.305229e-04  1.258235e-03  1.219450e-06  -4.976669775742e+03
2200  1.375949e-04  5.288725e-04  9.117771e-04  8.273355e-07  -4.976669674856e+03
2300  9.227247e-05  3.814368e-04  6.581464e-04  5.610727e-07  -4.976669606428e+03
2400  6.199895e-05  2.741564e-04  4.733910e-04  3.805990e-07  -4.976669560018e+03
2500  4.173537e-05  1.964334e-04  3.394094e-04  2.583447e-07  -4.976669528528e+03
2600  2.814464e-05  1.403455e-04  2.426406e-04  1.755161e-07  -4.976669507144e+03
2700  2.020737e-05  1.000139e-04  1.730039e-04  1.193675e-07  -4.976669492609e+03
2800  1.462702e-05  7.110568e-05  1.230572e-04  8.126699e-08  -4.976669482720e+03
2900  1.054404e-05  5.044550e-05  8.733987e-05  5.538732e-08  -4.976669475983e+03
3000  7.573038e-06  3.571893e-05  6.186687e-05  3.778769e-08  -4.976669471389e+03
3100  5.421526e-06  2.524690e-05  4.374429e-05  2.580600e-08  -4.976669468254e+03
3200  3.870021e-06  1.781636e-05  3.087964e-05  1.764238e-08  -4.976669466111e+03
3300  2.755352e-06  1.255431e-05  2.176575e-05  1.207263e-08  -4.976669464646e+03
3400  1.957165e-06  8.834569e-06  1.532082e-05  8.268216e-09  -4.976669463643e+03
3500  1.387282e-06  6.209352e-06  1.077083e-05  5.666152e-09  -4.976669462956e+03
3600  9.814713e-07  4.359342e-06  7.563465e-06  3.886271e-09  -4.976669462485e+03
3700  6.931765e-07  3.057387e-06  5.305657e-06  2.668457e-09  -4.976669462161e+03
3800  4.888017e-07  2.142258e-06  3.718281e-06  1.833541e-09  -4.976669461939e+03
3900  3.441960e-07  1.499750e-06  2.603539e-06  1.259650e-09  -4.976669461787e+03
4000  2.420574e-07  1.049113e-06  1.821530e-06  8.658390e-10  -4.976669461682e+03
4100  1.700276e-07  7.333476e-07  1.273465e-06  5.984475e-10  -4.976669461610e+03
4200  1.193036e-07  5.122794e-07  8.896976e-07  4.083631e-10  -4.976669461560e+03
4300  8.362967e-08  3.576321e-07  6.211918e-07  2.846718e-10  -4.976669461526e+03
4400  5.857010e-08  2.495283e-07  4.334694e-07  1.937224e-10  -4.976669461503e+03
4500  4.098575e-08  1.740108e-07  3.023155e-07  1.355147e-10  -4.976669461486e+03
4600  2.865898e-08  1.212894e-07  2.107412e-07  9.367795e-11  -4.976669461475e+03
4700  2.002560e-08  8.450392e-08  1.468392e-07  6.457412e-11  -4.976669461467e+03
4800  1.398403e-08  5.885078e-08  1.022712e-07  4.274625e-11  -4.976669461462e+03
4900  9.759421e-09  4.096966e-08  7.120276e-08  3.001333e-11  -4.976669461458e+03
5000  6.807369e-09  2.851152e-08  4.955479e-08  2.273737e-11  -4.976669461456e+03
5100  4.745876e-09  1.983526e-08  3.447716e-08  1.637090e-11  -4.976669461454e+03
5200  3.307138e-09  1.379511e-08  2.397978e-08  8.185452e-12  -4.976669461453e+03
5300  2.303587e-09  9.591608e-09  1.667384e-08  7.275958e-12  -4.976669461452e+03
5400  1.603949e-09  6.667205e-09  1.159073e-08  4.547474e-12  -4.976669461452e+03
5500  1.116387e-09  4.633342e-09  8.055311e-09  3.637979e-12  -4.976669461451e+03
5600  7.767681e-10  3.219213e-09  5.597022e-09  2.728484e-12  -4.976669461451e+03
5700  5.402942e-10  2.236233e-09  3.888144e-09  1.818989e-12  -4.976669461451e+03
5800  3.756975e-10  1.553120e-09  2.700514e-09  1.818989e-12  -4.976669461451e+03
5900  2.611936e-10  1.078457e-09  1.875257e-09  9.094947e-13  -4.976669461450e+03
6000  1.815217e-10  7.487752e-10  1.302034e-09  9.094947e-13  -4.976669461450e+03
