0  8.754544e+00  1.052604e+00  1.631352e+00  5.310639e+03  -5.310638894839e+03
100  3.673502e-02  3.380328e-02  5.435542e-02  8.332900e-04  -5.312693428205e+03
200  2.749671e-02  1.594976e-02  2.590053e-02  1.701978e-04  -5.312734602689e+03
300  2.532435e-02  8.190013e-03  1.334227e-02  3.847404e-05  -5.312743297744e+03
400  2.156645e-02  4.636588e-03  9.565473e-03  1.051039e-05  -5.312745398436e+03
500  1.754492e-02  3.543631e-03  7.489697e-03  3.685326e-06  -5.312746033259e+03
600  1.387523e-02  2.688781e-03  5.784287e-03  1.580904e-06  -5.312746277787e+03
700  1.077468e-02  2.030049e-03  4.424190e-03  7.460467e-07  -5.312746388110e+03
800  8.265987e-03  1.527408e-03  3.360642e-03  3.553150e-07  -5.312746440693e+03
900  6.289230e-03  1.146439e-03  2.540161e-03  1.598783e-07  -5.312746465252e+03
1000  4.757980e-03  8.590282e-04  1.913167e-03  6.164100e-08  -5.312746475711e+03
1100  3.585237e-03  6.428986e-04  1.437236e-03  1.391436e-08  -5.312746479168e+03
1200  2.693989e-03  4.807386e-04  1.077696e-03  7.540621e-09  -5.312746479323e+03
1300  2.020282e-03  3.592643e-04  8.070142e-04  1.564786e-08  -5.312746478083e+03
1400  1.512919e-03  2.683693e-04  6.037311e-04  1.727403e-08  -5.312746476401e+03
1500  1.131831e-03  2.004097e-04  4.513360e-04  1.601165e-08  -5.312746474723e+03
1600  8.461257e-04  1.496268e-04  3.372365e-04  1.369335e-08  -5.312746473235e+03
1700  6.322129e-04  1.116945e-04  2.518884e-04  1.118951e-08  -5.312746471992e+03
1800  4.722047e-04  8.336903e-05  1.880897e-04  8.890311e-09  -5.312746470992e+03
1900  3.525987e-04  6.222175e-05  1.404226e-04  6.934897e-09  -5.312746470205e+03
2000  2.632370e-04  4.643591e-05  1.048207e-04  5.342372e-09  -5.312746469594e+03
2100  1.964954e-04  3.465349e-05  7.823699e-05  4.080903e-09  -5.312746469126e+03
2200  1.466607e-04  2.585988e-05  5.839081e-05  3.095010e-09  -5.312746468770e+03
2300  1.094569e-04  1.929729e-05  4.357656e-05  2.340130e-09  -5.312746468500e+03
2400  8.168625e-05  1.439987e-05  3.251950e-05  1.761691e-09  -5.312746468297e+03
2500  6.095902e-05  1.074524e-05  2.426733e-05  1.321496e-09  -5.312746468144e+03
2600  4.548987e-05  8.018061e-06  1.810885e-05  9.922587e-10  -5.312746468029e+03
2700  3.394551e-05  5.983013e-06  1.351303e-05  7.439667e-10  -5.312746467943e+03
2800  2.533047e-05  4.464455e-06  1.008346e-05  5.538823e-10  -5.312746467878e+03
2900  1.890164e-05  3.331313e-06  7.524241e-06  4.147296e-10  -5.312746467830e+03
3000  1.410432e-05  2.485772e-06  5.614527e-06  3.119567e-10  -5.312746467794e+03
3100  1.052452e-05  1.854840e-06  4.189494e-06  2.301022e-10  -5.312746467767e+03
3200  7.853266e-06  1.384047e-06  3.126141e-06  1.755325e-10  -5.312746467747e+03
3300  5.859992e-06  1.032749e-06  2.332676e-06  1.282388e-10  -5.312746467732e+03
3400  4.372630e-06  7.706170e-07  1.740602e-06  9.640644e-11  -5.312746467721e+03
3500  3.262779e-06  5.750188e-07  1.298805e-06  7.094059e-11  -5.312746467712e+03
3600  2.434625e-06  4.290672e-07  9.691432e-07  5.366019e-11  -5.312746467706e+03
3700  1.816669e-06  3.201610e-07  7.231554e-07  3.910827e-11  -5.312746467701e+03
3800  1.355563e-06  2.388975e-07  5.396039e-07  3.092282e-11  -5.312746467698e+03
3900  1.011493e-06  1.782602e-07  4.026413e-07  2.637535e-11  -5.312746467695e+03
4000  7.547553e-07  1.330140e-07  3.004426e-07  1.637090e-11  -5.312746467693e+03
4100  5.631825e-07  9.925221e-08  2.241839e-07  1.364242e-11  -5.312746467692e+03
4200  4.202354e-07  7.405991e-08  1.672814e-07  1.000444e-11  -5.312746467691e+03
4300  3.135704e-07  5.526191e-08  1.248218e-07  3.637979e-12  -5.312746467690e+03
4400  2.339797e-07  4.123526e-08  9.313937e-08  6.366463e-12  -5.312746467689e+03
4500  1.745904e-07  3.076885e-08  6.949859e-08  2.728484e-12  -5.312746467689e+03
4600  1.302755e-07  2.295905e-08  5.185836e-08  1.818989e-12  -5.312746467689e+03
4700  9.720918e-08  1.713157e-08  3.869562e-08  0.000000e+00  -5.312746467688e+03
4800  7.253514e-08  1.278320e-08  2.887383e-08  9.094947e-13  -5.312746467688e+03
4900  5.412429e-08  9.538554e-09  2.154504e-08  9.094947e-13  -5.312746467688e+03
5000  4.038645e-08  7.117469e-09  1.607645e-08  9.094947e-13  -5.312746467688e+03
5100  3.013523e-08  5.310888e-09  1.199588e-08  0.000000e+00  -5.312746467688e+03
5200  2.248633e-08  3.962875e-09  8.951076e-09  2.728484e-12  -5.312746467688e+03
5300  1.677917e-08  2.957030e-09  6.679129e-09  9.094947e-13  -5.312746467688e+03
5400  1.252010e-08  2.206465e-09  4.983811e-09  9.094947e-13  -5.312746467688e+03
5500  9.342059e-09  1.646407e-09  3.718799e-09  1.818989e-12  -5.312746467688e+03
5600  6.970795e-09  1.228513e-09  2.774886e-09  9.094947e-13  -5.312746467688e+03
5700  5.201691e-09  9.166999e-10  2.070576e-09  9.094947e-13  -5.312746467688e+03
5800  3.881577e-09  6.840314e-10  1.545034e-09  0.000000e+00  -5.312746467688e+03
5900  2.896008e-09  5.103937e-10  1.152847e-09  0.000000e+00  -5.312746467688e+03
6000  2.160788e-09  3.808379e-10  8.602187e-10  2.728484e-12  -5.312746467688e+03
6100  1.612867e-09  2.841987e-10  6.419161e-10  0.000000e+00  -5.312746467688e+03
6200  1.203354e-09  2.120572e-10  4.789751e-10  9.094947e-13  -5.312746467688e+03
