0  5.053226e+00  3.532274e-01  5.375007e-01  4.826076e+03  -4.826075914604e+03
100  2.553348e-02  3.761784e-02  6.125938e-02  1.137091e-03  -4.827129945083e+03
200  2.027461e-02  2.110699e-02  3.471608e-02  2.417871e-04  -4.827187383650e+03
300  1.199841e-02  1.175526e-02  1.961664e-02  5.120310e-05  -4.827199571640e+03
400  6.880623e-03  6.487478e-03  1.088344e-02  1.063554e-05  -4.827202140350e+03
500  3.959665e-03  3.522328e-03  5.951540e-03  2.020500e-06  -4.827202661308e+03
600  2.314936e-03  1.906198e-03  3.273748e-03  2.411680e-07  -4.827202750515e+03
700  1.383233e-03  1.034465e-03  1.782995e-03  8.435381e-08  -4.827202753386e+03
800  8.475617e-04  5.572124e-04  9.636888e-04  1.128537e-07  -4.827202742598e+03
900  5.332949e-04  2.982745e-04  5.176544e-04  9.015548e-08  -4.827202732352e+03
1000  3.444610e-04  1.587742e-04  2.766004e-04  6.553819e-08  -4.827202724619e+03
1100  2.279920e-04  8.405836e-05  1.470916e-04  4.669982e-08  -4.827202719067e+03
1200  1.542039e-04  4.424702e-05  7.785757e-05  3.326750e-08  -4.827202715115e+03
1300  1.062264e-04  2.313754e-05  4.625446e-05  2.381512e-08  -4.827202712293e+03
1400  7.427917e-05  1.495981e-05  3.402175e-05  1.713852e-08  -4.827202710267e+03
1500  5.255864e-05  1.097296e-05  2.499376e-05  1.239096e-08  -4.827202708806e+03
1600  3.753133e-05  8.047134e-06  1.834711e-05  8.991265e-09  -4.827202707748e+03
1700  2.698706e-05  5.900686e-06  1.346124e-05  6.540176e-09  -4.827202706980e+03
1800  1.950600e-05  4.326365e-06  9.873261e-06  4.767571e-09  -4.827202706420e+03
1900  1.415290e-05  3.171861e-06  7.240095e-06  3.481546e-09  -4.827202706011e+03
2000  1.029778e-05  2.325323e-06  5.308452e-06  2.545676e-09  -4.827202705713e+03
2100  7.508133e-06  1.704655e-06  3.891817e-06  1.860826e-09  -4.827202705495e+03
2200  5.482356e-06  1.249620e-06  2.853062e-06  1.363333e-09  -4.827202705335e+03
2300  4.007473e-06  9.160322e-07  2.091478e-06  1.001354e-09  -4.827202705218e+03
2400  2.931651e-06  6.714864e-07  1.533149e-06  7.294148e-10  -4.827202705132e+03
2500  2.145843e-06  4.922199e-07  1.123850e-06  5.356924e-10  -4.827202705070e+03
2600  1.571300e-06  3.608094e-07  8.238113e-07  3.929017e-10  -4.827202705024e+03
2700  1.150924e-06  2.644808e-07  6.038707e-07  2.883098e-10  -4.827202704990e+03
2800  8.431899e-07  1.938692e-07  4.426477e-07  2.119123e-10  -4.827202704965e+03
2900  6.178306e-07  1.421092e-07  3.244675e-07  1.537046e-10  -4.827202704947e+03
3000  4.527519e-07  1.041681e-07  2.378392e-07  1.155058e-10  -4.827202704934e+03
3100  3.318073e-07  7.635670e-08  1.743393e-07  8.003553e-11  -4.827202704924e+03
3200  2.431839e-07  5.597045e-08  1.277929e-07  6.184564e-11  -4.827202704917e+03
3300  1.782386e-07  4.102706e-08  9.367372e-08  4.274625e-11  -4.827202704912e+03
3400  1.306415e-07  3.007335e-08  6.866397e-08  3.274181e-11  -4.827202704908e+03
3500  9.575711e-08  2.204415e-08  5.033153e-08  2.637535e-11  -4.827202704905e+03
3600  7.018766e-08  1.615858e-08  3.689356e-08  2.000888e-11  -4.827202704903e+03
3700  5.144749e-08  1.184446e-08  2.704344e-08  1.364242e-11  -4.827202704902e+03
3800  3.771081e-08  8.682129e-09  1.982316e-08  7.275958e-12  -4.827202704901e+03
3900  2.764184e-08  6.364088e-09  1.453059e-08  7.275958e-12  -4.827202704900e+03
4000  2.026174e-08  4.664961e-09  1.065111e-08  5.456968e-12  -4.827202704899e+03
4100  1.485217e-08  3.419482e-09  7.807397e-09  3.637979e-12  -4.827202704899e+03
4200  1.088632e-08  2.506496e-09  5.722887e-09  1.818989e-12  -4.827202704898e+03
4300  7.979891e-09  1.837297e-09  4.194951e-09  2.728484e-12  -4.827202704898e+03
4400  5.849476e-09  1.346770e-09  3.074958e-09  9.094947e-13  -4.827202704898e+03
4500  4.288005e-09  9.872146e-10  2.253999e-09  0.000000e+00  -4.827202704898e+03
4600  3.142959e-09  7.236280e-10  1.652195e-09  9.094947e-13  -4.827202704898e+03
4700  2.303777e-09  5.304244e-10  1.211075e-09  0.000000e+00  -4.827202704898e+03
4800  1.688342e-09  3.887877e-10  8.877120e-10  0.000000e+00  -4.827202704898e+03
4900  1.238209e-09  2.850223e-10  6.507404e-10  1.818989e-12  -4.827202704898e+03
