0  7.908440e+00  1.626169e+00  2.532060e+00  5.309291e+03  -5.309290782013e+03
100  2.420329e-02  3.047207e-02  4.963515e-02  6.716995e-04  -5.313185725493e+03
200  1.501845e-02  1.372104e-02  2.248695e-02  1.315856e-04  -5.313218416859e+03
300  9.492415e-03  6.645819e-03  1.105456e-02  2.765601e-05  -5.313224982145e+03
400  6.595371e-03  3.278009e-03  5.452144e-03  6.489601e-06  -5.313226416561e+03
500  4.682007e-03  1.608073e-03  2.705462e-03  1.728446e-06  -5.313226770883e+03
600  3.572479e-03  9.514572e-04  2.035870e-03  4.724643e-07  -5.313226867748e+03
700  2.877667e-03  7.185173e-04  1.526826e-03  7.823473e-08  -5.313226891592e+03
800  2.252034e-03  5.405171e-04  1.157962e-03  5.698166e-08  -5.313226891392e+03
900  1.731754e-03  4.053764e-04  8.748703e-04  9.826272e-08  -5.313226883141e+03
1000  1.316941e-03  3.033317e-04  6.579937e-04  1.020881e-07  -5.313226872934e+03
1100  9.942728e-04  2.265978e-04  4.932974e-04  9.142605e-08  -5.313226863197e+03
1200  7.470840e-04  1.690734e-04  3.689896e-04  7.638846e-08  -5.313226854802e+03
1300  5.595609e-04  1.260450e-04  2.755668e-04  6.138998e-08  -5.313226847931e+03
1400  4.182086e-04  9.391047e-05  2.055659e-04  4.816320e-08  -5.313226842478e+03
1500  3.121105e-04  6.993872e-05  1.532256e-04  3.719560e-08  -5.313226838234e+03
1600  2.326998e-04  5.207041e-05  1.141483e-04  2.842080e-08  -5.313226834975e+03
1700  1.733775e-04  3.875901e-05  8.500359e-05  2.155593e-08  -5.313226832494e+03
1800  1.291192e-04  2.884628e-05  6.328275e-05  1.626267e-08  -5.313226830618e+03
1900  9.612880e-05  2.146652e-05  4.710308e-05  1.222543e-08  -5.313226829204e+03
2000  7.155223e-05  1.597356e-05  3.505534e-05  9.162250e-09  -5.313226828144e+03
2100  5.325117e-05  1.188555e-05  2.608660e-05  6.854862e-09  -5.313226827349e+03
2200  3.962701e-05  8.843437e-06  1.941116e-05  5.119546e-09  -5.313226826756e+03
2300  2.948651e-05  6.579786e-06  1.444325e-05  3.821697e-09  -5.313226826312e+03
2400  2.193990e-05  4.895473e-06  1.074642e-05  2.849447e-09  -5.313226825981e+03
2500  1.632418e-05  3.642268e-06  7.995628e-06  2.124580e-09  -5.313226825735e+03
2600  1.214558e-05  2.709851e-06  5.948865e-06  1.582521e-09  -5.313226825551e+03
2700  9.036460e-06  2.016118e-06  4.425990e-06  1.176886e-09  -5.313226825414e+03
2800  6.723161e-06  1.499977e-06  3.292936e-06  8.785719e-10  -5.313226825313e+03
2900  5.002019e-06  1.115969e-06  2.449929e-06  6.548362e-10  -5.313226825237e+03
3000  3.721472e-06  8.302681e-07  1.822728e-06  4.865797e-10  -5.313226825180e+03
3100  2.768743e-06  6.177091e-07  1.356091e-06  3.637979e-10  -5.313226825138e+03
3200  2.059915e-06  4.595673e-07  1.008916e-06  2.673914e-10  -5.313226825107e+03
3300  1.532552e-06  3.419116e-07  7.506210e-07  2.000888e-10  -5.313226825084e+03
3400  1.140198e-06  2.543773e-07  5.584518e-07  1.500666e-10  -5.313226825067e+03
3500  8.482918e-07  1.892529e-07  4.154803e-07  1.100489e-10  -5.313226825054e+03
3600  6.311168e-07  1.408013e-07  3.091113e-07  8.367351e-11  -5.313226825044e+03
3700  4.695417e-07  1.047541e-07  2.299742e-07  6.275513e-11  -5.313226825037e+03
3800  3.493321e-07  7.793543e-08  1.710974e-07  4.547474e-11  -5.313226825032e+03
3900  2.598977e-07  5.798276e-08  1.272938e-07  3.456080e-11  -5.313226825028e+03
4000  1.933598e-07  4.313827e-08  9.470467e-08  2.364686e-11  -5.313226825025e+03
4100  1.438565e-07  3.209420e-08  7.045880e-08  2.000888e-11  -5.313226825023e+03
4200  1.070267e-07  2.387757e-08  5.242023e-08  1.455192e-11  -5.313226825021e+03
4300  7.962643e-08  1.776455e-08  3.899986e-08  1.091394e-11  -5.313226825020e+03
4400  5.924094e-08  1.321655e-08  2.901530e-08  9.094947e-12  -5.313226825019e+03
4500  4.407426e-08  9.832907e-09  2.158693e-08  8.185452e-12  -5.313226825018e+03
4600  3.279072e-08  7.315538e-09  1.606035e-08  2.728484e-12  -5.313226825018e+03
4700  2.439576e-08  5.442647e-09  1.194865e-08  3.637979e-12  -5.313226825017e+03
4800  1.815016e-08  4.049248e-09  8.889615e-09  2.728484e-12  -5.313226825017e+03
4900  1.350309e-08  3.012559e-09  6.613707e-09  1.818989e-12  -5.313226825017e+03
5000  1.004618e-08  2.241302e-09  4.920504e-09  9.094947e-13  -5.313226825017e+03
5100  7.474526e-09  1.667510e-09  3.660803e-09  0.000000e+00  -5.313226825017e+03
5200  5.560845e-09  1.240597e-09  2.723573e-09  0.000000e+00  -5.313226825017e+03
5300  4.137029e-09  9.229764e-10  2.026283e-09  9.094947e-13  -5.313226825016e+03
5400  3.078076e-09  6.866890e-10  1.507538e-09  9.094947e-13  -5.313226825016e+03
5500  2.289969e-09  5.108843e-10  1.121581e-09  0.000000e+00  -5.313226825016e+03
5600  1.703461e-09  3.800769e-10  8.344185e-10  0.000000e+00  -5.313226825016e+03
5700  1.267584e-09  2.827836e-10  6.208132e-10  3.637979e-12  -5.313226825016e+03
