0  8.790870e+00  1.227875e+00  1.911739e+00  5.310399e+03  -5.310399393879e+03
100  2.939848e-02  3.446925e-02  5.488880e-02  7.693163e-04  -5.312726726089e+03
200  1.977527e-02  1.394153e-02  2.262573e-02  1.561727e-04  -5.312764634269e+03
300  1.452255e-02  6.709958e-03  1.090759e-02  3.542895e-05  -5.312772614506e+03
400  1.220086e-02  3.380969e-03  6.988055e-03  9.898743e-06  -5.312774562977e+03
500  1.054760e-02  2.668192e-03  5.486006e-03  3.607855e-06  -5.312775170256e+03
600  8.712336e-03  2.095931e-03  4.320929e-03  1.603631e-06  -5.312775413644e+03
700  7.017023e-03  1.638060e-03  3.409802e-03  7.689468e-07  -5.312775526587e+03
800  5.565849e-03  1.274963e-03  2.672367e-03  3.594150e-07  -5.312775580542e+03
900  4.372056e-03  9.893042e-04  2.083997e-03  1.467470e-07  -5.312775604598e+03
1000  3.412483e-03  7.659317e-04  1.619326e-03  3.723471e-08  -5.312775613122e+03
1100  2.652177e-03  5.920378e-04  1.255000e-03  1.608532e-08  -5.312775613815e+03
1200  2.055308e-03  4.570937e-04  9.708217e-04  3.893456e-08  -5.312775610871e+03
1300  1.589600e-03  3.526137e-04  7.499772e-04  4.573394e-08  -5.312775606541e+03
1400  1.227722e-03  2.718521e-04  5.788046e-04  4.455796e-08  -5.312775601983e+03
1500  9.473126e-04  2.094972e-04  4.463835e-04  3.985315e-08  -5.312775597748e+03
1600  7.304520e-04  1.613940e-04  3.440811e-04  3.396872e-08  -5.312775594056e+03
1700  5.629639e-04  1.243076e-04  2.651250e-04  2.810157e-08  -5.312775590958e+03
1800  4.337302e-04  9.572730e-05  2.042309e-04  2.279012e-08  -5.312775588422e+03
1900  3.340804e-04  7.370907e-05  1.572915e-04  1.822809e-08  -5.312775586380e+03
2000  2.572790e-04  5.675017e-05  1.211225e-04  1.443641e-08  -5.312775584755e+03
2100  1.981074e-04  4.369026e-05  9.326033e-05  1.135413e-08  -5.312775583472e+03
2200  1.525300e-04  3.363418e-05  7.180160e-05  8.882125e-09  -5.312775582467e+03
2300  1.174300e-04  2.589174e-05  5.527709e-05  6.920345e-09  -5.312775581681e+03
2400  9.040244e-05  1.993103e-05  4.255366e-05  5.377842e-09  -5.312775581070e+03
2500  6.959280e-05  1.534227e-05  3.275775e-05  4.168214e-09  -5.312775580596e+03
2600  5.357174e-05  1.180980e-05  2.521623e-05  3.226887e-09  -5.312775580228e+03
2700  4.123802e-05  9.090560e-06  1.941057e-05  2.495653e-09  -5.312775579944e+03
2800  3.174334e-05  6.997371e-06  1.494136e-05  1.924491e-09  -5.312775579725e+03
2900  2.443442e-05  5.386124e-06  1.150105e-05  1.482476e-09  -5.312775579555e+03
3000  1.880821e-05  4.145869e-06  8.852806e-06  1.145963e-09  -5.312775579425e+03
3100  1.447737e-05  3.191194e-06  6.814310e-06  8.831194e-10  -5.312775579324e+03
3200  1.114371e-05  2.456346e-06  5.245185e-06  6.793925e-10  -5.312775579246e+03
3300  8.577639e-06  1.890710e-06  4.037367e-06  5.220500e-10  -5.312775579186e+03
3400  6.602442e-06  1.455324e-06  3.107666e-06  4.047251e-10  -5.312775579140e+03
3500  5.082066e-06  1.120196e-06  2.392047e-06  3.064997e-10  -5.312775579105e+03
3600  3.911788e-06  8.622388e-07  1.841214e-06  2.382876e-10  -5.312775579077e+03
3700  3.010992e-06  6.636834e-07  1.417223e-06  1.837179e-10  -5.312775579056e+03
3800  2.317626e-06  5.108508e-07  1.090867e-06  1.427907e-10  -5.312775579040e+03
3900  1.783926e-06  3.932122e-07  8.396635e-07  1.100489e-10  -5.312775579028e+03
4000  1.373125e-06  3.026634e-07  6.463063e-07  8.367351e-11  -5.312775579018e+03
4100  1.056922e-06  2.329660e-07  4.974751e-07  6.821210e-11  -5.312775579011e+03
4200  8.135344e-07  1.793185e-07  3.829165e-07  4.911271e-11  -5.312775579005e+03
4300  6.261935e-07  1.380250e-07  2.947384e-07  3.819878e-11  -5.312775579001e+03
4400  4.819937e-07  1.062405e-07  2.268660e-07  3.001333e-11  -5.312775578997e+03
4500  3.710001e-07  8.177539e-08  1.746232e-07  2.546585e-11  -5.312775578995e+03
4600  2.855665e-07  6.294413e-08  1.344109e-07  2.000888e-11  -5.312775578993e+03
4700  2.198057e-07  4.844929e-08  1.034587e-07  1.182343e-11  -5.312775578991e+03
4800  1.691888e-07  3.729236e-08  7.963414e-08  1.182343e-11  -5.312775578990e+03
4900  1.302277e-07  2.870464e-08  6.129593e-08  7.275958e-12  -5.312775578989e+03
5000  1.002387e-07  2.209451e-08  4.718065e-08  5.456968e-12  -5.312775578988e+03
5100  7.715578e-08  1.700657e-08  3.631587e-08  5.456968e-12  -5.312775578988e+03
5200  5.938865e-08  1.309031e-08  2.795305e-08  1.818989e-12  -5.312775578987e+03
5300  4.571221e-08  1.007584e-08  2.151597e-08  0.000000e+00  -5.312775578987e+03
5400  3.518556e-08  7.755568e-09  1.656126e-08  4.547474e-12  -5.312775578987e+03
5500  2.708312e-08  5.969615e-09  1.274753e-08  3.637979e-12  -5.312775578987e+03
5600  2.084648e-08  4.594933e-09  9.812023e-09  9.094947e-13  -5.312775578986e+03
5700  1.604602e-08  3.536813e-09  7.552509e-09  0.000000e+00  -5.312775578986e+03
5800  1.235091e-08  2.722352e-09  5.813311e-09  1.818989e-12  -5.312775578986e+03
5900  9.506595e-09  2.095441e-09  4.474607e-09  9.094947e-13  -5.312775578986e+03
6000  7.317376e-09  1.612899e-09  3.444188e-09  0.000000e+00  -5.312775578986e+03
6100  5.631956e-09  1.241460e-09  2.651028e-09  9.094947e-13  -5.312775578986e+03
6200  4.335245e-09  9.555864e-10  2.040564e-09  9.094947e-13  -5.312775578986e+03
6300  3.337289e-09  7.355530e-10  1.570692e-09  9.094947e-13  -5.312775578986e+03
6400  2.568396e-09  5.661505e-10  1.208962e-09  9.094947e-13  -5.312775578986e+03
6500  1.977057e-09  4.357811e-10  9.305687e-10  9.094947e-13  -5.312775578986e+03
6600  1.521506e-09  3.354155e-10  7.162559e-10  1.818989e-12  -5.312775578986e+03
6700  1.171776e-09  2.582095e-10  5.513676e-10  0.000000e+00  -5.312775578986e+03
