0  1.142420e+01  6.297382e-01  9.508204e-01  3.715157e+03  -3.715156990119e+03
100  5.186236e-02  1.196167e-01  2.127532e-01  4.584380e-04  -3.718940514820e+03
200  6.792093e-02  3.368460e-02  7.177965e-02  1.215021e-04  -3.718964249442e+03
300  5.020253e-02  1.112273e-02  2.834170e-02  4.927116e-05  -3.718972111860e+03
400  3.336593e-02  7.585360e-03  1.776468e-02  2.064150e-05  -3.718975403962e+03
500  2.203800e-02  5.341807e-03  1.163630e-02  7.522836e-06  -3.718976722035e+03
600  1.476076e-02  3.812676e-03  8.125915e-03  1.569372e-06  -3.718977133475e+03
700  1.005874e-02  2.751159e-03  5.826497e-03  9.302576e-07  -3.718977144867e+03
800  6.964758e-03  2.002115e-03  4.198309e-03  1.789729e-06  -3.718976999460e+03
900  4.887757e-03  1.466472e-03  3.038720e-03  1.906195e-06  -3.718976810720e+03
1000  3.467669e-03  1.079317e-03  2.207849e-03  1.718233e-06  -3.718976628163e+03
1100  2.481436e-03  7.971172e-04  1.609218e-03  1.434018e-06  -3.718976470397e+03
1200  1.787673e-03  5.900860e-04  1.175872e-03  1.146757e-06  -3.718976341688e+03
1300  1.294610e-03  4.374745e-04  8.609528e-04  8.934039e-07  -3.718976240158e+03
1400  9.413307e-04  3.246005e-04  6.313745e-04  6.843643e-07  -3.718976161749e+03
1500  6.865946e-04  2.409323e-04  4.635905e-04  5.183197e-07  -3.718976102036e+03
1600  5.020035e-04  1.788306e-04  3.407250e-04  3.895093e-07  -3.718976056991e+03
1700  3.677272e-04  1.327056e-04  2.506125e-04  2.911274e-07  -3.718976023233e+03
1800  2.697593e-04  9.844068e-05  1.844416e-04  2.167571e-07  -3.718975998052e+03
1900  1.981161e-04  7.298964e-05  1.358050e-04  1.609433e-07  -3.718975979330e+03
2000  1.456292e-04  5.409195e-05  1.000299e-04  1.192720e-07  -3.718975965441e+03
2100  1.071222e-04  4.006694e-05  7.369994e-05  8.826964e-08  -3.718975955157e+03
2200  7.884052e-05  2.966388e-05  5.431273e-05  6.525624e-08  -3.718975947549e+03
2300  5.805076e-05  2.195180e-05  4.003249e-05  4.821413e-08  -3.718975941927e+03
2400  4.275787e-05  1.623785e-05  2.951103e-05  3.559717e-08  -3.718975937774e+03
2500  3.150240e-05  1.200659e-05  2.175726e-05  2.627439e-08  -3.718975934709e+03
2600  2.321488e-05  8.874866e-06  1.604216e-05  1.938997e-08  -3.718975932446e+03
2700  1.711063e-05  6.558005e-06  1.182912e-05  1.430681e-08  -3.718975930776e+03
2800  1.261325e-05  4.844687e-06  8.723025e-06  1.055605e-08  -3.718975929544e+03
2900  9.299031e-06  3.578153e-06  6.432830e-06  7.789367e-09  -3.718975928635e+03
3000  6.856286e-06  2.642195e-06  4.744098e-06  5.748461e-09  -3.718975927965e+03
3100  5.055602e-06  1.950724e-06  3.498797e-06  4.243702e-09  -3.718975927470e+03
3200  3.728068e-06  1.440001e-06  2.580449e-06  3.122750e-09  -3.718975927106e+03
3300  2.749264e-06  1.062858e-06  1.903185e-06  2.308752e-09  -3.718975926836e+03
3400  2.027529e-06  7.844072e-07  1.403701e-06  1.700300e-09  -3.718975926638e+03
3500  1.495316e-06  5.788537e-07  1.035320e-06  1.260105e-09  -3.718975926492e+03
3600  1.102834e-06  4.271334e-07  7.636255e-07  9.249561e-10  -3.718975926384e+03
3700  8.133892e-07  3.151597e-07  5.632366e-07  6.793925e-10  -3.718975926304e+03
3800  5.999226e-07  2.325278e-07  4.154372e-07  5.047696e-10  -3.718975926245e+03
3900  4.424860e-07  1.715536e-07  3.064245e-07  3.701643e-10  -3.718975926202e+03
4000  3.263675e-07  1.265639e-07  2.260187e-07  2.687557e-10  -3.718975926170e+03
4100  2.407249e-07  9.336977e-08  1.667124e-07  2.041816e-10  -3.718975926146e+03
4200  1.775583e-07  6.887979e-08  1.229685e-07  1.482476e-10  -3.718975926129e+03
4300  1.309688e-07  5.081215e-08  9.070313e-08  1.055014e-10  -3.718975926116e+03
4400  9.660297e-08  3.748331e-08  6.690395e-08  8.003553e-11  -3.718975926107e+03
4500  7.125481e-08  2.765049e-08  4.934948e-08  5.775291e-11  -3.718975926100e+03
4600  5.255948e-08  2.039675e-08  3.640122e-08  3.865352e-11  -3.718975926094e+03
4700  3.876743e-08  1.504596e-08  2.685025e-08  3.092282e-11  -3.718975926091e+03
4800  2.859614e-08  1.109866e-08  1.980542e-08  2.683009e-11  -3.718975926088e+03
4900  2.109413e-08  8.186827e-09  1.460905e-08  1.546141e-11  -3.718975926086e+03
5000  1.555905e-08  6.039049e-09  1.077600e-08  1.227818e-11  -3.718975926084e+03
5100  1.147721e-08  4.454621e-09  7.948717e-09  1.091394e-11  -3.718975926083e+03
5200  8.464243e-09  3.286062e-09  5.863093e-09  3.637979e-12  -3.718975926082e+03
5300  6.244686e-09  2.423846e-09  4.324885e-09  6.366463e-12  -3.718975926082e+03
5400  4.606593e-09  1.787891e-09  3.190196e-09  5.911716e-12  -3.718975926081e+03
5500  3.398096e-09  1.318785e-09  2.353204e-09  2.728484e-12  -3.718975926081e+03
5600  2.506215e-09  9.728480e-10  1.735780e-09  3.637979e-12  -3.718975926081e+03
5700  1.849510e-09  7.175296e-10  1.280430e-09  2.273737e-12  -3.718975926080e+03
5800  1.362535e-09  5.294418e-10  9.443661e-10  4.547474e-13  -3.718975926080e+03
5900  1.005708e-09  3.904641e-10  6.966479e-10  2.273737e-12  -3.718975926080e+03
