0  1.017464e+00  2.895957e-01  4.508919e-01  4.827028e+03  -4.827028025549e+03
100  3.118260e-02  3.867519e-02  6.216535e-02  1.138089e-03  -4.827374749072e+03
200  1.708825e-02  2.045909e-02  3.333904e-02  2.393667e-04  -4.827431915081e+03
300  8.728084e-03  1.103626e-02  1.823126e-02  5.072967e-05  -4.827443970738e+03
400  4.339073e-03  5.958495e-03  9.894446e-03  1.087232e-05  -4.827446535695e+03
500  2.077345e-03  3.176588e-03  5.295468e-03  2.372593e-06  -4.827447088798e+03
600  9.342271e-04  1.679760e-03  2.840354e-03  5.349266e-07  -4.827447210818e+03
700  4.988812e-04  8.946059e-04  1.520317e-03  1.285562e-07  -4.827447238920e+03
800  3.132830e-04  4.753518e-04  8.089376e-04  3.496007e-08  -4.827447245968e+03
900  2.094614e-04  2.518592e-04  4.287968e-04  1.168610e-08  -4.827447248038e+03
1000  1.460291e-04  1.333520e-04  2.268933e-04  5.041329e-09  -4.827447248809e+03
1100  1.051177e-04  7.072681e-05  1.201043e-04  2.708475e-09  -4.827447249178e+03
1200  7.743048e-05  3.768528e-05  6.376141e-05  1.675289e-09  -4.827447249391e+03
1300  6.069058e-05  2.024633e-05  4.124140e-05  1.120497e-09  -4.827447249528e+03
1400  5.037306e-05  1.395644e-05  3.181839e-05  7.821654e-10  -4.827447249621e+03
1500  4.068984e-05  1.080771e-05  2.455111e-05  5.638867e-10  -4.827447249688e+03
1600  3.232904e-05  8.358131e-06  1.894240e-05  4.138201e-10  -4.827447249736e+03
1700  2.541977e-05  6.457610e-06  1.461308e-05  3.083187e-10  -4.827447249772e+03
1800  1.985332e-05  4.985901e-06  1.127164e-05  2.310117e-10  -4.827447249798e+03
1900  1.543794e-05  3.847794e-06  8.693148e-06  1.755325e-10  -4.827447249819e+03
2000  1.196990e-05  2.968503e-06  6.703794e-06  1.355147e-10  -4.827447249834e+03
2100  9.263160e-06  2.289623e-06  5.169248e-06  1.000444e-10  -4.827447249845e+03
2200  7.159364e-06  1.765718e-06  3.985711e-06  7.639755e-11  -4.827447249854e+03
2300  5.528669e-06  1.361540e-06  3.073001e-06  5.911716e-11  -4.827447249861e+03
2400  4.266974e-06  1.049799e-06  2.369211e-06  4.638423e-11  -4.827447249866e+03
2500  3.291960e-06  8.093914e-07  1.826556e-06  3.547029e-11  -4.827447249870e+03
2600  2.539091e-06  6.240146e-07  1.408165e-06  2.637535e-11  -4.827447249873e+03
2700  1.958070e-06  4.810826e-07  1.085596e-06  2.182787e-11  -4.827447249875e+03
2800  1.509832e-06  3.708829e-07  8.369089e-07  1.637090e-11  -4.827447249877e+03
2900  1.164114e-06  2.859225e-07  6.451861e-07  1.091394e-11  -4.827447249879e+03
3000  8.975118e-07  2.204226e-07  4.973814e-07  9.094947e-12  -4.827447249880e+03
3100  6.919420e-07  1.699265e-07  3.834355e-07  9.094947e-12  -4.827447249880e+03
3200  5.334448e-07  1.309979e-07  2.955930e-07  3.637979e-12  -4.827447249881e+03
3300  4.112465e-07  1.009872e-07  2.278741e-07  4.547474e-12  -4.827447249882e+03
3400  3.170374e-07  7.785155e-08  1.756690e-07  6.366463e-12  -4.827447249882e+03
3500  2.444082e-07  6.001607e-08  1.354238e-07  2.728484e-12  -4.827447249882e+03
3600  1.884163e-07  4.626658e-08  1.043986e-07  9.094947e-13  -4.827447249882e+03
3700  1.452510e-07  3.566701e-08  8.048107e-08  9.094947e-13  -4.827447249883e+03
3800  1.119751e-07  2.749580e-08  6.204304e-08  2.728484e-12  -4.827447249883e+03
3900  8.632197e-08  2.119657e-08  4.782909e-08  9.094947e-13  -4.827447249883e+03
4000  6.654578e-08  1.634047e-08  3.687152e-08  9.094947e-13  -4.827447249883e+03
4100  5.130031e-08  1.259690e-08  2.842432e-08  0.000000e+00  -4.827447249883e+03
4200  3.954745e-08  9.710963e-09  2.191234e-08  9.094947e-13  -4.827447249883e+03
4300  3.048701e-08  7.486183e-09  1.689224e-08  0.000000e+00  -4.827447249883e+03
4400  2.350264e-08  5.771120e-09  1.302227e-08  9.094947e-13  -4.827447249883e+03
4500  1.811802e-08  4.448951e-09  1.003887e-08  9.094947e-13  -4.827447249883e+03
4600  1.396730e-08  3.429710e-09  7.738985e-09  9.094947e-13  -4.827447249883e+03
4700  1.076759e-08  2.643977e-09  5.966003e-09  2.728484e-12  -4.827447249883e+03
4800  8.300915e-09  2.038255e-09  4.599210e-09  0.000000e+00  -4.827447249883e+03
4900  6.399059e-09  1.571287e-09  3.545530e-09  1.818989e-12  -4.827447249883e+03
5000  4.932903e-09  1.211301e-09  2.733249e-09  1.818989e-12  -4.827447249883e+03
5100  3.802989e-09  9.338040e-10  2.107076e-09  9.094947e-13  -4.827447249883e+03
5200  2.931680e-09  7.198671e-10  1.624342e-09  2.728484e-12  -4.827447249883e+03
5300  2.259960e-09  5.549446e-10  1.252207e-09  0.000000e+00  -4.827447249883e+03
5400  1.742062e-09  4.277972e-10  9.653173e-10  0.000000e+00  -4.827447249883e+03
5500  1.343168e-09  3.298015e-10  7.441767e-10  9.094947e-13  -4.827447249883e+03
5600  1.035189e-09  2.542290e-10  5.736703e-10  1.818989e-12  -4.827447249883e+03
