0  1.084954e+01  7.529222e-01  1.144907e+00  4.818690e+03  -4.818690407186e+03
100  2.436814e-02  4.033182e-02  6.671790e-02  1.094951e-03  -4.824240526141e+03
200  2.637753e-02  2.472742e-02  4.153862e-02  2.472586e-04  -4.824297810982e+03
300  1.782188e-02  1.490506e-02  2.520593e-02  4.929526e-05  -4.824310152730e+03
400  1.102003e-02  8.822826e-03  1.512545e-02  6.016481e-06  -4.824312355883e+03
500  6.718045e-03  5.168159e-03  8.890730e-03  2.336826e-06  -4.824312414984e+03
600  4.107332e-03  2.989779e-03  5.158396e-03  3.060055e-06  -4.824312120156e+03
700  2.530586e-03  1.715467e-03  2.971602e-03  2.376441e-06  -4.824311845631e+03
800  1.573138e-03  9.787552e-04  1.722310e-03  1.643047e-06  -4.824311646263e+03
900  9.867572e-04  5.615510e-04  9.937289e-04  1.093645e-06  -4.824311511325e+03
1000  6.242588e-04  3.222721e-04  5.715857e-04  7.186809e-07  -4.824311422155e+03
1100  3.980738e-04  1.845785e-04  3.281081e-04  4.707636e-07  -4.824311363675e+03
1200  2.556882e-04  1.055844e-04  1.881239e-04  3.085934e-07  -4.824311325363e+03
1300  1.653114e-04  6.036096e-05  1.078133e-04  2.027527e-07  -4.824311300224e+03
1400  1.075083e-04  3.450588e-05  6.179835e-05  1.335966e-07  -4.824311283685e+03
1500  7.028212e-05  1.973484e-05  3.544968e-05  8.828647e-08  -4.824311272772e+03
1600  4.615767e-05  1.129776e-05  2.036221e-05  5.850779e-08  -4.824311265551e+03
1700  3.043635e-05  6.477125e-06  1.267738e-05  3.887271e-08  -4.824311260759e+03
1800  2.014030e-05  3.720678e-06  8.576536e-06  2.589059e-08  -4.824311257572e+03
1900  1.336782e-05  2.360777e-06  5.800873e-06  1.727585e-08  -4.824311255447e+03
2000  8.896019e-06  1.598381e-06  3.922684e-06  1.154967e-08  -4.824311254028e+03
2100  5.933489e-06  1.081746e-06  2.652112e-06  7.733433e-09  -4.824311253079e+03
2200  3.965179e-06  7.318445e-07  1.792787e-06  5.185029e-09  -4.824311252443e+03
2300  2.654182e-06  4.949784e-07  1.211722e-06  3.478817e-09  -4.824311252016e+03
2400  1.779126e-06  3.346940e-07  8.188863e-07  2.341039e-09  -4.824311251730e+03
2500  1.193984e-06  2.262671e-07  5.533476e-07  1.570697e-09  -4.824311251537e+03
2600  8.020976e-07  1.529399e-07  3.738807e-07  1.057742e-09  -4.824311251408e+03
2700  5.392935e-07  1.033615e-07  2.526008e-07  7.121344e-10  -4.824311251320e+03
2800  3.628558e-07  6.984662e-08  1.706507e-07  4.793037e-10  -4.824311251262e+03
2900  2.442892e-07  4.719420e-08  1.152809e-07  3.219611e-10  -4.824311251222e+03
3000  1.645494e-07  3.188573e-08  7.787300e-08  2.146407e-10  -4.824311251195e+03
3100  1.108848e-07  2.154139e-08  5.260164e-08  1.455192e-10  -4.824311251178e+03
3200  7.474855e-08  1.455211e-08  3.553019e-08  9.822543e-11  -4.824311251165e+03
3300  5.040447e-08  9.830118e-09  2.399854e-08  6.548362e-11  -4.824311251157e+03
3400  3.399658e-08  6.640054e-09  1.620917e-08  4.638423e-11  -4.824311251152e+03
3500  2.293498e-08  4.485093e-09  1.094786e-08  3.001333e-11  -4.824311251148e+03
3600  1.547562e-08  3.029438e-09  7.394220e-09  1.909939e-11  -4.824311251145e+03
3700  1.044318e-08  2.046135e-09  4.993958e-09  1.273293e-11  -4.824311251144e+03
3800  7.048553e-09  1.381996e-09  3.372856e-09  8.185452e-12  -4.824311251143e+03
3900  4.757638e-09  9.333956e-10  2.277944e-09  8.185452e-12  -4.824311251142e+03
4000  3.212506e-09  6.304563e-10  1.538532e-09  2.728484e-12  -4.824311251141e+03
4100  2.168050e-09  4.257605e-10  1.039017e-09  4.547474e-12  -4.824311251141e+03
4200  1.464042e-09  2.875672e-10  7.017413e-10  3.637979e-12  -4.824311251141e+03
