0  9.247283e+00  1.568551e+00  2.442282e+00  5.309198e+03  -5.309197685207e+03
100  2.543801e-02  3.097502e-02  4.989789e-02  7.064873e-04  -5.313020032560e+03
200  1.627062e-02  1.372518e-02  2.240906e-02  1.395588e-04  -5.313054530689e+03
300  1.079301e-02  6.575390e-03  1.082528e-02  2.968976e-05  -5.313061521333e+03
400  7.717721e-03  3.212774e-03  5.319969e-03  7.149531e-06  -5.313063074431e+03
500  5.791761e-03  1.616741e-03  3.436676e-03  1.998789e-06  -5.313063471609e+03
600  4.847937e-03  1.244535e-03  2.626509e-03  5.906932e-07  -5.313063586848e+03
700  3.901040e-03  9.537644e-04  2.005334e-03  1.211574e-07  -5.313063618313e+03
800  3.068290e-03  7.280742e-04  1.544264e-03  5.395032e-08  -5.313063620178e+03
900  2.379676e-03  5.541089e-04  1.182440e-03  1.152794e-07  -5.313063611093e+03
1000  1.829165e-03  4.207689e-04  9.017335e-04  1.276076e-07  -5.313063598683e+03
1100  1.397830e-03  3.189996e-04  6.856934e-04  1.189655e-07  -5.313063586253e+03
1200  1.064091e-03  2.415653e-04  5.203525e-04  1.025501e-07  -5.313063575154e+03
1300  8.079465e-04  1.827772e-04  3.943113e-04  8.462575e-08  -5.313063565807e+03
1400  6.123953e-04  1.382154e-04  2.984953e-04  6.797472e-08  -5.313063558202e+03
1500  4.636284e-04  1.044749e-04  2.257990e-04  5.363654e-08  -5.313063552150e+03
1600  3.507200e-04  7.894794e-05  1.707201e-04  4.181402e-08  -5.313063547404e+03
1700  2.651633e-04  5.964582e-05  1.290298e-04  3.232071e-08  -5.313063543720e+03
1800  2.004026e-04  4.505633e-05  9.749544e-05  2.483011e-08  -5.313063540881e+03
1900  1.514193e-04  3.403193e-05  7.365455e-05  1.898661e-08  -5.313063538706e+03
2000  1.143882e-04  2.570309e-05  5.563637e-05  1.447461e-08  -5.313063537045e+03
2100  8.640274e-05  1.941161e-05  4.202214e-05  1.100943e-08  -5.313063535780e+03
2200  6.525838e-05  1.465958e-05  3.173724e-05  8.356437e-09  -5.313063534819e+03
2300  4.928546e-05  1.107056e-05  2.396844e-05  6.338269e-09  -5.313063534090e+03
2400  3.722056e-05  8.360067e-06  1.810072e-05  4.797585e-09  -5.313063533537e+03
2500  2.810826e-05  6.313116e-06  1.366915e-05  3.630703e-09  -5.313063533119e+03
2600  2.122637e-05  4.767311e-06  1.032238e-05  2.748493e-09  -5.313063532803e+03
2700  1.602917e-05  3.599981e-06  7.794938e-06  2.077286e-09  -5.313063532563e+03
2800  1.210436e-05  2.718470e-06  5.886289e-06  1.571607e-09  -5.313063532382e+03
2900  9.140478e-06  2.052803e-06  4.444958e-06  1.187800e-09  -5.313063532246e+03
3000  6.902299e-06  1.550133e-06  3.356538e-06  8.958523e-10  -5.313063532142e+03
3100  5.212149e-06  1.170549e-06  2.534627e-06  6.775736e-10  -5.313063532064e+03
3200  3.935851e-06  8.839134e-07  1.913972e-06  5.093170e-10  -5.313063532005e+03
3300  2.972073e-06  6.674663e-07  1.445294e-06  3.865352e-10  -5.313063531961e+03
3400  2.244294e-06  5.040210e-07  1.091380e-06  2.910383e-10  -5.313063531927e+03
3500  1.694726e-06  3.805990e-07  8.241298e-07  2.191882e-10  -5.313063531902e+03
3600  1.279731e-06  2.873998e-07  6.223216e-07  1.664375e-10  -5.313063531882e+03
3700  9.663580e-07  2.170227e-07  4.699308e-07  1.246008e-10  -5.313063531868e+03
3800  7.297208e-07  1.638792e-07  3.548564e-07  9.640644e-11  -5.313063531857e+03
3900  5.510303e-07  1.237492e-07  2.679609e-07  7.185008e-11  -5.313063531849e+03
4000  4.160965e-07  9.344601e-08  2.023438e-07  5.184120e-11  -5.313063531843e+03
4100  3.142048e-07  7.056336e-08  1.527948e-07  4.001777e-11  -5.313063531838e+03
4200  2.372635e-07  5.328409e-08  1.153790e-07  3.092282e-11  -5.313063531834e+03
4300  1.791637e-07  4.023612e-08  8.712553e-08  2.364686e-11  -5.313063531832e+03
4400  1.352908e-07  3.038326e-08  6.579060e-08  1.728040e-11  -5.313063531830e+03
4500  1.021613e-07  2.294313e-08  4.968006e-08  1.273293e-11  -5.313063531828e+03
4600  7.714478e-08  1.732493e-08  3.751464e-08  1.000444e-11  -5.313063531827e+03
4700  5.825399e-08  1.308248e-08  2.832822e-08  5.456968e-12  -5.313063531826e+03
4800  4.398875e-08  9.878880e-09  2.139130e-08  4.547474e-12  -5.313063531825e+03
4900  3.321677e-08  7.459770e-09  1.615307e-08  6.366463e-12  -5.313063531825e+03
5000  2.508265e-08  5.633044e-09  1.219756e-08  3.637979e-12  -5.313063531824e+03
5100  1.894071e-08  4.253658e-09  9.210689e-09  5.456968e-12  -5.313063531824e+03
5200  1.430242e-08  3.212032e-09  6.955200e-09  0.000000e+00  -5.313063531824e+03
5300  1.080035e-08  2.425495e-09  5.252058e-09  1.818989e-12  -5.313063531824e+03
5400  8.155731e-09  1.831557e-09  3.965968e-09  9.094947e-13  -5.313063531824e+03
5500  6.158297e-09  1.383036e-09  2.994772e-09  0.000000e+00  -5.313063531824e+03
5600  4.650368e-09  1.044369e-09  2.261432e-09  9.094947e-13  -5.313063531823e+03
5700  3.511484e-09  7.886211e-10  1.707651e-09  1.818989e-12  -5.313063531823e+03
5800  2.651724e-09  5.955130e-10  1.289498e-09  1.818989e-12  -5.313063531823e+03
5900  2.002200e-09  4.496776e-10  9.737184e-10  1.818989e-12  -5.313063531823e+03
6000  1.512045e-09  3.395686e-10  7.352883e-10  0.000000e+00  -5.313063531823e+03
6100  1.141774e-09  2.564176e-10  5.552352e-10  9.094947e-13  -5.313063531823e+03
