0  2.123382e+01  7.107810e-01  1.106896e+00  5.489143e+03  -5.489143147752e+03
100  6.533441e-01  3.021680e-01  6.638055e-01  6.909974e-02  -5.482301707356e+03
200  7.014527e-01  2.720698e-01  4.901167e-01  3.581506e-02  -5.487217713722e+03
300  4.532644e-01  2.427037e-01  4.360393e-01  1.653292e-02  -5.489761826215e+03
400  2.600899e-01  1.811994e-01  3.248425e-01  6.006864e-03  -5.490812128543e+03
500  1.431844e-01  1.184208e-01  2.091003e-01  1.919316e-03  -5.491170775013e+03
600  7.813147e-02  7.029455e-02  1.230573e-01  5.814565e-04  -5.491282429163e+03
700  4.273870e-02  3.950056e-02  6.880501e-02  1.724226e-04  -5.491315914821e+03
800  2.348859e-02  2.153886e-02  3.740693e-02  5.034296e-05  -5.491325785274e+03
900  1.296296e-02  1.155927e-02  2.003877e-02  1.424415e-05  -5.491328637651e+03
1000  7.177316e-03  6.153897e-03  1.070199e-02  3.682863e-06  -5.491329422291e+03
1100  3.984173e-03  3.263929e-03  5.769526e-03  6.867840e-07  -5.491329607831e+03
1200  2.216522e-03  1.728536e-03  3.100541e-03  8.505049e-08  -5.491329628404e+03
1300  1.235657e-03  9.236998e-04  1.663189e-03  2.226125e-07  -5.491329610462e+03
1400  6.902485e-04  4.948965e-04  8.912071e-04  1.968519e-07  -5.491329588955e+03
1500  3.863796e-04  2.649670e-04  4.772326e-04  1.431217e-07  -5.491329571970e+03
1600  2.167479e-04  1.417981e-04  2.554440e-04  9.640098e-08  -5.491329560120e+03
1700  1.218601e-04  7.585912e-05  1.366879e-04  6.249502e-08  -5.491329552296e+03
1800  6.866963e-05  4.057263e-05  7.312439e-05  3.963487e-08  -5.491329547280e+03
1900  3.878733e-05  2.169503e-05  3.911167e-05  2.478191e-08  -5.491329544122e+03
2000  2.196115e-05  1.159828e-05  2.091550e-05  1.533954e-08  -5.491329542157e+03
2100  1.246439e-05  6.199146e-06  1.118274e-05  9.430551e-09  -5.491329540944e+03
2200  7.091536e-06  3.312612e-06  5.977835e-06  5.767106e-09  -5.491329540201e+03
2300  4.044440e-06  1.769710e-06  3.194844e-06  3.507012e-09  -5.491329539747e+03
2400  2.312138e-06  9.451854e-07  1.707097e-06  2.126399e-09  -5.491329539472e+03
2500  1.324916e-06  5.046657e-07  9.119287e-07  1.288754e-09  -5.491329539305e+03
2600  7.609525e-07  2.693698e-07  4.870199e-07  7.748895e-10  -5.491329539204e+03
2700  4.380195e-07  1.437266e-07  2.600182e-07  4.702088e-10  -5.491329539143e+03
2800  2.526751e-07  7.665684e-08  1.387771e-07  2.801244e-10  -5.491329539107e+03
2900  1.460584e-07  4.086672e-08  7.404106e-08  1.664375e-10  -5.491329539085e+03
3000  8.459490e-08  2.177560e-08  3.948654e-08  1.009539e-10  -5.491329539072e+03
3100  4.908945e-08  1.159663e-08  2.104902e-08  6.275513e-11  -5.491329539064e+03
3200  2.853551e-08  6.171819e-09  1.121466e-08  3.547029e-11  -5.491329539059e+03
3300  1.661618e-08  3.282453e-09  6.371014e-09  1.909939e-11  -5.491329539056e+03
3400  9.690356e-09  1.744327e-09  3.778294e-09  1.273293e-11  -5.491329539054e+03
3500  5.660938e-09  9.262622e-10  2.241077e-09  8.185452e-12  -5.491329539053e+03
3600  3.309907e-09  4.911982e-10  1.329331e-09  2.728484e-12  -5.491329539053e+03
3700  1.938745e-09  2.602769e-10  7.886626e-10  3.637979e-12  -5.491329539052e+03
3800  1.137498e-09  1.378009e-10  4.679763e-10  2.728484e-12  -5.491329539052e+03
