0  8.183581e+00  6.875649e-01  1.064918e+00  4.612864e+03  -4.612863510051e+03
100  3.920699e-02  2.335989e-02  3.558332e-02  1.576914e-03  -4.616912375097e+03
200  2.283049e-02  1.574254e-02  2.478053e-02  3.430947e-04  -4.616992442823e+03
300  1.373287e-02  9.339820e-03  1.499311e-02  7.977561e-05  -4.617010218289e+03
400  8.542488e-03  5.510285e-03  8.967397e-03  2.158424e-05  -4.617014567609e+03
500  5.492330e-03  3.236962e-03  5.322152e-03  7.574972e-06  -4.617015865969e+03
600  3.631995e-03  1.891646e-03  3.126373e-03  3.569777e-06  -4.617016384680e+03
700  2.455504e-03  1.105020e-03  1.837470e-03  2.075693e-06  -4.617016656017e+03
800  1.687774e-03  6.481304e-04  1.078257e-03  1.343672e-06  -4.617016823000e+03
900  1.173994e-03  3.827187e-04  7.492458e-04  9.127043e-07  -4.617016933928e+03
1000  8.680793e-04  2.292503e-04  5.329314e-04  6.338778e-07  -4.617017010177e+03
1100  6.410547e-04  1.603496e-04  3.796623e-04  4.452422e-07  -4.617017063448e+03
1200  4.692703e-04  1.145353e-04  2.707385e-04  3.147543e-07  -4.617017100991e+03
1300  3.413652e-04  8.181161e-05  1.931838e-04  2.233783e-07  -4.617017127585e+03
1400  2.471873e-04  5.843712e-05  1.378987e-04  1.589187e-07  -4.617017146482e+03
1500  1.783890e-04  4.174068e-05  9.845916e-05  1.132421e-07  -4.617017159937e+03
1600  1.284167e-04  2.981451e-05  7.031034e-05  8.077677e-08  -4.617017169530e+03
1700  9.227001e-05  2.129582e-05  5.021400e-05  5.765742e-08  -4.617017176374e+03
1800  6.620443e-05  1.521110e-05  3.586387e-05  4.116646e-08  -4.617017181261e+03
1900  4.745158e-05  1.086494e-05  2.561572e-05  2.940396e-08  -4.617017184751e+03
2000  3.398314e-05  7.760597e-06  1.829644e-05  2.100114e-08  -4.617017187244e+03
2100  2.432257e-05  5.543245e-06  1.306874e-05  1.500484e-08  -4.617017189024e+03
2200  1.740011e-05  3.959445e-06  9.334796e-06  1.071749e-08  -4.617017190296e+03
2300  1.244341e-05  2.828171e-06  6.667741e-06  7.658855e-09  -4.617017191205e+03
2400  8.896279e-06  2.020126e-06  4.762712e-06  5.471520e-09  -4.617017191854e+03
2500  6.358964e-06  1.442952e-06  3.401974e-06  3.909918e-09  -4.617017192318e+03
2600  4.544591e-06  1.030686e-06  2.430011e-06  2.792149e-09  -4.617017192650e+03
2700  3.247505e-06  7.362102e-07  1.735746e-06  1.994522e-09  -4.617017192886e+03
2800  2.320405e-06  5.258692e-07  1.239835e-06  1.426088e-09  -4.617017193055e+03
2900  1.657855e-06  3.756247e-07  8.856092e-07  1.016815e-09  -4.617017193176e+03
3000  1.184419e-06  2.683063e-07  6.325871e-07  7.248673e-10  -4.617017193262e+03
3100  8.461455e-07  1.916497e-07  4.518545e-07  5.193215e-10  -4.617017193324e+03
3200  6.044647e-07  1.368943e-07  3.227579e-07  3.719833e-10  -4.617017193368e+03
3300  4.318031e-07  9.778293e-08  2.305448e-07  2.664819e-10  -4.617017193400e+03
3400  3.084552e-07  6.984588e-08  1.646772e-07  1.900844e-10  -4.617017193422e+03
3500  2.203392e-07  4.989059e-08  1.176283e-07  1.346052e-10  -4.617017193438e+03
3600  1.573937e-07  3.563664e-08  8.402147e-08  9.640644e-11  -4.617017193450e+03
3700  1.124291e-07  2.545511e-08  6.001622e-08  6.912160e-11  -4.617017193458e+03
3800  8.030947e-08  1.818248e-08  4.286936e-08  5.002221e-11  -4.617017193464e+03
3900  5.736562e-08  1.298766e-08  3.062141e-08  3.456080e-11  -4.617017193468e+03
4000  4.097658e-08  9.277036e-09  2.187276e-08  2.546585e-11  -4.617017193471e+03
4100  2.926953e-08  6.626540e-09  1.562362e-08  1.637090e-11  -4.617017193473e+03
4200  2.090755e-08  4.733327e-09  1.115991e-08  1.182343e-11  -4.617017193474e+03
4300  1.493415e-08  3.380991e-09  7.971475e-09  6.366463e-12  -4.617017193475e+03
4400  1.066780e-08  2.415049e-09  5.694015e-09  3.637979e-12  -4.617017193476e+03
4500  7.619796e-09  1.725047e-09  4.067199e-09  2.728484e-12  -4.617017193477e+03
4600  5.443387e-09  1.232230e-09  2.905223e-09  1.818989e-12  -4.617017193477e+03
4700  3.887397e-09  8.801296e-10  2.075139e-09  1.818989e-12  -4.617017193477e+03
4800  2.777494e-09  6.287177e-10  1.482312e-09  9.094947e-13  -4.617017193478e+03
4900  1.983435e-09  4.490602e-10  1.058777e-09  2.728484e-12  -4.617017193478e+03
5000  1.417039e-09  3.207788e-10  7.562982e-10  1.818989e-12  -4.617017193478e+03
5100  1.012057e-09  2.291227e-10  5.402123e-10  1.818989e-12  -4.617017193478e+03
