0  4.924128e+00  3.261740e-01  4.982596e-01  6.664306e+01  5.000000e-03 -3.710308452258e+03
1000  7.045867e-03  2.615746e-03  5.437460e-03  7.811599e+01  5.000000e-03 -3.720099589423e+03
2000  1.417387e-03  5.375427e-04  1.119773e-03  7.811122e+01  5.000000e-03 -3.720100601935e+03
3000  2.974865e-04  1.119265e-04  2.335931e-04  7.811000e+01  5.000000e-03 -3.720100660513e+03
4000  6.176257e-05  2.319475e-05  4.842875e-05  7.810975e+01  5.000000e-03 -3.720100665771e+03
5000  1.278823e-05  4.800729e-06  1.002444e-05  7.810969e+01  5.000000e-03 -3.720100666561e+03
6000  2.646344e-06  9.933639e-07  2.074290e-06  7.810968e+01  5.000000e-03 -3.720100666711e+03
7000  5.475590e-07  2.055348e-07  4.291885e-07  7.810968e+01  5.000000e-03 -3.720100666742e+03
8000  1.132933e-07  4.252626e-08  8.880149e-08  7.810968e+01  5.000000e-03 -3.720100666748e+03
9000  2.344049e-08  8.798868e-09  1.837343e-08  7.810968e+01  5.000000e-03 -3.720100666750e+03
10000  4.850187e-09  1.820534e-09  3.801562e-09  7.810968e+01  5.000000e-03 -3.720100666750e+03
11000  1.004001e-09  3.767052e-10  7.866001e-10  7.810968e+01  5.000000e-03 -3.720100666750e+03
