0  4.924128e+00  3.261740e-01  4.982596e-01  3.710308e+03  -3.710308452258e+03
100  1.448079e-01  1.323697e-01  2.127814e-01  7.791664e-03  -3.719623921461e+03
200  9.268548e-02  6.476194e-02  1.067994e-01  1.497687e-03  -3.720001417029e+03
300  5.757251e-02  3.476364e-02  5.839228e-02  3.051257e-04  -3.720075250849e+03
400  3.709196e-02  1.844080e-02  3.159368e-02  7.296079e-05  -3.720091051946e+03
500  2.516283e-02  9.363133e-03  1.642010e-02  2.456013e-05  -3.720095322653e+03
600  1.801449e-02  5.319531e-03  1.115249e-02  1.243992e-05  -3.720097047094e+03
700  1.354332e-02  4.405193e-03  9.207625e-03  8.088376e-06  -3.720098042880e+03
800  1.059831e-02  3.678655e-03  7.669422e-03  5.780925e-06  -3.720098725925e+03
900  8.548874e-03  3.093621e-03  6.438002e-03  4.253328e-06  -3.720099222380e+03
1000  7.045867e-03  2.615746e-03  5.437460e-03  3.155502e-06  -3.720099589423e+03
1100  5.892598e-03  2.220419e-03  4.613149e-03  2.346447e-06  -3.720099862096e+03
1200  4.975483e-03  1.890037e-03  3.926194e-03  1.746016e-06  -3.720100064935e+03
1300  4.226727e-03  1.611808e-03  3.348662e-03  1.299740e-06  -3.720100215899e+03
1400  3.604131e-03  1.376205e-03  2.860023e-03  9.680525e-07  -3.720100328303e+03
1500  3.080087e-03  1.175935e-03  2.444761e-03  7.216113e-07  -3.720100412054e+03
1600  2.635526e-03  1.005260e-03  2.090811e-03  5.385550e-07  -3.720100474518e+03
1700  2.256558e-03  8.595637e-04  1.788544e-03  4.025856e-07  -3.720100521170e+03
1800  1.932571e-03  7.350606e-04  1.530110e-03  3.015498e-07  -3.720100556077e+03
1900  1.655142e-03  6.286021e-04  1.309005e-03  2.264264e-07  -3.720100582253e+03
2000  1.417387e-03  5.375427e-04  1.119773e-03  1.705116e-07  -3.720100601935e+03
2100  1.213570e-03  4.596436e-04  9.577998e-04  1.288349e-07  -3.720100616779e+03
2200  1.038845e-03  3.930013e-04  8.191598e-04  9.771156e-08  -3.720100628016e+03
2300  8.890813e-04  3.359916e-04  7.005029e-04  7.441986e-08  -3.720100636555e+03
2400  7.607465e-04  2.872266e-04  5.989628e-04  5.694437e-08  -3.720100643073e+03
2500  6.508058e-04  2.455186e-04  5.120840e-04  4.379126e-08  -3.720100648072e+03
2600  5.566512e-04  2.098506e-04  4.377618e-04  3.385503e-08  -3.720100651926e+03
2700  4.760394e-04  1.793514e-04  3.741915e-04  2.632714e-08  -3.720100654914e+03
2800  4.070414e-04  1.532750e-04  3.198258e-04  2.058459e-08  -3.720100657244e+03
2900  3.479988e-04  1.309825e-04  2.733386e-04  1.619537e-08  -3.720100659071e+03
3000  2.974865e-04  1.119265e-04  2.335931e-04  1.282478e-08  -3.720100660513e+03
3100  2.542807e-04  9.563857e-05  1.996154e-04  1.021226e-08  -3.720100661658e+03
3200  2.173311e-04  8.171776e-05  1.705715e-04  8.178176e-09  -3.720100662572e+03
3300  1.857367e-04  6.982084e-05  1.457472e-04  6.588380e-09  -3.720100663307e+03
3400  1.587251e-04  5.965418e-05  1.245310e-04  5.335096e-09  -3.720100663900e+03
3500  1.356341e-04  5.096660e-05  1.063997e-04  4.353296e-09  -3.720100664383e+03
3600  1.158968e-04  4.354325e-05  9.090573e-05  3.562491e-09  -3.720100664777e+03
3700  9.902755e-05  3.720041e-05  7.766612e-05  2.928573e-09  -3.720100665100e+03
3800  8.461066e-05  3.178100e-05  6.635336e-05  2.424713e-09  -3.720100665367e+03
3900  7.229045e-05  2.715071e-05  5.668739e-05  2.005436e-09  -3.720100665587e+03
4000  6.176257e-05  2.319475e-05  4.842875e-05  1.671651e-09  -3.720100665771e+03
4100  5.276672e-05  1.981498e-05  4.137275e-05  1.395165e-09  -3.720100665923e+03
4200  4.508026e-05  1.692753e-05  3.534440e-05  1.170974e-09  -3.720100666051e+03
4300  3.851285e-05  1.446074e-05  3.019414e-05  9.799805e-10  -3.720100666159e+03
4400  3.290173e-05  1.235334e-05  2.579414e-05  8.276402e-10  -3.720100666249e+03
4500  2.810779e-05  1.055300e-05  2.203517e-05  6.984919e-10  -3.720100666325e+03
4600  2.401209e-05  9.014987e-06  1.882387e-05  5.920811e-10  -3.720100666389e+03
4700  2.051302e-05  7.701099e-06  1.608049e-05  4.984031e-10  -3.720100666443e+03
4800  1.752370e-05  6.578680e-06  1.373687e-05  4.242793e-10  -3.720100666489e+03
4900  1.496992e-05  5.619835e-06  1.173477e-05  3.574314e-10  -3.720100666528e+03
5000  1.278823e-05  4.800729e-06  1.002444e-05  2.992238e-10  -3.720100666561e+03
5100  1.092445e-05  4.101001e-06  8.563361e-06  2.542038e-10  -3.720100666589e+03
5200  9.332261e-06  3.503255e-06  7.315220e-06  2.182787e-10  -3.720100666613e+03
5300  7.972099e-06  2.992629e-06  6.248987e-06  1.850822e-10  -3.720100666633e+03
5400  6.810158e-06  2.556427e-06  5.338154e-06  1.591616e-10  -3.720100666650e+03
5500  5.817558e-06  2.183803e-06  4.560075e-06  1.391527e-10  -3.720100666665e+03
5600  4.969619e-06  1.865491e-06  3.895402e-06  1.109584e-10  -3.720100666677e+03
5700  4.245266e-06  1.593574e-06  3.327608e-06  1.014087e-10  -3.720100666688e+03
5800  3.626485e-06  1.361292e-06  2.842572e-06  8.412826e-11  -3.720100666697e+03
5900  3.097893e-06  1.162867e-06  2.428235e-06  7.048584e-11  -3.720100666705e+03
6000  2.646344e-06  9.933639e-07  2.074290e-06  5.729817e-11  -3.720100666711e+03
6100  2.260612e-06  8.485679e-07  1.771936e-06  5.138645e-11  -3.720100666717e+03
6200  1.931102e-06  7.248776e-07  1.513653e-06  4.456524e-11  -3.720100666722e+03
6300  1.649621e-06  6.192166e-07  1.293018e-06  3.501555e-11  -3.720100666726e+03
6400  1.409168e-06  5.289570e-07  1.104542e-06  3.046807e-11  -3.720100666729e+03
6500  1.203762e-06  4.518538e-07  9.435397e-07  2.228262e-11  -3.720100666732e+03
6600  1.028298e-06  3.859896e-07  8.060053e-07  2.364686e-11  -3.720100666735e+03
6700  8.784104e-07  3.297260e-07  6.885185e-07  1.409717e-11  -3.720100666737e+03
6800  7.503703e-07  2.816635e-07  5.881569e-07  1.637090e-11  -3.720100666739e+03
6900  6.409925e-07  2.406068e-07  5.024243e-07  1.955414e-11  -3.720100666741e+03
7000  5.475590e-07  2.055348e-07  4.291885e-07  1.364242e-11  -3.720100666742e+03
7100  4.677428e-07  1.755749e-07  3.666277e-07  9.549694e-12  -3.720100666743e+03
7200  3.995630e-07  1.499822e-07  3.131862e-07  1.182343e-11  -3.720100666744e+03
7300  3.413223e-07  1.281201e-07  2.675347e-07  6.821210e-12  -3.720100666745e+03
7400  2.915690e-07  1.094446e-07  2.285374e-07  4.092726e-12  -3.720100666746e+03
7500  2.490669e-07  9.349129e-08  1.952245e-07  5.911716e-12  -3.720100666746e+03
7600  2.127624e-07  7.986355e-08  1.667676e-07  4.092726e-12  -3.720100666747e+03
7700  1.817488e-07  6.822218e-08  1.424586e-07  5.911716e-12  -3.720100666747e+03
7800  1.552556e-07  5.827772e-08  1.216930e-07  1.000444e-11  -3.720100666748e+03
7900  1.326271e-07  4.978297e-08  1.039546e-07  3.637979e-12  -3.720100666748e+03
8000  1.132933e-07  4.252626e-08  8.880149e-08  3.637979e-12  -3.720100666748e+03
8100  9.677929e-08  3.632741e-08  7.585731e-08  2.273737e-12  -3.720100666749e+03
8200  8.267072e-08  3.103204e-08  6.479981e-08  3.183231e-12  -3.720100666749e+03
8300  7.062195e-08  2.650873e-08  5.535437e-08  5.456968e-12  -3.720100666749e+03
8400  6.032601e-08  2.264459e-08  4.728549e-08  5.456968e-12  -3.720100666749e+03
8500  5.153369e-08  1.934384e-08  4.039297e-08  9.094947e-13  -3.720100666749e+03
8600  4.402174e-08  1.652417e-08  3.450506e-08  4.547474e-13  -3.720100666749e+03
8700  3.760468e-08  1.411551e-08  2.947540e-08  4.547474e-13  -3.720100666749e+03
8800  3.212260e-08  1.205792e-08  2.517886e-08  3.183231e-12  -3.720100666750e+03
8900  2.744185e-08  1.030037e-08  2.150876e-08  1.364242e-12  -3.720100666750e+03
9000  2.344049e-08  8.798868e-09  1.837343e-08  1.818989e-12  -3.720100666750e+03
9100  2.002463e-08  7.516342e-09  1.569529e-08  2.728484e-12  -3.720100666750e+03
9200  1.710432e-08  6.420649e-09  1.340735e-08  5.002221e-12  -3.720100666750e+03
9300  1.461157e-08  5.484762e-09  1.145305e-08  1.364242e-12  -3.720100666750e+03
9400  1.248233e-08  4.685303e-09  9.783639e-09  9.094947e-13  -3.720100666750e+03
9500  1.066287e-08  4.002348e-09  8.357521e-09  1.818989e-12  -3.720100666750e+03
9600  9.107758e-09  3.418901e-09  7.139221e-09  9.094947e-13  -3.720100666750e+03
9700  7.780362e-09  2.920553e-09  6.098583e-09  4.547474e-13  -3.720100666750e+03
9800  6.647388e-09  2.494905e-09  5.209717e-09  9.094947e-13  -3.720100666750e+03
9900  5.677661e-09  2.131190e-09  4.450257e-09  1.364242e-12  -3.720100666750e+03
10000  4.850187e-09  1.820534e-09  3.801562e-09  3.637979e-12  -3.720100666750e+03
10100  4.143429e-09  1.555189e-09  3.247460e-09  9.094947e-13  -3.720100666750e+03
10200  3.539157e-09  1.328471e-09  2.774056e-09  9.094947e-13  -3.720100666750e+03
10300  3.022910e-09  1.134807e-09  2.369670e-09  1.818989e-12  -3.720100666750e+03
10400  2.582122e-09  9.693849e-10  2.024245e-09  1.818989e-12  -3.720100666750e+03
10500  2.206639e-09  8.281348e-10  1.729255e-09  9.094947e-13  -3.720100666750e+03
10600  1.884600e-09  7.073958e-10  1.477153e-09  1.364242e-12  -3.720100666750e+03
10700  1.609854e-09  6.042809e-10  1.261832e-09  4.547474e-13  -3.720100666750e+03
10800  1.375131e-09  5.161919e-10  1.077893e-09  4.547474e-13  -3.720100666750e+03
10900  1.174168e-09  4.409243e-10  9.207367e-10  2.273737e-12  -3.720100666750e+03
11000  1.004001e-09  3.767052e-10  7.866001e-10  2.273737e-12  -3.720100666750e+03
