0  3.274851e+00  4.774228e-01  7.427494e-01  4.826634e+03  -4.826633786452e+03
100  3.672795e-02  4.284751e-02  6.821718e-02  1.138465e-03  -4.827297128431e+03
200  1.371177e-02  2.118849e-02  3.418545e-02  2.385129e-04  -4.827354218554e+03
300  7.821730e-03  1.117520e-02  1.820779e-02  5.052821e-05  -4.827366223600e+03
400  4.751876e-03  5.946924e-03  9.791477e-03  1.095347e-05  -4.827368785732e+03
500  3.085921e-03  3.200717e-03  5.283219e-03  2.489670e-06  -4.827369349913e+03
600  2.218285e-03  1.727636e-03  2.853289e-03  6.141036e-07  -4.827369481934e+03
700  1.681617e-03  9.426591e-04  1.554401e-03  1.650296e-07  -4.827369515723e+03
800  1.427955e-03  5.248303e-04  1.019294e-03  4.095091e-08  -4.827369524765e+03
900  1.277472e-03  3.706122e-04  8.343249e-04  4.683898e-10  -4.827369526429e+03
1000  1.100470e-03  3.024059e-04  6.825060e-04  1.638819e-08  -4.827369525457e+03
1100  9.277535e-04  2.482819e-04  5.578126e-04  2.238176e-08  -4.827369523462e+03
1200  7.721021e-04  2.033388e-04  4.555004e-04  2.378056e-08  -4.827369521127e+03
1300  6.374700e-04  1.662362e-04  3.716752e-04  2.289653e-08  -4.827369518781e+03
1400  5.236919e-04  1.357333e-04  3.030950e-04  2.093657e-08  -4.827369516584e+03
1500  4.288585e-04  1.107297e-04  2.470556e-04  1.853914e-08  -4.827369514610e+03
1600  3.504840e-04  9.027605e-05  2.013079e-04  1.607350e-08  -4.827369512881e+03
1700  2.860558e-04  7.356847e-05  1.639895e-04  1.372700e-08  -4.827369511394e+03
1800  2.332710e-04  5.993461e-05  1.335642e-04  1.160151e-08  -4.827369510131e+03
1900  1.901192e-04  4.881682e-05  1.087688e-04  9.724317e-09  -4.827369509067e+03
2000  1.548920e-04  3.975524e-05  8.856756e-05  8.102688e-09  -4.827369508179e+03
2100  1.261605e-04  3.237214e-05  7.211292e-05  6.718437e-09  -4.827369507441e+03
2200  1.027411e-04  2.635809e-05  5.871213e-05  5.547918e-09  -4.827369506830e+03
2300  8.365946e-05  2.146008e-05  4.779969e-05  4.571120e-09  -4.827369506326e+03
2400  6.811628e-05  1.747151e-05  3.891431e-05  3.754394e-09  -4.827369505911e+03
2500  5.545776e-05  1.422381e-05  3.167990e-05  3.082278e-09  -4.827369505570e+03
2600  4.514985e-05  1.157955e-05  2.578997e-05  2.522938e-09  -4.827369505291e+03
2700  3.675679e-05  9.426692e-06  2.099482e-05  2.064553e-09  -4.827369505063e+03
2800  2.992331e-05  7.673992e-06  1.709107e-05  1.689841e-09  -4.827369504876e+03
2900  2.435986e-05  6.247107e-06  1.391307e-05  1.376065e-09  -4.827369504724e+03
3000  1.983054e-05  5.085493e-06  1.132594e-05  1.125954e-09  -4.827369504599e+03
3100  1.614324e-05  4.139850e-06  9.219840e-06  9.167707e-10  -4.827369504497e+03
3200  1.314146e-05  3.370032e-06  7.505350e-06  7.476046e-10  -4.827369504414e+03
3300  1.069779e-05  2.743354e-06  6.109663e-06  6.093615e-10  -4.827369504347e+03
3400  8.708486e-06  2.233203e-06  4.973505e-06  4.956746e-10  -4.827369504292e+03
3500  7.089080e-06  1.817916e-06  4.048621e-06  4.047251e-10  -4.827369504247e+03
3600  5.770798e-06  1.479852e-06  3.295725e-06  3.310561e-10  -4.827369504210e+03
3700  4.697654e-06  1.204654e-06  2.682837e-06  2.673914e-10  -4.827369504180e+03
3800  3.824066e-06  9.806313e-07  2.183923e-06  2.182787e-10  -4.827369504156e+03
3900  3.112928e-06  7.982681e-07  1.777788e-06  1.755325e-10  -4.827369504136e+03
4000  2.534034e-06  6.498176e-07  1.447179e-06  1.446097e-10  -4.827369504120e+03
4100  2.062791e-06  5.289735e-07  1.178052e-06  1.191438e-10  -4.827369504107e+03
4200  1.679182e-06  4.306020e-07  9.589730e-07  9.731593e-11  -4.827369504096e+03
4300  1.366911e-06  3.505243e-07  7.806354e-07  7.639755e-11  -4.827369504088e+03
4400  1.112711e-06  2.853382e-07  6.354626e-07  6.730261e-11  -4.827369504081e+03
4500  9.057833e-07  2.322746e-07  5.172870e-07  5.093170e-11  -4.827369504075e+03
4600  7.373370e-07  1.890790e-07  4.210882e-07  4.365575e-11  -4.827369504070e+03
4700  6.002161e-07  1.539164e-07  3.427793e-07  3.547029e-11  -4.827369504066e+03
4800  4.885953e-07  1.252929e-07  2.790333e-07  2.910383e-11  -4.827369504063e+03
4900  3.977325e-07  1.019924e-07  2.271420e-07  2.364686e-11  -4.827369504061e+03
5000  3.237670e-07  8.302507e-08  1.849008e-07  1.728040e-11  -4.827369504059e+03
5100  2.635563e-07  6.758503e-08  1.505151e-07  1.455192e-11  -4.827369504057e+03
5200  2.145433e-07  5.501637e-08  1.225241e-07  1.273293e-11  -4.827369504056e+03
5300  1.746452e-07  4.478507e-08  9.973849e-08  1.182343e-11  -4.827369504054e+03
5400  1.421665e-07  3.645646e-08  8.119028e-08  6.366463e-12  -4.827369504054e+03
5500  1.157280e-07  2.967670e-08  6.609145e-08  6.366463e-12  -4.827369504053e+03
5600  9.420632e-08  2.415778e-08  5.380053e-08  6.366463e-12  -4.827369504052e+03
5700  7.668665e-08  1.966518e-08  4.379532e-08  1.818989e-12  -4.827369504052e+03
5800  6.242594e-08  1.600811e-08  3.565081e-08  2.728484e-12  -4.827369504051e+03
5900  5.081690e-08  1.303112e-08  2.902090e-08  2.728484e-12  -4.827369504051e+03
6000  4.136647e-08  1.060774e-08  2.362392e-08  1.818989e-12  -4.827369504051e+03
6100  3.367343e-08  8.635023e-09  1.923060e-08  1.818989e-12  -4.827369504051e+03
6200  2.741116e-08  7.029177e-09  1.565431e-08  9.094947e-13  -4.827369504050e+03
6300  2.231349e-08  5.721968e-09  1.274310e-08  0.000000e+00  -4.827369504050e+03
6400  1.816373e-08  4.657856e-09  1.037328e-08  1.818989e-12  -4.827369504050e+03
6500  1.478616e-08  3.791660e-09  8.444194e-09  0.000000e+00  -4.827369504050e+03
6600  1.203681e-08  3.086554e-09  6.873866e-09  0.000000e+00  -4.827369504050e+03
6700  9.798233e-09  2.512546e-09  5.595537e-09  1.818989e-12  -4.827369504050e+03
6800  7.975581e-09  2.045264e-09  4.554915e-09  0.000000e+00  -4.827369504050e+03
6900  6.492813e-09  1.664936e-09  3.707873e-09  9.094947e-13  -4.827369504050e+03
7000  5.284877e-09  1.355282e-09  3.018295e-09  1.818989e-12  -4.827369504050e+03
7100  4.302580e-09  1.103271e-09  2.457018e-09  2.728484e-12  -4.827369504050e+03
7200  3.502022e-09  8.980732e-10  2.000064e-09  0.000000e+00  -4.827369504050e+03
7300  2.850912e-09  7.310688e-10  1.628125e-09  2.728484e-12  -4.827369504050e+03
7400  2.320785e-09  5.951181e-10  1.325351e-09  1.818989e-12  -4.827369504050e+03
7500  1.889271e-09  4.844488e-10  1.078881e-09  0.000000e+00  -4.827369504050e+03
7600  1.537906e-09  3.943529e-10  8.782395e-10  1.818989e-12  -4.827369504050e+03
7700  1.251909e-09  3.210179e-10  7.149180e-10  0.000000e+00  -4.827369504050e+03
7800  1.018730e-09  2.612979e-10  5.819424e-10  9.094947e-13  -4.827369504050e+03
