0  1.417398e+01  9.383071e-01  1.456043e+00  5.117916e+03  -5.117916492277e+03
100  1.079843e-01  1.394595e-01  2.598946e-01  2.076271e-03  -5.130000109037e+03
200  1.039445e-01  3.667824e-02  8.633230e-02  4.015868e-04  -5.130095385141e+03
300  7.275651e-02  1.729951e-02  3.495485e-02  1.105130e-04  -5.130117685976e+03
400  4.579288e-02  1.001106e-02  1.847908e-02  2.481966e-05  -5.130123616222e+03
500  2.833913e-02  5.755579e-03  1.152986e-02  2.127168e-06  -5.130124470026e+03
600  1.758342e-02  3.287151e-03  7.286005e-03  8.884019e-06  -5.130123823722e+03
700  1.098941e-02  1.872091e-03  4.643046e-03  8.908021e-06  -5.130122905854e+03
800  6.921849e-03  1.090923e-03  2.977799e-03  7.108865e-06  -5.130122100574e+03
900  4.390614e-03  7.134378e-04  1.919379e-03  5.178889e-06  -5.130121489108e+03
1000  2.801720e-03  4.665009e-04  1.241963e-03  3.604177e-06  -5.130121054289e+03
1100  1.796654e-03  3.050636e-04  8.060085e-04  2.445243e-06  -5.130120755659e+03
1200  1.156751e-03  1.995289e-04  5.242466e-04  1.634393e-06  -5.130120554607e+03
1300  7.471558e-04  1.305271e-04  3.415470e-04  1.082662e-06  -5.130120420841e+03
1400  4.838366e-04  8.540115e-05  2.227905e-04  7.132830e-07  -5.130120332478e+03
1500  3.139625e-04  5.588293e-05  1.454566e-04  4.683816e-07  -5.130120274361e+03
1600  2.040649e-04  3.657063e-05  9.502895e-05  3.069572e-07  -5.130120236236e+03
1700  1.328090e-04  2.393378e-05  6.211360e-05  2.009383e-07  -5.130120211266e+03
1800  8.652501e-05  1.566413e-05  4.061334e-05  1.314529e-07  -5.130120194925e+03
1900  5.641842e-05  1.025205e-05  2.656197e-05  8.596817e-08  -5.130120184237e+03
2000  3.681236e-05  6.709943e-06  1.737524e-05  5.621405e-08  -5.130120177248e+03
2100  2.403273e-05  4.391650e-06  1.136732e-05  3.675723e-08  -5.130120172678e+03
2200  1.569654e-05  2.874320e-06  7.437487e-06  2.403522e-08  -5.130120169689e+03
2300  1.025557e-05  1.881220e-06  4.866572e-06  1.571789e-08  -5.130120167735e+03
2400  6.702579e-06  1.231233e-06  3.184495e-06  1.028093e-08  -5.130120166457e+03
2500  4.381538e-06  8.058176e-07  2.083878e-06  6.722075e-09  -5.130120165621e+03
2600  2.864805e-06  5.273868e-07  1.363686e-06  4.399226e-09  -5.130120165074e+03
2700  1.873407e-06  3.451579e-07  8.924070e-07  2.877641e-09  -5.130120164717e+03
2800  1.225252e-06  2.258929e-07  5.840049e-07  1.881745e-09  -5.130120164483e+03
2900  8.014285e-07  1.478373e-07  3.821845e-07  1.232365e-09  -5.130120164330e+03
3000  5.242545e-07  9.675256e-08  2.501103e-07  8.067218e-10  -5.130120164230e+03
3100  3.429655e-07  6.331958e-08  1.636784e-07  5.275069e-10  -5.130120164164e+03
3200  2.243806e-07  4.143921e-08  1.071154e-07  3.437890e-10  -5.130120164121e+03
3300  1.468049e-07  2.711955e-08  7.009919e-08  2.255547e-10  -5.130120164093e+03
3400  9.605381e-08  1.774811e-08  4.587481e-08  1.464286e-10  -5.130120164075e+03
3500  6.284956e-08  1.161502e-08  3.002171e-08  9.549694e-11  -5.130120164063e+03
3600  4.112457e-08  7.601269e-09  1.964700e-08  6.366463e-11  -5.130120164055e+03
3700  2.690971e-08  4.974515e-09  1.285751e-08  4.092726e-11  -5.130120164050e+03
3800  1.760901e-08  3.255497e-09  8.414317e-09  2.728484e-11  -5.130120164047e+03
3900  1.152263e-08  2.130485e-09  5.506531e-09  1.637090e-11  -5.130120164044e+03
4000  7.540069e-09  1.394245e-09  3.603605e-09  1.182343e-11  -5.130120164043e+03
4100  4.934127e-09  9.124335e-10  2.358292e-09  6.366463e-12  -5.130120164042e+03
4200  3.229241e-09  5.971413e-10  1.543355e-09  4.547474e-12  -5.130120164041e+03
4300  2.112943e-09  3.907704e-10  1.009987e-09  5.456968e-12  -5.130120164041e+03
4400  1.382642e-09  2.557279e-10  6.609575e-10  2.728484e-12  -5.130120164041e+03
