0  2.158955e+01  2.961225e+00  4.605630e+00  5.489392e+03  -5.489391891884e+03
100  1.859388e-01  1.828331e-01  3.478228e-01  9.301187e-04  -5.498000556226e+03
200  1.803111e-01  7.632610e-02  1.355676e-01  1.967968e-04  -5.498043964205e+03
300  1.245551e-01  3.977673e-02  6.764388e-02  6.935090e-05  -5.498055882959e+03
400  7.965892e-02  2.126590e-02  3.616314e-02  2.814876e-05  -5.498060403192e+03
500  5.077179e-02  1.141995e-02  1.939613e-02  1.199552e-05  -5.498062284436e+03
600  3.269428e-02  6.177605e-03  1.130961e-02  5.199921e-06  -5.498063093502e+03
700  2.130602e-02  3.385189e-03  7.556356e-03  2.254438e-06  -5.498063444669e+03
800  1.403189e-02  1.888350e-03  5.073395e-03  9.631249e-07  -5.498063596144e+03
900  9.320384e-03  1.256621e-03  3.419030e-03  3.975238e-07  -5.498063660025e+03
1000  6.231822e-03  8.590855e-04  2.310631e-03  1.529261e-07  -5.498063685713e+03
1100  4.187490e-03  5.865289e-04  1.564841e-03  5.011680e-08  -5.498063695061e+03
1200  2.824172e-03  4.001024e-04  1.061405e-03  9.260475e-09  -5.498063697684e+03
1300  1.909853e-03  2.727791e-04  7.207446e-04  5.168658e-09  -5.498063697746e+03
1400  1.294078e-03  1.859050e-04  4.898197e-04  8.824827e-09  -5.498063696991e+03
1500  8.780858e-04  1.266673e-04  3.330782e-04  8.462848e-09  -5.498063696109e+03
1600  5.964274e-04  8.629111e-05  2.265893e-04  6.902155e-09  -5.498063695338e+03
1700  4.054127e-04  5.877854e-05  1.541926e-04  5.223228e-09  -5.498063694734e+03
1800  2.757186e-04  4.003486e-05  1.049496e-04  3.802597e-09  -5.498063694286e+03
1900  1.875854e-04  2.726685e-05  7.144386e-05  2.702109e-09  -5.498063693964e+03
2000  1.276584e-04  1.857018e-05  4.864029e-05  1.893568e-09  -5.498063693736e+03
2100  8.689288e-05  1.264697e-05  3.311776e-05  1.312401e-09  -5.498063693578e+03
2200  5.915331e-05  8.612896e-06  2.255016e-05  9.049472e-10  -5.498063693469e+03
2300  4.027327e-05  5.865525e-06  1.535519e-05  6.220944e-10  -5.498063693393e+03
2400  2.742114e-05  3.994487e-06  1.045617e-05  4.265530e-10  -5.498063693341e+03
2500  1.867137e-05  2.720274e-06  7.120300e-06  2.910383e-10  -5.498063693306e+03
2600  1.271401e-05  1.852519e-06  4.848754e-06  1.991793e-10  -5.498063693282e+03
2700  8.657657e-06  1.261570e-06  3.301917e-06  1.346052e-10  -5.498063693265e+03
2800  5.895575e-06  8.591310e-07  2.248563e-06  9.185896e-11  -5.498063693254e+03
2900  4.014743e-06  5.850686e-07  1.531250e-06  6.457412e-11  -5.498063693247e+03
3000  2.733967e-06  3.984315e-07  1.042770e-06  4.456524e-11  -5.498063693241e+03
3100  1.861796e-06  2.713316e-07  7.101209e-07  2.819434e-11  -5.498063693238e+03
3200  1.267864e-06  1.847766e-07  4.835893e-07  2.182787e-11  -5.498063693235e+03
3300  8.634061e-07  1.258326e-07  3.293226e-07  1.273293e-11  -5.498063693234e+03
3400  5.879735e-07  8.569183e-08  2.242676e-07  7.275958e-12  -5.498063693233e+03
3500  4.004079e-07  5.835604e-08  1.527257e-07  6.366463e-12  -5.498063693232e+03
3600  2.726754e-07  3.974034e-08  1.040058e-07  5.456968e-12  -5.498063693231e+03
3700  1.856919e-07  2.706315e-08  7.082778e-08  4.547474e-12  -5.498063693231e+03
3800  1.264546e-07  1.842992e-08  4.823351e-08  1.818989e-12  -5.498063693231e+03
3900  8.611618e-08  1.255078e-08  3.284699e-08  9.094947e-13  -5.498063693231e+03
4000  5.864449e-08  8.547043e-09  2.236871e-08  2.728484e-12  -5.498063693230e+03
4100  3.993652e-08  5.820512e-09  1.523304e-08  1.818989e-12  -5.498063693230e+03
4200  2.719675e-08  3.963762e-09  1.037368e-08  1.818989e-12  -5.498063693230e+03
4300  1.852154e-08  2.699340e-09  7.064493e-09  1.818989e-12  -5.498063693230e+03
4400  1.261261e-08  1.838224e-09  4.810874e-09  1.818989e-12  -5.498063693230e+03
4500  8.589342e-09  1.251835e-09  3.276208e-09  9.094947e-13  -5.498063693230e+03
4600  5.849357e-09  8.524988e-10  2.231094e-09  1.818989e-12  -5.498063693230e+03
4700  3.983349e-09  5.805484e-10  1.519368e-09  9.094947e-13  -5.498063693230e+03
4800  2.712607e-09  3.953508e-10  1.034685e-09  1.818989e-12  -5.498063693230e+03
4900  1.847279e-09  2.692322e-10  7.046169e-10  9.094947e-13  -5.498063693230e+03
5000  1.257602e-09  1.833313e-10  4.798192e-10  9.094947e-13  -5.498063693230e+03
