0  1.148936e+01  6.875649e-01  1.064918e+00  4.611689e+03  -4.611688782625e+03
100  4.702816e-02  1.187485e-01  2.132311e-01  2.385851e-03  -4.616164467628e+03
200  9.027669e-02  3.237615e-02  7.153493e-02  5.118927e-04  -4.616283003572e+03
300  6.340015e-02  1.702118e-02  3.117040e-02  1.281164e-04  -4.616310319032e+03
400  4.066024e-02  1.028690e-02  1.896690e-02  3.242279e-05  -4.616317278800e+03
500  2.585463e-02  6.096858e-03  1.130766e-02  5.778957e-06  -4.616318905984e+03
600  1.659924e-02  3.559247e-03  6.842966e-03  1.782466e-06  -4.616319021874e+03
700  1.080145e-02  2.058095e-03  4.599476e-03  3.512840e-06  -4.616318730884e+03
800  7.121352e-03  1.286217e-03  3.121163e-03  3.412523e-06  -4.616318377013e+03
900  4.749213e-03  8.906854e-04  2.133687e-03  2.808772e-06  -4.616318064669e+03
1000  3.197686e-03  6.180346e-04  1.466882e-03  2.155171e-06  -4.616317817243e+03
1100  2.169835e-03  4.295648e-04  1.012757e-03  1.594216e-06  -4.616317631041e+03
1200  1.481555e-03  2.989648e-04  7.047443e-04  1.154506e-06  -4.616317494820e+03
1300  1.016591e-03  2.082822e-04  4.919617e-04  8.252437e-07  -4.616317396833e+03
1400  7.002541e-04  1.452160e-04  3.434741e-04  5.850234e-07  -4.616317327089e+03
1500  4.838188e-04  1.013025e-04  2.398350e-04  4.125159e-07  -4.616317277782e+03
1600  3.350737e-04  7.069733e-05  1.674858e-04  2.898623e-07  -4.616317243076e+03
1700  2.324895e-04  4.935306e-05  1.169718e-04  2.032157e-07  -4.616317218718e+03
1800  1.615460e-04  3.446013e-05  8.169842e-05  1.422604e-07  -4.616317201654e+03
1900  1.123781e-04  2.406496e-05  5.706486e-05  9.949326e-08  -4.616317189714e+03
2000  7.824436e-05  1.680736e-05  3.986032e-05  6.954269e-08  -4.616317181366e+03
2100  5.451642e-05  1.173941e-05  2.784359e-05  4.859248e-08  -4.616317175532e+03
2200  3.800489e-05  8.200031e-06  1.944997e-05  3.394325e-08  -4.616317171456e+03
2300  2.650567e-05  5.727964e-06  1.358686e-05  2.370962e-08  -4.616317168609e+03
2400  1.849208e-05  4.001250e-06  9.491258e-06  1.655826e-08  -4.616317166621e+03
2500  1.290473e-05  2.795106e-06  6.630277e-06  1.156513e-08  -4.616317165232e+03
2600  9.007504e-06  1.952565e-06  4.631713e-06  8.075403e-09  -4.616317164262e+03
2700  6.288292e-06  1.364004e-06  3.235587e-06  5.639777e-09  -4.616317163585e+03
2800  4.390549e-06  9.528569e-07  2.260296e-06  3.939022e-09  -4.616317163112e+03
2900  3.065848e-06  6.656422e-07  1.578986e-06  2.752131e-09  -4.616317162781e+03
3000  2.141011e-06  4.650017e-07  1.103040e-06  1.921762e-09  -4.616317162550e+03
3100  1.495258e-06  3.248392e-07  7.705562e-07  1.340595e-09  -4.616317162389e+03
3200  1.044327e-06  2.269251e-07  5.382914e-07  9.376890e-10  -4.616317162276e+03
3300  7.294163e-07  1.585245e-07  3.760370e-07  6.557457e-10  -4.616317162198e+03
3400  5.094818e-07  1.107414e-07  2.626900e-07  4.583853e-10  -4.616317162143e+03
3500  3.558716e-07  7.736127e-08  1.835086e-07  3.201421e-10  -4.616317162104e+03
3600  2.485808e-07  5.404267e-08  1.281944e-07  2.219167e-10  -4.616317162078e+03
3700  1.736400e-07  3.775287e-08  8.955330e-08  1.564331e-10  -4.616317162059e+03
3800  1.212933e-07  2.637319e-08  6.255960e-08  1.109584e-10  -4.616317162046e+03
3900  8.472873e-08  1.842365e-08  4.370251e-08  7.548806e-11  -4.616317162037e+03
4000  5.918677e-08  1.287027e-08  3.052941e-08  5.366019e-11  -4.616317162030e+03
4100  4.134532e-08  8.990848e-09  2.132705e-08  3.728928e-11  -4.616317162026e+03
4200  2.888180e-08  6.280757e-09  1.489850e-08  2.728484e-11  -4.616317162023e+03
4300  2.017593e-08  4.387588e-09  1.040771e-08  1.728040e-11  -4.616317162021e+03
4400  1.409416e-08  3.065052e-09  7.270547e-09  1.273293e-11  -4.616317162019e+03
4500  9.845321e-09  2.141145e-09  5.078989e-09  8.185452e-12  -4.616317162018e+03
4600  6.877442e-09  1.495737e-09  3.548035e-09  7.275958e-12  -4.616317162017e+03
4700  4.804552e-09  1.044894e-09  2.478576e-09  3.637979e-12  -4.616317162017e+03
4800  3.356465e-09  7.299419e-10  1.731473e-09  2.728484e-12  -4.616317162016e+03
4900  2.344914e-09  5.099290e-10  1.209572e-09  1.818989e-12  -4.616317162016e+03
5000  1.638048e-09  3.562217e-10  8.449734e-10  0.000000e+00  -4.616317162016e+03
5100  1.144275e-09  2.488442e-10  5.902713e-10  9.094947e-13  -4.616317162016e+03
