0  1.343447e+01  9.850398e-01  1.510911e+00  4.596561e+03  -4.596560651042e+03
100  3.760701e-02  2.532510e-02  3.700412e-02  1.277463e-03  -4.612196450933e+03
200  1.845559e-02  9.676956e-03  1.483705e-02  2.864851e-04  -4.612263014473e+03
300  9.753757e-03  6.817089e-03  1.092415e-02  6.216859e-05  -4.612277558953e+03
400  5.256958e-03  4.517532e-03  7.416631e-03  1.417934e-05  -4.612280761509e+03
500  2.899572e-03  2.913978e-03  4.867037e-03  3.691590e-06  -4.612281523573e+03
600  1.642531e-03  1.843868e-03  3.111925e-03  1.269256e-06  -4.612281742831e+03
700  9.560471e-04  1.160539e-03  1.974771e-03  6.284927e-07  -4.612281831142e+03
800  5.707853e-04  7.236921e-04  1.236818e-03  4.019757e-07  -4.612281881004e+03
900  3.549491e-04  4.479648e-04  7.714022e-04  2.849993e-07  -4.612281914816e+03
1000  2.252340e-04  2.766926e-04  4.778420e-04  2.070528e-07  -4.612281939162e+03
1100  1.444813e-04  1.703206e-04  2.945350e-04  1.500457e-07  -4.612281956848e+03
1200  9.342841e-05  1.045272e-04  1.809085e-04  1.076869e-07  -4.612281969607e+03
1300  6.077112e-05  6.401325e-05  1.108394e-04  7.647395e-08  -4.612281978719e+03
1400  3.969764e-05  3.914467e-05  6.779003e-05  5.379661e-08  -4.612281985159e+03
1500  2.601154e-05  2.391392e-05  4.141092e-05  3.753485e-08  -4.612281989672e+03
1600  1.708158e-05  1.460047e-05  2.527686e-05  2.601064e-08  -4.612281992810e+03
1700  1.123523e-05  8.911440e-06  1.542166e-05  1.791705e-08  -4.612281994978e+03
1800  7.398371e-06  5.438695e-06  9.406954e-06  1.228182e-08  -4.612281996468e+03
1900  4.875886e-06  3.319626e-06  5.738061e-06  8.384632e-09  -4.612281997488e+03
2000  3.215413e-06  2.028631e-06  3.500676e-06  5.706170e-09  -4.612281998182e+03
2100  2.121371e-06  1.243734e-06  2.136338e-06  3.868081e-09  -4.612281998654e+03
2200  1.400050e-06  7.633521e-07  1.308820e-06  2.613888e-09  -4.612281998974e+03
2300  9.242346e-07  4.690716e-07  8.035066e-07  1.768058e-09  -4.612281999190e+03
2400  6.102497e-07  2.934774e-07  5.021477e-07  1.190529e-09  -4.612281999335e+03
2500  4.029966e-07  1.852418e-07  3.166569e-07  7.985363e-10  -4.612281999433e+03
2600  2.661648e-07  1.173827e-07  2.004701e-07  5.384209e-10  -4.612281999499e+03
2700  1.758108e-07  7.466333e-08  1.273960e-07  3.583409e-10  -4.612281999543e+03
2800  1.161393e-07  4.766209e-08  8.125229e-08  2.391971e-10  -4.612281999573e+03
2900  7.672662e-08  3.052914e-08  5.200028e-08  1.609806e-10  -4.612281999592e+03
3000  5.069237e-08  1.961732e-08  3.338693e-08  1.073204e-10  -4.612281999606e+03
3100  3.349653e-08  1.264298e-08  2.150061e-08  7.185008e-11  -4.612281999614e+03
3200  2.237731e-08  8.170413e-09  1.388449e-08  4.547474e-11  -4.612281999620e+03
3300  1.493489e-08  5.293282e-09  8.989109e-09  3.183231e-11  -4.612281999624e+03
3400  9.959429e-09  3.437126e-09  5.833293e-09  1.909939e-11  -4.612281999627e+03
3500  6.636363e-09  2.236439e-09  3.793351e-09  1.182343e-11  -4.612281999629e+03
3600  4.418574e-09  1.457967e-09  2.471610e-09  8.185452e-12  -4.612281999630e+03
3700  2.940557e-09  9.520105e-10  1.613099e-09  8.185452e-12  -4.612281999631e+03
3800  1.955705e-09  6.225862e-10  1.054447e-09  2.728484e-12  -4.612281999631e+03
3900  1.300118e-09  4.076823e-10  6.901937e-10  9.094947e-13  -4.612281999631e+03
