0  9.434085e+00  8.236883e-01  1.277652e+00  5.140328e+03  -5.140328377685e+03
100  1.787108e-02  1.113337e-02  1.702124e-02  3.499304e-05  -5.148416308116e+03
200  1.524418e-03  3.290357e-03  5.785777e-03  6.034144e-06  -5.148414807964e+03
300  8.023001e-04  8.911940e-04  1.873135e-03  1.733426e-06  -5.148414470772e+03
400  4.257273e-04  3.722850e-04  7.119832e-04  5.533229e-07  -5.148414368438e+03
500  2.264993e-04  1.908142e-04  3.491714e-04  1.802891e-07  -5.148414335342e+03
600  1.223747e-04  1.061936e-04  1.867709e-04  5.598940e-08  -5.148414324690e+03
700  6.765009e-05  5.828861e-05  1.027558e-04  1.381250e-08  -5.148414321595e+03
800  3.840248e-05  3.164823e-05  5.589633e-05  8.367351e-11  -5.148414321047e+03
900  2.240977e-05  1.703902e-05  3.013555e-05  4.018148e-09  -5.148414321300e+03
1000  1.343258e-05  9.109496e-06  1.612459e-05  4.500180e-09  -5.148414321742e+03
1100  8.252114e-06  4.839260e-06  8.567545e-06  3.883542e-09  -5.148414322165e+03
1200  5.179628e-06  2.554508e-06  4.520068e-06  3.040441e-09  -5.148414322510e+03
1300  3.310066e-06  1.339208e-06  2.366227e-06  2.265551e-09  -5.148414322774e+03
1400  2.191280e-06  7.075652e-07  1.227443e-06  1.637090e-09  -5.148414322968e+03
1500  1.486339e-06  3.736752e-07  7.435220e-07  1.165063e-09  -5.148414323107e+03
1600  1.008614e-06  2.195848e-07  5.154310e-07  8.194547e-10  -5.148414323205e+03
1700  6.845321e-07  1.495405e-07  3.550003e-07  5.684342e-10  -5.148414323274e+03
1800  4.645848e-07  1.017105e-07  2.434128e-07  3.938112e-10  -5.148414323321e+03
1900  3.195595e-07  6.911920e-08  1.663816e-07  2.710294e-10  -5.148414323354e+03
2000  2.216066e-07  4.694395e-08  1.134802e-07  1.873559e-10  -5.148414323377e+03
2100  1.528437e-07  3.187072e-08  7.728028e-08  1.273293e-10  -5.148414323392e+03
2200  1.049952e-07  2.163180e-08  5.257111e-08  8.640200e-11  -5.148414323403e+03
2300  7.191166e-08  1.467988e-08  3.573503e-08  6.002665e-11  -5.148414323410e+03
2400  4.914213e-08  9.961069e-09  2.427761e-08  3.819878e-11  -5.148414323415e+03
2500  3.352581e-08  6.758688e-09  1.648739e-08  2.637535e-11  -5.148414323418e+03
2600  2.284252e-08  4.585654e-09  1.119386e-08  2.091838e-11  -5.148414323420e+03
2700  1.554889e-08  3.111253e-09  7.598481e-09  1.091394e-11  -5.148414323422e+03
2800  1.057597e-08  2.110873e-09  5.157190e-09  4.547474e-12  -5.148414323423e+03
2900  7.189350e-09  1.432146e-09  3.499915e-09  5.456968e-12  -5.148414323424e+03
3000  4.884948e-09  9.716519e-10  2.375042e-09  1.818989e-12  -5.148414323424e+03
3100  3.318813e-09  6.592681e-10  1.611686e-09  2.728484e-12  -5.148414323424e+03
3200  2.253559e-09  4.472840e-10  1.093592e-09  1.818989e-12  -5.148414323425e+03
3300  1.530143e-09  3.034758e-10  7.420458e-10  9.094947e-13  -5.148414323425e+03
3400  1.038657e-09  2.058967e-10  5.034875e-10  1.818989e-12  -5.148414323425e+03
