0  1.575225e+01  8.207932e-01  1.235645e+00  3.708861e+03  -3.708860980451e+03
100  1.374695e-01  2.045086e-01  3.836892e-01  2.963373e-03  -3.716061348312e+03
200  1.517352e-01  5.453633e-02  1.281232e-01  6.535569e-04  -3.716203547002e+03
300  1.036941e-01  3.421350e-02  5.927488e-02  2.167741e-04  -3.716242531567e+03
400  6.489761e-02  2.604436e-02  4.556457e-02  6.972107e-05  -3.716255587232e+03
500  4.046909e-02  1.993244e-02  3.513683e-02  1.471417e-05  -3.716259334256e+03
600  2.559478e-02  1.528319e-02  2.710775e-02  4.775548e-06  -3.716259643736e+03
700  1.646829e-02  1.171958e-02  2.089395e-02  1.021209e-05  -3.716258822477e+03
800  1.076909e-02  8.980569e-03  1.607977e-02  1.034477e-05  -3.716257770106e+03
900  7.142296e-03  6.874217e-03  1.235275e-02  8.757332e-06  -3.716256809382e+03
1000  4.793740e-03  5.255242e-03  9.471985e-03  6.864632e-06  -3.716256029628e+03
1100  3.249639e-03  4.012201e-03  7.249742e-03  5.170843e-06  -3.716255431242e+03
1200  2.221275e-03  3.059089e-03  5.539136e-03  3.808233e-06  -3.716254985807e+03
1300  1.528955e-03  2.329362e-03  4.225184e-03  2.767804e-06  -3.716254660013e+03
1400  1.058647e-03  1.771507e-03  3.217990e-03  1.995927e-06  -3.716254424196e+03
1500  7.367327e-04  1.345678e-03  2.447441e-03  1.432855e-06  -3.716254254545e+03
1600  5.149805e-04  1.021090e-03  1.858998e-03  1.026182e-06  -3.716254132909e+03
1700  3.715252e-04  7.740064e-04  1.410370e-03  7.342278e-07  -3.716254045844e+03
1800  2.842130e-04  5.861579e-04  1.068855e-03  5.253105e-07  -3.716253983555e+03
1900  2.168708e-04  4.435104e-04  8.092371e-04  3.760661e-07  -3.716253938979e+03
2000  1.651305e-04  3.353047e-04  6.121250e-04  2.694942e-07  -3.716253907052e+03
2100  1.255043e-04  2.533071e-04  4.626407e-04  1.933736e-07  -3.716253884160e+03
2200  9.523715e-05  1.912274e-04  3.493940e-04  1.389617e-07  -3.716253867722e+03
2300  7.217069e-05  1.442675e-04  2.636820e-04  1.000221e-07  -3.716253855900e+03
2400  5.462565e-05  1.087732e-04  1.988666e-04  7.211156e-08  -3.716253847384e+03
2500  4.130238e-05  8.196492e-05  1.498925e-04  5.208449e-08  -3.716253841240e+03
2600  3.119950e-05  6.173088e-05  1.129154e-04  3.768037e-08  -3.716253836798e+03
2700  2.354817e-05  4.646867e-05  8.501558e-05  2.730849e-08  -3.716253833583e+03
2800  1.775988e-05  3.496350e-05  6.397807e-05  1.982471e-08  -3.716253831250e+03
2900  1.338527e-05  2.629537e-05  4.812437e-05  1.441640e-08  -3.716253829556e+03
3000  1.008196e-05  1.976810e-05  3.618373e-05  1.049830e-08  -3.716253828323e+03
3100  7.589565e-06  1.485536e-05  2.719492e-05  7.660219e-09  -3.716253827424e+03
3200  5.710357e-06  1.115949e-05  2.043148e-05  5.591573e-09  -3.716253826769e+03
3300  4.294396e-06  8.380274e-06  1.534475e-05  4.088633e-09  -3.716253826289e+03
3400  3.228117e-06  6.291206e-06  1.152066e-05  2.995876e-09  -3.716253825938e+03
3500  2.425601e-06  4.721501e-06  8.646922e-06  2.196884e-09  -3.716253825681e+03
3600  1.821904e-06  3.542460e-06  6.488154e-06  1.610715e-09  -3.716253825492e+03
3700  1.367979e-06  2.657152e-06  4.867032e-06  1.178705e-09  -3.716253825354e+03
3800  1.026815e-06  1.992606e-06  3.650046e-06  8.731149e-10  -3.716253825252e+03
3900  7.705022e-07  1.493919e-06  2.736721e-06  6.439222e-10  -3.716253825177e+03
4000  5.780078e-07  1.119798e-06  2.051481e-06  4.706635e-10  -3.716253825121e+03
4100  4.334909e-07  8.392000e-07  1.537503e-06  3.483365e-10  -3.716253825080e+03
4200  3.250282e-07  6.287966e-07  1.152076e-06  2.564775e-10  -3.716253825050e+03
4300  2.436487e-07  4.710633e-07  8.631160e-07  1.878107e-10  -3.716253825028e+03
4400  1.826064e-07  3.528400e-07  6.465248e-07  1.382432e-10  -3.716253825012e+03
4500  1.368305e-07  2.642475e-07  4.842104e-07  1.059561e-10  -3.716253824999e+03
4600  1.025112e-07  1.978711e-07  3.625939e-07  7.685230e-11  -3.716253824990e+03
4700  7.678677e-08  1.481484e-07  2.714867e-07  6.139089e-11  -3.716253824984e+03
4800  5.750869e-08  1.109068e-07  2.032462e-07  4.411049e-11  -3.716253824979e+03
4900  4.306424e-08  8.301774e-08  1.521411e-07  3.410605e-11  -3.716253824975e+03
5000  3.224353e-08  6.213503e-08  1.138736e-07  2.091838e-11  -3.716253824972e+03
5100  2.413865e-08  4.650079e-08  8.522294e-08  1.455192e-11  -3.716253824970e+03
5200  1.806893e-08  3.479722e-08  6.377490e-08  1.500666e-11  -3.716253824969e+03
5300  1.352404e-08  2.603700e-08  4.772047e-08  1.136868e-11  -3.716253824968e+03
5400  1.012129e-08  1.948067e-08  3.570470e-08  7.730705e-12  -3.716253824967e+03
5500  7.573987e-09  1.457422e-08  2.671246e-08  2.728484e-12  -3.716253824966e+03
5600  5.667288e-09  1.090280e-08  1.998356e-08  6.821210e-12  -3.716253824966e+03
5700  4.240277e-09  8.155690e-09  1.494865e-08  5.002221e-12  -3.716253824965e+03
5800  3.172299e-09  6.100478e-09  1.118176e-08  9.094947e-13  -3.716253824965e+03
5900  2.373185e-09  4.562862e-09  8.363521e-09  3.637979e-12  -3.716253824965e+03
6000  1.775263e-09  3.412616e-09  6.255251e-09  3.637979e-12  -3.716253824965e+03
6100  1.327918e-09  2.552204e-09  4.678192e-09  1.818989e-12  -3.716253824965e+03
6200  9.932222e-10  1.908679e-09  3.498640e-09  0.000000e+00  -3.716253824964e+03
6300  7.428183e-10  1.427409e-09  2.616469e-09  2.728484e-12  -3.716253824964e+03
6400  5.555734e-10  1.067356e-09  1.956516e-09  1.818989e-12  -3.716253824964e+03
6500  4.154755e-10  7.981572e-10  1.463065e-09  4.092726e-12  -3.716253824964e+03
6600  3.106825e-10  5.968519e-10  1.094059e-09  4.547474e-13  -3.716253824964e+03
