0  8.386120e+01  5.902561e+00  9.191098e+00  2.382574e+00  5.000000e-03 -5.343949740691e+03
1000  6.186696e-02  1.247750e-02  2.702400e-02  9.925782e-01  5.000000e-03 -5.495718078280e+03
2000  2.492926e-03  4.384527e-04  1.041219e-03  9.757328e-01  5.000000e-03 -5.495725609108e+03
3000  8.525078e-05  1.488766e-05  3.555236e-05  9.751460e-01  5.000000e-03 -5.495725621916e+03
4000  2.894015e-06  5.052555e-07  1.206845e-06  9.751261e-01  5.000000e-03 -5.495725622030e+03
5000  9.821491e-08  1.714688e-08  4.095711e-08  9.751254e-01  5.000000e-03 -5.495725622033e+03
6000  3.333589e-09  5.819354e-10  1.389997e-09  9.751254e-01  5.000000e-03 -5.495725622033e+03
0  7.461995e+00  1.172299e+00  1.824925e+00  7.327701e-01  5.000000e-03 -5.496533475242e+03
1000  3.702173e-04  6.290050e-05  1.525096e-04  8.543746e-01  5.000000e-03 -5.497942994006e+03
2000  1.107288e-05  1.874832e-06  4.569733e-06  8.542939e-01  5.000000e-03 -5.497942995629e+03
3000  3.296593e-07  5.581178e-08  1.360540e-07  8.542915e-01  5.000000e-03 -5.497942995672e+03
4000  9.813037e-09  1.661404e-09  4.050078e-09  8.542915e-01  5.000000e-03 -5.497942995673e+03
