0  7.461995e+00  1.172299e+00  1.824925e+00  5.496533e+03  -5.496533475242e+03
100  7.903417e-03  1.238073e-03  2.755627e-03  1.102937e-06  -5.497942834598e+03
200  5.876227e-03  9.764346e-04  2.169352e-03  5.263855e-07  -5.497942910781e+03
300  4.152904e-03  7.155958e-04  1.626049e-03  2.726574e-07  -5.497942949130e+03
400  2.950269e-03  5.105938e-04  1.184383e-03  1.455082e-07  -5.497942969263e+03
500  2.096430e-03  3.614884e-04  8.514203e-04  8.013740e-08  -5.497942980160e+03
600  1.486949e-03  2.552320e-04  6.076079e-04  4.562207e-08  -5.497942986252e+03
700  1.052546e-03  1.799835e-04  4.316358e-04  2.686284e-08  -5.497942989775e+03
800  7.438233e-04  1.268288e-04  3.057040e-04  1.634180e-08  -5.497942991881e+03
900  5.249995e-04  8.933112e-05  2.160730e-04  1.024728e-08  -5.497942993181e+03
1000  3.702173e-04  6.290050e-05  1.525096e-04  6.592927e-09  -5.497942994006e+03
1100  2.609013e-04  4.428078e-05  1.075426e-04  4.336471e-09  -5.497942994543e+03
1200  1.837807e-04  3.116848e-05  7.578456e-05  2.902198e-09  -5.497942994899e+03
1300  1.294155e-04  2.193688e-05  5.338089e-05  1.968147e-09  -5.497942995139e+03
1400  9.111238e-05  1.543855e-05  3.758865e-05  1.349690e-09  -5.497942995302e+03
1500  6.413603e-05  1.086474e-05  2.646278e-05  9.322321e-10  -5.497942995415e+03
1600  4.514200e-05  7.645748e-06  1.862733e-05  6.448317e-10  -5.497942995493e+03
1700  3.177076e-05  5.380371e-06  1.311058e-05  4.511094e-10  -5.497942995547e+03
1800  2.235900e-05  3.786160e-06  9.227063e-06  3.128662e-10  -5.497942995584e+03
1900  1.573482e-05  2.664292e-06  6.493581e-06  2.219167e-10  -5.497942995611e+03
2000  1.107288e-05  1.874832e-06  4.569733e-06  1.546141e-10  -5.497942995629e+03
2100  7.792062e-06  1.319292e-06  3.215790e-06  1.082299e-10  -5.497942995642e+03
2200  5.483262e-06  9.283649e-07  2.262964e-06  7.548806e-11  -5.497942995652e+03
2300  3.858532e-06  6.532744e-07  1.592441e-06  5.366019e-11  -5.497942995658e+03
2400  2.715206e-06  4.596973e-07  1.120587e-06  3.910827e-11  -5.497942995662e+03
2500  1.910653e-06  3.234804e-07  7.885434e-07  2.819434e-11  -5.497942995666e+03
2600  1.344497e-06  2.276270e-07  5.548867e-07  1.728040e-11  -5.497942995668e+03
2700  9.460994e-07  1.601767e-07  3.904648e-07  1.455192e-11  -5.497942995669e+03
2800  6.657540e-07  1.127133e-07  2.747634e-07  9.094947e-12  -5.497942995671e+03
2900  4.684782e-07  7.931411e-08  1.933460e-07  7.275958e-12  -5.497942995671e+03
3000  3.296593e-07  5.581178e-08  1.360540e-07  5.456968e-12  -5.497942995672e+03
3100  2.319756e-07  3.927368e-08  9.573864e-08  6.366463e-12  -5.497942995672e+03
3200  1.632369e-07  2.763612e-08  6.736945e-08  2.728484e-12  -5.497942995673e+03
3300  1.148661e-07  1.944697e-08  4.740654e-08  4.547474e-12  -5.497942995673e+03
3400  8.082986e-08  1.368449e-08  3.335911e-08  3.637979e-12  -5.497942995673e+03
3500  5.687841e-08  9.629504e-09  2.347416e-08  0.000000e+00  -5.497942995673e+03
3600  4.002358e-08  6.776062e-09  1.651826e-08  0.000000e+00  -5.497942995673e+03
3700  2.816408e-08  4.768194e-09  1.162359e-08  1.818989e-12  -5.497942995673e+03
3800  1.981866e-08  3.355290e-09  8.179301e-09  0.000000e+00  -5.497942995673e+03
3900  1.394616e-08  2.361058e-09  5.755624e-09  1.818989e-12  -5.497942995673e+03
4000  9.813037e-09  1.661404e-09  4.050078e-09  9.094947e-13  -5.497942995673e+03
4100  6.905502e-09  1.169109e-09  2.849978e-09  9.094947e-13  -5.497942995673e+03
4200  4.859825e-09  8.227038e-10  2.005512e-09  9.094947e-13  -5.497942995673e+03
4300  3.419359e-09  5.789018e-10  1.411210e-09  9.094947e-13  -5.497942995673e+03
4400  2.406796e-09  4.073916e-10  9.930871e-10  0.000000e+00  -5.497942995673e+03
4500  1.692833e-09  2.866389e-10  6.987623e-10  1.818989e-12  -5.497942995673e+03
4600  1.191233e-09  2.017026e-10  4.917061e-10  9.094947e-13  -5.497942995673e+03
