0  3.126105e+00  2.442411e-01  3.802779e-01  4.826761e+03  -4.826761105129e+03
100  2.834032e-02  3.776747e-02  6.101778e-02  1.138242e-03  -4.827312564212e+03
200  1.868558e-02  2.066265e-02  3.381984e-02  2.405016e-04  -4.827369864857e+03
300  1.040063e-02  1.132062e-02  1.879257e-02  5.102674e-05  -4.827381986807e+03
400  5.669727e-03  6.166050e-03  1.029042e-02  1.085290e-05  -4.827384562253e+03
500  3.088132e-03  3.308876e-03  5.550005e-03  2.287119e-06  -4.827385108951e+03
600  1.695388e-03  1.768050e-03  3.017716e-03  4.589383e-07  -4.827385222648e+03
700  9.438468e-04  9.489752e-04  1.624901e-03  7.450035e-08  -4.827385244260e+03
800  5.357207e-04  5.057033e-04  8.683418e-04  1.034095e-09  -4.827385246863e+03
900  3.115964e-04  2.678932e-04  4.612010e-04  1.200169e-08  -4.827385246000e+03
1000  1.865396e-04  1.411786e-04  2.436791e-04  1.071294e-08  -4.827385244832e+03
1100  1.152877e-04  7.403676e-05  1.281423e-04  7.975359e-09  -4.827385243900e+03
1200  7.363385e-05  3.863201e-05  6.707716e-05  5.727088e-09  -4.827385243222e+03
1300  4.854642e-05  2.004525e-05  3.494300e-05  4.105459e-09  -4.827385242736e+03
1400  3.293915e-05  1.033022e-05  1.812980e-05  2.966772e-09  -4.827385242386e+03
1500  2.290449e-05  5.276126e-06  1.011826e-05  2.162778e-09  -4.827385242132e+03
1600  1.624739e-05  3.376052e-06  7.609966e-06  1.591616e-09  -4.827385241946e+03
1700  1.170571e-05  2.531371e-06  5.719752e-06  1.176886e-09  -4.827385241809e+03
1800  8.533220e-06  1.898994e-06  4.297523e-06  8.749339e-10  -4.827385241707e+03
1900  6.274652e-06  1.425120e-06  3.228337e-06  6.511982e-10  -4.827385241632e+03
2000  4.642917e-06  1.069779e-06  2.424935e-06  4.865797e-10  -4.827385241576e+03
2100  3.450958e-06  8.031907e-07  1.821397e-06  3.610694e-10  -4.827385241533e+03
2200  2.573163e-06  6.031172e-07  1.368056e-06  2.719389e-10  -4.827385241502e+03
2300  1.922938e-06  4.529251e-07  1.027552e-06  2.046363e-10  -4.827385241478e+03
2400  1.439269e-06  3.401580e-07  7.718045e-07  1.537046e-10  -4.827385241461e+03
2500  1.078433e-06  2.554795e-07  5.797153e-07  1.173248e-10  -4.827385241447e+03
2600  8.086745e-07  1.918874e-07  4.354380e-07  8.640200e-11  -4.827385241437e+03
2700  6.067138e-07  1.441278e-07  3.270706e-07  6.366463e-11  -4.827385241430e+03
2800  4.553580e-07  1.082572e-07  2.456743e-07  4.911271e-11  -4.827385241424e+03
2900  3.418475e-07  8.131513e-08  1.845357e-07  3.637979e-11  -4.827385241420e+03
3000  2.566785e-07  6.107876e-08  1.386128e-07  2.819434e-11  -4.827385241417e+03
3100  1.927513e-07  4.587872e-08  1.041184e-07  2.000888e-11  -4.827385241414e+03
3200  1.447586e-07  3.446157e-08  7.820832e-08  1.273293e-11  -4.827385241413e+03
3300  1.087212e-07  2.588570e-08  5.874612e-08  1.364242e-11  -4.827385241411e+03
3400  8.165870e-08  1.944401e-08  4.412718e-08  7.275958e-12  -4.827385241410e+03
3500  6.133518e-08  1.460542e-08  3.314625e-08  5.456968e-12  -4.827385241409e+03
3600  4.606968e-08  1.097086e-08  2.489785e-08  5.456968e-12  -4.827385241409e+03
3700  3.460484e-08  8.240812e-09  1.870212e-08  1.818989e-12  -4.827385241408e+03
3800  2.599261e-08  6.190085e-09  1.404813e-08  2.728484e-12  -4.827385241408e+03
3900  1.952473e-08  4.649734e-09  1.055234e-08  9.094947e-13  -4.827385241408e+03
4000  1.466529e-08  3.492627e-09  7.926389e-09  3.637979e-12  -4.827385241408e+03
4100  1.101606e-08  2.623513e-09  5.953950e-09  0.000000e+00  -4.827385241408e+03
4200  8.274607e-09  1.970657e-09  4.472328e-09  1.818989e-12  -4.827385241407e+03
4300  6.215350e-09  1.480257e-09  3.359395e-09  9.094947e-13  -4.827385241407e+03
4400  4.668704e-09  1.111904e-09  2.523428e-09  9.094947e-13  -4.827385241407e+03
4500  3.507276e-09  8.352329e-10  1.895506e-09  9.094947e-13  -4.827385241407e+03
4600  2.634250e-09  6.273743e-10  1.423801e-09  9.094947e-13  -4.827385241407e+03
4700  1.979146e-09  4.712762e-10  1.069517e-09  1.818989e-12  -4.827385241407e+03
4800  1.486528e-09  3.539952e-10  8.033658e-10  9.094947e-13  -4.827385241407e+03
4900  1.116479e-09  2.658965e-10  6.034417e-10  9.094947e-13  -4.827385241407e+03
