0  4.182802e+00  1.750958e+00  2.726391e+00  5.309626e+03  -5.309626143198e+03
100  2.275451e-02  2.972392e-02  4.882629e-02  5.900764e-04  -5.313371624593e+03
200  1.365538e-02  1.350070e-02  2.264830e-02  1.153277e-04  -5.313400264175e+03
300  8.106461e-03  6.730545e-03  1.130181e-02  2.486340e-05  -5.313406058491e+03
400  5.353896e-03  3.361977e-03  5.643798e-03  6.264802e-06  -5.313407378146e+03
500  3.613236e-03  1.672631e-03  2.804780e-03  1.940976e-06  -5.313407738622e+03
600  2.478403e-03  8.279707e-04  1.385447e-03  7.287636e-07  -5.313407860114e+03
700  1.720820e-03  4.480419e-04  9.739601e-04  3.098421e-07  -5.313407908531e+03
800  1.326894e-03  3.250851e-04  7.148316e-04  1.395756e-07  -5.313407929740e+03
900  1.000110e-03  2.351808e-04  5.228965e-04  6.374466e-08  -5.313407939380e+03
1000  7.417833e-04  1.697563e-04  3.803250e-04  2.861998e-08  -5.313407943760e+03
1100  5.444113e-04  1.223257e-04  2.755225e-04  1.222179e-08  -5.313407945691e+03
1200  3.967424e-04  8.803870e-05  1.990367e-04  4.662070e-09  -5.313407946482e+03
1300  2.877426e-04  6.330555e-05  1.434967e-04  1.294211e-09  -5.313407946755e+03
1400  2.080025e-04  4.549167e-05  1.033086e-04  9.913492e-11  -5.313407946803e+03
1500  1.500184e-04  3.267561e-05  7.430125e-05  5.857146e-10  -5.313407946764e+03
1600  1.080277e-04  2.346253e-05  5.340082e-05  6.812115e-10  -5.313407946698e+03
1700  7.770507e-05  1.684326e-05  3.836031e-05  6.220944e-10  -5.313407946632e+03
1800  5.585105e-05  1.208946e-05  2.754625e-05  5.093170e-10  -5.313407946575e+03
1900  4.012191e-05  8.676374e-06  1.977581e-05  4.010872e-10  -5.313407946530e+03
2000  2.881179e-05  6.226364e-06  1.419481e-05  3.092282e-10  -5.313407946494e+03
2100  2.068454e-05  4.467928e-06  1.018758e-05  2.282832e-10  -5.313407946468e+03
2200  1.484713e-05  3.205977e-06  7.310958e-06  1.728040e-10  -5.313407946448e+03
2300  1.065575e-05  2.300396e-06  5.246274e-06  1.218723e-10  -5.313407946434e+03
2400  7.646929e-06  1.650579e-06  3.764514e-06  9.094947e-11  -5.313407946423e+03
2500  5.487355e-06  1.184306e-06  2.701180e-06  6.548362e-11  -5.313407946415e+03
2600  3.937498e-06  8.497426e-07  1.938157e-06  4.547474e-11  -5.313407946410e+03
2700  2.825299e-06  6.096883e-07  1.390650e-06  3.637979e-11  -5.313407946406e+03
2800  2.027213e-06  4.374479e-07  9.977969e-07  2.455636e-11  -5.313407946403e+03
2900  1.454547e-06  3.138653e-07  7.159180e-07  1.818989e-11  -5.313407946401e+03
3000  1.043642e-06  2.251952e-07  5.136676e-07  1.091394e-11  -5.313407946399e+03
3100  7.488111e-07  1.615751e-07  3.685525e-07  6.366463e-12  -5.313407946398e+03
3200  5.372683e-07  1.159282e-07  2.644330e-07  6.366463e-12  -5.313407946398e+03
3300  3.854859e-07  8.317707e-08  1.897278e-07  5.456968e-12  -5.313407946397e+03
3400  2.765820e-07  5.967846e-08  1.361275e-07  1.818989e-12  -5.313407946397e+03
3500  1.984445e-07  4.281851e-08  9.766977e-08  2.728484e-12  -5.313407946396e+03
3600  1.423814e-07  3.072170e-08  7.007680e-08  2.728484e-12  -5.313407946396e+03
3700  1.021570e-07  2.204241e-08  5.027920e-08  9.094947e-13  -5.313407946396e+03
3800  7.329615e-08  1.581512e-08  3.607464e-08  9.094947e-13  -5.313407946396e+03
3900  5.258973e-08  1.134717e-08  2.588313e-08  0.000000e+00  -5.313407946396e+03
4000  3.773205e-08  8.141419e-09  1.857076e-08  0.000000e+00  -5.313407946396e+03
4100  2.707202e-08  5.841346e-09  1.332425e-08  9.094947e-13  -5.313407946396e+03
4200  1.942387e-08  4.191088e-09  9.559974e-09  9.094947e-13  -5.313407946396e+03
4300  1.393625e-08  3.007042e-09  6.859142e-09  1.818989e-12  -5.313407946396e+03
4400  9.999253e-09  2.157521e-09  4.921354e-09  0.000000e+00  -5.313407946396e+03
4500  7.174391e-09  1.547997e-09  3.531011e-09  9.094947e-13  -5.313407946396e+03
4600  5.147391e-09  1.110659e-09  2.533441e-09  3.637979e-12  -5.313407946396e+03
4700  3.693499e-09  7.968982e-10  1.817733e-09  0.000000e+00  -5.313407946396e+03
4800  2.649833e-09  5.717523e-10  1.304182e-09  1.818989e-12  -5.313407946396e+03
4900  1.901425e-09  4.102356e-10  9.357497e-10  9.094947e-13  -5.313407946396e+03
5000  1.364273e-09  2.943403e-10  6.713905e-10  0.000000e+00  -5.313407946396e+03
