0  5.505367e+00  7.482599e-01  1.165417e+00  5.311656e+03  -5.311656359485e+03
100  3.188270e-02  3.653829e-02  5.812987e-02  7.973011e-04  -5.312647454783e+03
200  2.233880e-02  1.477065e-02  2.379665e-02  1.640751e-04  -5.312686905166e+03
300  1.728808e-02  6.990727e-03  1.128847e-02  3.853386e-05  -5.312695381641e+03
400  1.588267e-02  4.111879e-03  8.330929e-03  1.156818e-05  -5.312697556042e+03
500  1.353063e-02  3.253375e-03  6.632939e-03  4.671143e-06  -5.312698296247e+03
600  1.110421e-02  2.559317e-03  5.288125e-03  2.325453e-06  -5.312698627362e+03
700  8.918513e-03  2.002468e-03  4.177327e-03  1.270399e-06  -5.312698800617e+03
800  7.067405e-03  1.560203e-03  3.277526e-03  7.119206e-07  -5.312698896723e+03
900  5.551708e-03  1.211851e-03  2.558852e-03  3.969553e-07  -5.312698950549e+03
1000  4.335604e-03  9.391617e-04  1.990596e-03  2.165471e-07  -5.312698980300e+03
1100  3.372393e-03  7.266529e-04  1.544498e-03  1.136586e-07  -5.312698996275e+03
1200  2.615936e-03  5.615721e-04  1.196097e-03  5.582206e-08  -5.312699004439e+03
1300  2.025243e-03  4.336274e-04  9.250070e-04  2.406432e-08  -5.312699008256e+03
1400  1.565796e-03  3.346275e-04  7.146359e-04  7.245944e-09  -5.312699009721e+03
1500  1.209404e-03  2.581146e-04  5.517008e-04  1.144144e-09  -5.312699009970e+03
1600  9.334813e-04  1.990316e-04  4.256834e-04  4.887625e-09  -5.312699009639e+03
1700  7.201472e-04  1.534361e-04  3.283192e-04  6.144546e-09  -5.312699009072e+03
1800  5.553647e-04  1.182650e-04  2.531499e-04  6.151822e-09  -5.312699008450e+03
1900  4.281728e-04  9.114410e-05  1.951480e-04  5.579750e-09  -5.312699007861e+03
2000  3.300461e-04  7.023582e-05  1.504112e-04  4.797585e-09  -5.312699007342e+03
2100  2.543706e-04  5.411995e-05  1.159160e-04  3.993591e-09  -5.312699006903e+03
2200  1.960255e-04  4.169967e-05  8.932388e-05  3.255082e-09  -5.312699006541e+03
2300  1.510508e-04  3.212849e-05  6.882752e-05  2.611159e-09  -5.312699006250e+03
2400  1.163878e-04  2.475339e-05  5.303157e-05  2.072738e-09  -5.312699006016e+03
2500  8.967515e-05  1.907081e-05  4.085923e-05  1.633452e-09  -5.312699005832e+03
2600  6.909108e-05  1.469251e-05  3.147989e-05  1.281478e-09  -5.312699005687e+03
2700  5.323051e-05  1.131924e-05  2.425306e-05  9.995347e-10  -5.312699005574e+03
2800  4.101010e-05  8.720352e-06  1.868498e-05  7.785275e-10  -5.312699005486e+03
2900  3.159472e-05  6.718117e-06  1.439506e-05  6.002665e-10  -5.312699005417e+03
3000  2.434071e-05  5.175574e-06  1.108996e-05  4.674803e-10  -5.312699005364e+03
3100  1.875203e-05  3.987196e-06  8.543643e-06  3.637979e-10  -5.312699005322e+03
3200  1.444643e-05  3.071674e-06  6.581939e-06  2.773959e-10  -5.312699005291e+03
3300  1.112936e-05  2.366365e-06  5.070640e-06  2.155502e-10  -5.312699005266e+03
3400  8.573905e-06  1.823002e-06  3.906342e-06  1.691660e-10  -5.312699005247e+03
3500  6.605196e-06  1.404404e-06  3.009378e-06  1.282388e-10  -5.312699005232e+03
3600  5.088523e-06  1.081924e-06  2.318367e-06  1.009539e-10  -5.312699005221e+03
3700  3.920099e-06  8.334906e-07  1.786023e-06  7.912604e-11  -5.312699005212e+03
3800  3.019963e-06  6.421027e-07  1.375915e-06  6.184564e-11  -5.312699005205e+03
3900  2.326515e-06  4.946614e-07  1.059975e-06  4.638423e-11  -5.312699005200e+03
4000  1.792297e-06  3.810758e-07  8.165812e-07  3.456080e-11  -5.312699005196e+03
4100  1.380745e-06  2.935720e-07  6.290757e-07  3.001333e-11  -5.312699005193e+03
4200  1.063694e-06  2.261610e-07  4.846254e-07  2.091838e-11  -5.312699005191e+03
4300  8.194461e-07  1.742291e-07  3.733442e-07  1.728040e-11  -5.312699005189e+03
4400  6.312822e-07  1.342220e-07  2.876157e-07  1.091394e-11  -5.312699005188e+03
4500  4.863248e-07  1.034015e-07  2.215724e-07  9.094947e-12  -5.312699005186e+03
4600  3.746528e-07  7.965801e-08  1.706941e-07  9.094947e-12  -5.312699005186e+03
4700  2.886238e-07  6.136664e-08  1.314987e-07  5.456968e-12  -5.312699005185e+03
4800  2.223493e-07  4.727542e-08  1.013035e-07  4.547474e-12  -5.312699005184e+03
4900  1.712924e-07  3.641984e-08  7.804179e-08  2.728484e-12  -5.312699005184e+03
5000  1.319596e-07  2.805698e-08  6.012154e-08  1.818989e-12  -5.312699005184e+03
5100  1.016587e-07  2.161444e-08  4.631621e-08  0.000000e+00  -5.312699005184e+03
5200  7.831503e-08  1.665122e-08  3.568087e-08  2.728484e-12  -5.312699005183e+03
5300  6.033238e-08  1.282772e-08  2.748772e-08  9.094947e-13  -5.312699005183e+03
5400  4.647845e-08  9.882160e-09  2.117587e-08  1.818989e-12  -5.312699005183e+03
5500  3.580597e-08  7.612984e-09  1.631339e-08  9.094947e-13  -5.312699005183e+03
5600  2.758457e-08  5.864887e-09  1.256748e-08  2.728484e-12  -5.312699005183e+03
5700  2.124964e-08  4.518125e-09  9.681623e-09  1.818989e-12  -5.312699005183e+03
5800  1.637064e-08  3.480678e-09  7.458524e-09  9.094947e-13  -5.312699005183e+03
5900  1.261193e-08  2.681452e-09  5.745900e-09  0.000000e+00  -5.312699005183e+03
6000  9.715593e-09  2.065707e-09  4.426476e-09  1.818989e-12  -5.312699005183e+03
6100  7.484629e-09  1.591370e-09  3.410048e-09  1.818989e-12  -5.312699005183e+03
6200  5.766097e-09  1.225960e-09  2.627030e-09  0.000000e+00  -5.312699005183e+03
6300  4.441917e-09  9.444420e-10  2.023788e-09  9.094947e-13  -5.312699005183e+03
6400  3.421907e-09  7.275730e-10  1.559074e-09  0.000000e+00  -5.312699005183e+03
6500  2.636230e-09  5.605086e-10  1.201079e-09  9.094947e-13  -5.312699005183e+03
6600  2.030954e-09  4.318069e-10  9.252890e-10  1.818989e-12  -5.312699005183e+03
6700  1.564509e-09  3.326489e-10  7.128127e-10  0.000000e+00  -5.312699005183e+03
6800  1.205176e-09  2.562602e-10  5.491274e-10  1.818989e-12  -5.312699005183e+03
