0  1.644857e+01  1.155550e+00  1.791272e+00  5.100826e+03  -5.100825652677e+03
100  1.155308e-01  1.502803e-01  2.806115e-01  1.992388e-03  -5.125220210363e+03
200  1.007358e-01  3.866232e-02  9.216140e-02  2.351438e-04  -5.125297951277e+03
300  6.888048e-02  1.490201e-02  3.108218e-02  1.639715e-05  -5.125307525298e+03
400  4.264166e-02  8.771013e-03  1.687048e-02  2.798163e-05  -5.125306338151e+03
500  2.577883e-02  5.179208e-03  1.013842e-02  3.204430e-05  -5.125303176067e+03
600  1.555080e-02  3.031081e-03  6.161818e-03  2.578700e-05  -5.125300255544e+03
700  9.413773e-03  1.764709e-03  3.771835e-03  1.837417e-05  -5.125298057578e+03
800  5.725835e-03  1.025087e-03  2.321594e-03  1.235206e-05  -5.125296538914e+03
900  3.498831e-03  5.952003e-04  1.435283e-03  8.046335e-06  -5.125295534529e+03
1000  2.146748e-03  3.458302e-04  8.904588e-04  5.148070e-06  -5.125294886277e+03
1100  1.321730e-03  2.016152e-04  5.539654e-04  3.259327e-06  -5.125294473748e+03
1200  8.161221e-04  1.251876e-04  3.453577e-04  2.050901e-06  -5.125294213388e+03
1300  5.051258e-04  7.768988e-05  2.156521e-04  1.285962e-06  -5.125294049856e+03
1400  3.132515e-04  4.819822e-05  1.348231e-04  8.047582e-07  -5.125293947422e+03
1500  1.945746e-04  2.989825e-05  8.436635e-05  5.031152e-07  -5.125293883351e+03
1600  1.210202e-04  1.867868e-05  5.282839e-05  3.144032e-07  -5.125293843306e+03
1700  7.535465e-05  1.172225e-05  3.309655e-05  1.964536e-07  -5.125293818282e+03
1800  4.696393e-05  7.356577e-06  2.074236e-05  1.227700e-07  -5.125293802646e+03
1900  2.929256e-05  4.616752e-06  1.300322e-05  7.673498e-08  -5.125293792873e+03
2000  1.828257e-05  2.897275e-06  8.153208e-06  4.797221e-08  -5.125293786765e+03
2100  1.141727e-05  1.818162e-06  5.112906e-06  2.999695e-08  -5.125293782945e+03
2200  7.133428e-06  1.140943e-06  3.206645e-06  1.876469e-08  -5.125293780556e+03
2300  4.458785e-06  7.159503e-07  2.011244e-06  1.174067e-08  -5.125293779062e+03
2400  2.788005e-06  4.492507e-07  1.261537e-06  7.345989e-09  -5.125293778127e+03
2500  1.743852e-06  2.818914e-07  7.913152e-07  4.598405e-09  -5.125293777542e+03
2600  1.091059e-06  1.768732e-07  4.963729e-07  2.879460e-09  -5.125293777175e+03
2700  6.828020e-07  1.109763e-07  3.113666e-07  1.802618e-09  -5.125293776946e+03
2800  4.274027e-07  6.962849e-08  1.953165e-07  1.127773e-09  -5.125293776802e+03
2900  2.675868e-07  4.368501e-08  1.225199e-07  7.103154e-10  -5.125293776712e+03
3000  1.675599e-07  2.740743e-08  7.685534e-08  4.438334e-10  -5.125293776656e+03
3100  1.049405e-07  1.719469e-08  4.821035e-08  2.783054e-10  -5.125293776621e+03
3200  6.573201e-08  1.078727e-08  3.024159e-08  1.737135e-10  -5.125293776598e+03
3300  4.117832e-08  6.767388e-09  1.896999e-08  1.073204e-10  -5.125293776585e+03
3400  2.579949e-08  4.245450e-09  1.189947e-08  6.730261e-11  -5.125293776576e+03
3500  1.616533e-08  2.663269e-09  7.464199e-09  4.183676e-11  -5.125293776570e+03
3600  1.013000e-08  1.670720e-09  4.682075e-09  2.546585e-11  -5.125293776567e+03
3700  6.348481e-09  1.048058e-09  2.936911e-09  1.728040e-11  -5.125293776565e+03
3800  3.979046e-09  6.574569e-10  1.842228e-09  1.182343e-11  -5.125293776564e+03
3900  2.494007e-09  4.124185e-10  1.155555e-09  7.275958e-12  -5.125293776563e+03
4000  1.563452e-09  2.587123e-10  7.248407e-10  5.456968e-12  -5.125293776562e+03
