0  4.096066e+01  5.138467e+00  8.000899e+00  5.417791e+03  -5.417790637003e+03
100  7.073442e-03  8.739544e-03  1.358007e-02  6.523780e-06  -5.498640982800e+03
200  5.507214e-03  2.863625e-03  5.045627e-03  1.462771e-06  -5.498640681074e+03
300  5.231760e-03  1.231649e-03  2.752238e-03  8.275401e-07  -5.498640575069e+03
400  3.944753e-03  8.329860e-04  1.905517e-03  6.391574e-07  -5.498640502930e+03
500  2.858687e-03  5.910308e-04  1.356004e-03  5.151260e-07  -5.498640445479e+03
600  2.055964e-03  4.249616e-04  9.735132e-04  4.082076e-07  -5.498640399483e+03
700  1.478187e-03  3.067230e-04  7.013294e-04  3.160840e-07  -5.498640363445e+03
800  1.064080e-03  2.216395e-04  5.060652e-04  2.401366e-07  -5.498640335808e+03
900  7.669626e-04  1.602170e-04  3.654793e-04  1.798817e-07  -5.498640314961e+03
1000  5.533606e-04  1.158299e-04  2.640743e-04  1.333819e-07  -5.498640299426e+03
1100  3.995300e-04  8.374278e-05  1.908566e-04  9.819632e-08  -5.498640287949e+03
1200  2.886007e-04  6.054467e-05  1.379603e-04  7.191829e-08  -5.498640279521e+03
1300  2.085360e-04  4.377261e-05  9.973280e-05  5.248330e-08  -5.498640273360e+03
1400  1.507133e-04  3.164654e-05  7.210100e-05  3.819969e-08  -5.498640268870e+03
1500  1.089375e-04  2.287955e-05  5.212600e-05  2.775141e-08  -5.498640265605e+03
1600  7.874762e-05  1.654117e-05  3.768529e-05  2.013348e-08  -5.498640263235e+03
1700  5.692708e-05  1.195869e-05  2.724524e-05  1.459102e-08  -5.498640261516e+03
1800  4.115413e-05  8.645682e-06  1.969743e-05  1.056742e-08  -5.498640260271e+03
1900  2.975196e-05  6.250488e-06  1.424057e-05  7.650669e-09  -5.498640259369e+03
2000  2.150911e-05  4.518849e-06  1.029543e-05  5.536094e-09  -5.498640258717e+03
2100  1.555005e-05  3.266939e-06  7.443215e-06  4.008143e-09  -5.498640258245e+03
2200  1.124198e-05  2.361859e-06  5.381157e-06  2.897650e-09  -5.498640257903e+03
2300  8.127448e-06  1.707522e-06  3.890361e-06  2.094566e-09  -5.498640257656e+03
2400  5.875788e-06  1.234464e-06  2.812572e-06  1.512490e-09  -5.498640257477e+03
2500  4.247937e-06  8.924636e-07  2.033371e-06  1.095941e-09  -5.498640257348e+03
2600  3.071073e-06  6.452118e-07  1.470041e-06  7.930794e-10  -5.498640257255e+03
2700  2.220252e-06  4.664597e-07  1.062776e-06  5.729817e-10  -5.498640257187e+03
2800  1.605144e-06  3.372296e-07  7.683410e-07  4.156391e-10  -5.498640257138e+03
2900  1.160448e-06  2.438020e-07  5.554769e-07  2.983143e-10  -5.498640257103e+03
3000  8.389534e-07  1.762580e-07  4.015853e-07  2.155502e-10  -5.498640257077e+03
3100  6.065259e-07  1.274267e-07  2.903284e-07  1.582521e-10  -5.498640257059e+03
3200  4.384917e-07  9.212383e-08  2.098946e-07  1.145963e-10  -5.498640257046e+03
3300  3.170094e-07  6.660139e-08  1.517444e-07  8.185452e-11  -5.498640257036e+03
3400  2.291846e-07  4.814987e-08  1.097045e-07  6.002665e-11  -5.498640257029e+03
3500  1.656905e-07  3.481022e-08  7.931149e-08  4.274625e-11  -5.498640257024e+03
3600  1.197868e-07  2.516622e-08  5.733866e-08  3.092282e-11  -5.498640257020e+03
3700  8.659926e-08  1.819400e-08  4.145320e-08  2.273737e-11  -5.498640257018e+03
3800  6.260831e-08  1.315349e-08  2.996888e-08  1.637090e-11  -5.498640257016e+03
3900  4.526313e-08  9.509390e-09  2.166617e-08  1.091394e-11  -5.498640257014e+03
4000  3.272357e-08  6.874880e-09  1.566370e-08  7.275958e-12  -5.498640257013e+03
4100  2.365678e-08  4.970187e-09  1.132408e-08  6.366463e-12  -5.498640257013e+03
4200  1.710259e-08  3.593214e-09  8.186793e-09  6.366463e-12  -5.498640257012e+03
4300  1.236446e-08  2.597736e-09  5.918689e-09  1.818989e-12  -5.498640257012e+03
4400  8.939020e-09  1.878050e-09  4.278952e-09  2.728484e-12  -5.498640257011e+03
4500  6.462755e-09  1.357757e-09  3.093509e-09  1.818989e-12  -5.498640257011e+03
4600  4.672407e-09  9.816029e-10  2.236476e-09  1.818989e-12  -5.498640257011e+03
4700  3.378143e-09  7.096653e-10  1.616888e-09  2.728484e-12  -5.498640257011e+03
4800  2.441775e-09  5.130343e-10  1.168904e-09  9.094947e-13  -5.498640257011e+03
4900  1.764910e-09  3.708829e-10  8.450372e-10  0.000000e+00  -5.498640257011e+03
5000  1.276706e-09  2.681678e-10  6.109802e-10  9.094947e-13  -5.498640257011e+03
