0  1.298628e+00  1.458062e-01  2.279646e-01  3.320115e+01  5.000000e-03 -4.826824584205e+03
1000  5.571706e-03  1.348634e-03  2.865177e-03  3.132212e+01  5.000000e-03 -4.827212274707e+03
2000  1.307293e-03  3.086162e-04  6.495609e-04  3.132037e+01  5.000000e-03 -4.827212429105e+03
3000  2.870015e-04  6.757200e-05  1.420569e-04  3.132014e+01  5.000000e-03 -4.827212437425e+03
4000  6.244060e-05  1.469271e-05  3.088106e-05  3.132009e+01  5.000000e-03 -4.827212437968e+03
5000  1.355875e-05  3.190072e-06  6.704524e-06  3.132008e+01  5.000000e-03 -4.827212438026e+03
6000  2.943012e-06  6.924067e-07  1.455204e-06  3.132008e+01  5.000000e-03 -4.827212438035e+03
7000  6.387413e-07  1.502768e-07  3.158301e-07  3.132008e+01  5.000000e-03 -4.827212438037e+03
8000  1.386279e-07  3.261493e-08  6.854529e-08  3.132008e+01  5.000000e-03 -4.827212438038e+03
9000  3.008632e-08  7.078451e-09  1.487647e-08  3.132008e+01  5.000000e-03 -4.827212438038e+03
10000  6.529347e-09  1.536229e-09  3.228643e-09  3.132008e+01  5.000000e-03 -4.827212438038e+03
11000  1.416785e-09  3.333942e-10  7.006978e-10  3.132008e+01  5.000000e-03 -4.827212438038e+03
