0  1.298628e+00  1.458062e-01  2.279646e-01  4.826825e+03  -4.826824584205e+03
100  2.995455e-02  3.284533e-02  5.286393e-02  1.150094e-03  -4.827138057817e+03
200  1.750471e-02  2.152903e-02  3.493464e-02  2.421995e-04  -4.827195798619e+03
300  1.161482e-02  1.261043e-02  2.060193e-02  5.289061e-05  -4.827208087764e+03
400  8.360439e-03  7.238411e-03  1.186564e-02  1.291986e-05  -4.827210864410e+03
500  8.156131e-03  4.155667e-03  6.812546e-03  4.132219e-06  -4.827211608823e+03
600  8.226873e-03  2.414212e-03  4.943208e-03  1.946220e-06  -4.827211889215e+03
700  7.764167e-03  2.023047e-03  4.336016e-03  1.221812e-06  -4.827212041953e+03
800  7.074703e-03  1.767634e-03  3.789140e-03  8.677107e-07  -4.827212144672e+03
900  6.317252e-03  1.547583e-03  3.299726e-03  6.406126e-07  -4.827212219286e+03
1000  5.571706e-03  1.348634e-03  2.865177e-03  4.777830e-07  -4.827212274707e+03
1100  4.875811e-03  1.171234e-03  2.482079e-03  3.570012e-07  -4.827212316093e+03
1200  4.244964e-03  1.014588e-03  2.146292e-03  2.666557e-07  -4.827212347013e+03
1300  3.682916e-03  8.772290e-04  1.853302e-03  1.990174e-07  -4.827212370100e+03
1400  3.187558e-03  7.573811e-04  1.598537e-03  1.484341e-07  -4.827212387324e+03
1500  2.754042e-03  6.531907e-04  1.377594e-03  1.106455e-07  -4.827212400167e+03
1600  2.376444e-03  5.628537e-04  1.186369e-03  8.245570e-08  -4.827212409739e+03
1700  2.048632e-03  4.846848e-04  1.021124e-03  6.144182e-08  -4.827212416872e+03
1800  1.764715e-03  4.171478e-04  8.785006e-04  4.579306e-08  -4.827212422188e+03
1900  1.519244e-03  3.588654e-04  7.555211e-04  3.414516e-08  -4.827212426150e+03
2000  1.307293e-03  3.086162e-04  6.495609e-04  2.547677e-08  -4.827212429105e+03
2100  1.124472e-03  2.653249e-04  5.583211e-04  1.902663e-08  -4.827212431311e+03
2200  9.669067e-04  2.280504e-04  4.797962e-04  1.422814e-08  -4.827212432960e+03
2300  8.311961e-04  1.959723e-04  4.122425e-04  1.065564e-08  -4.827212434193e+03
2400  7.143718e-04  1.683772e-04  3.541473e-04  7.989911e-09  -4.827212435117e+03
2500  6.138500e-04  1.446466e-04  3.042005e-04  6.007213e-09  -4.827212435811e+03
2600  5.273876e-04  1.242451e-04  2.612699e-04  4.529284e-09  -4.827212436334e+03
2700  4.530413e-04  1.067098e-04  2.243773e-04  3.420610e-09  -4.827212436728e+03
2800  3.891300e-04  9.164110e-05  1.926790e-04  2.594788e-09  -4.827212437026e+03
2900  3.342012e-04  7.869421e-05  1.654477e-04  1.970875e-09  -4.827212437253e+03
3000  2.870015e-04  6.757200e-05  1.420569e-04  1.506123e-09  -4.827212437425e+03
3100  2.464498e-04  5.801847e-05  1.219671e-04  1.155058e-09  -4.827212437557e+03
3200  2.116145e-04  4.981324e-05  1.047141e-04  8.885763e-10  -4.827212437659e+03
3300  1.816934e-04  4.276666e-05  8.989831e-05  6.857590e-10  -4.827212437737e+03
3400  1.559957e-04  3.671560e-05  7.717643e-05  5.375114e-10  -4.827212437798e+03
3500  1.339273e-04  3.151974e-05  6.625312e-05  4.192771e-10  -4.827212437845e+03
3600  1.149769e-04  2.705847e-05  5.687457e-05  3.310561e-10  -4.827212437882e+03
3700  9.870508e-05  2.322813e-05  4.882267e-05  2.582965e-10  -4.827212437912e+03
3800  8.473397e-05  1.993962e-05  4.191000e-05  2.064553e-10  -4.827212437935e+03
3900  7.273883e-05  1.711640e-05  3.597556e-05  1.664375e-10  -4.827212437953e+03
4000  6.244060e-05  1.469271e-05  3.088106e-05  1.336957e-10  -4.827212437968e+03
4100  5.359952e-05  1.261206e-05  2.650770e-05  1.073204e-10  -4.827212437980e+03
4200  4.600964e-05  1.082594e-05  2.275350e-05  8.458301e-11  -4.827212437990e+03
4300  3.949406e-05  9.292687e-06  1.953084e-05  7.275958e-11  -4.827212437998e+03
4400  3.390083e-05  7.976525e-06  1.676450e-05  5.820766e-11  -4.827212438004e+03
4500  2.909948e-05  6.846731e-06  1.438991e-05  5.002221e-11  -4.827212438010e+03
4600  2.497795e-05  5.876928e-06  1.235160e-05  4.001777e-11  -4.827212438014e+03
4700  2.144005e-05  5.044468e-06  1.060197e-05  3.274181e-11  -4.827212438018e+03
4800  1.840315e-05  4.329907e-06  9.100144e-06  2.637535e-11  -4.827212438021e+03
4900  1.579635e-05  3.716552e-06  7.811037e-06  2.455636e-11  -4.827212438024e+03
5000  1.355875e-05  3.190072e-06  6.704524e-06  1.909939e-11  -4.827212438026e+03
5100  1.163807e-05  2.738165e-06  5.754747e-06  1.818989e-11  -4.827212438028e+03
5200  9.989432e-06  2.350271e-06  4.939507e-06  1.182343e-11  -4.827212438029e+03
5300  8.574321e-06  2.017322e-06  4.239751e-06  1.273293e-11  -4.827212438030e+03
5400  7.359659e-06  1.731537e-06  3.639120e-06  9.094947e-12  -4.827212438032e+03
5500  6.317057e-06  1.486236e-06  3.123575e-06  8.185452e-12  -4.827212438032e+03
5600  5.422147e-06  1.275685e-06  2.681063e-06  6.366463e-12  -4.827212438033e+03
5700  4.654008e-06  1.094960e-06  2.301239e-06  5.456968e-12  -4.827212438034e+03
5800  3.994685e-06  9.398379e-07  1.975222e-06  4.547474e-12  -4.827212438034e+03
5900  3.428763e-06  8.066911e-07  1.695391e-06  6.366463e-12  -4.827212438035e+03
6000  2.943012e-06  6.924067e-07  1.455204e-06  4.547474e-12  -4.827212438035e+03
6100  2.526075e-06  5.943127e-07  1.249043e-06  4.547474e-12  -4.827212438036e+03
6200  2.168204e-06  5.101156e-07  1.072089e-06  4.547474e-12  -4.827212438036e+03
6300  1.861032e-06  4.378465e-07  9.202036e-07  9.094947e-13  -4.827212438036e+03
6400  1.597377e-06  3.758159e-07  7.898361e-07  1.818989e-12  -4.827212438037e+03
6500  1.371073e-06  3.225731e-07  6.779379e-07  0.000000e+00  -4.827212438037e+03
6600  1.176830e-06  2.768733e-07  5.818925e-07  9.094947e-13  -4.827212438037e+03
6700  1.010105e-06  2.376479e-07  4.994541e-07  2.728484e-12  -4.827212438037e+03
6800  8.670009e-07  2.039796e-07  4.286948e-07  9.094947e-13  -4.827212438037e+03
6900  7.441703e-07  1.750811e-07  3.679602e-07  0.000000e+00  -4.827212438037e+03
7000  6.387413e-07  1.502768e-07  3.158301e-07  0.000000e+00  -4.827212438037e+03
7100  5.482497e-07  1.289866e-07  2.710854e-07  9.094947e-13  -4.827212438037e+03
7200  4.705772e-07  1.107127e-07  2.326797e-07  9.094947e-13  -4.827212438037e+03
7300  4.039084e-07  9.502757e-08  1.997151e-07  9.094947e-13  -4.827212438038e+03
7400  3.466858e-07  8.156470e-08  1.714208e-07  2.728484e-12  -4.827212438038e+03
7500  2.975693e-07  7.000911e-08  1.471349e-07  9.094947e-13  -4.827212438038e+03
7600  2.554116e-07  6.009066e-08  1.262898e-07  2.728484e-12  -4.827212438038e+03
7700  2.192264e-07  5.157738e-08  1.083978e-07  1.818989e-12  -4.827212438038e+03
7800  1.881676e-07  4.427021e-08  9.304067e-08  9.094947e-13  -4.827212438038e+03
7900  1.615092e-07  3.799827e-08  7.985924e-08  9.094947e-13  -4.827212438038e+03
8000  1.386279e-07  3.261493e-08  6.854529e-08  1.818989e-12  -4.827212438038e+03
8100  1.189874e-07  2.799422e-08  5.883418e-08  1.818989e-12  -4.827212438038e+03
8200  1.021310e-07  2.402822e-08  5.049897e-08  9.094947e-13  -4.827212438038e+03
8300  8.766114e-08  2.062402e-08  4.334455e-08  2.728484e-12  -4.827212438038e+03
8400  7.524201e-08  1.770214e-08  3.720377e-08  9.094947e-13  -4.827212438038e+03
8500  6.458205e-08  1.519420e-08  3.193295e-08  9.094947e-13  -4.827212438038e+03
8600  5.543276e-08  1.304160e-08  2.740890e-08  9.094947e-13  -4.827212438038e+03
8700  4.757850e-08  1.119389e-08  2.352572e-08  1.818989e-12  -4.827212438038e+03
8800  4.083841e-08  9.608042e-09  2.019277e-08  0.000000e+00  -4.827212438038e+03
8900  3.505300e-08  8.246850e-09  1.733200e-08  9.094947e-13  -4.827212438038e+03
9000  3.008632e-08  7.078451e-09  1.487647e-08  9.094947e-13  -4.827212438038e+03
9100  2.582377e-08  6.075614e-09  1.276886e-08  9.094947e-13  -4.827212438038e+03
9200  2.216539e-08  5.214867e-09  1.095985e-08  0.000000e+00  -4.827212438038e+03
9300  1.902590e-08  4.476101e-09  9.407173e-09  9.094947e-13  -4.827212438038e+03
9400  1.632924e-08  3.841885e-09  8.074348e-09  1.818989e-12  -4.827212438038e+03
9500  1.401632e-08  3.297615e-09  6.930447e-09  2.728484e-12  -4.827212438038e+03
9600  1.203101e-08  2.830457e-09  5.948615e-09  9.094947e-13  -4.827212438038e+03
9700  1.032610e-08  2.429430e-09  5.105825e-09  0.000000e+00  -4.827212438038e+03
9800  8.863103e-09  2.085242e-09  4.382462e-09  9.094947e-13  -4.827212438038e+03
9900  7.607749e-09  1.789833e-09  3.761597e-09  9.094947e-13  -4.827212438038e+03
10000  6.529347e-09  1.536229e-09  3.228643e-09  0.000000e+00  -4.827212438038e+03
10100  5.604782e-09  1.318614e-09  2.771260e-09  9.094947e-13  -4.827212438038e+03
10200  4.810885e-09  1.131808e-09  2.378649e-09  9.094947e-13  -4.827212438038e+03
10300  4.128998e-09  9.714415e-10  2.041638e-09  2.728484e-12  -4.827212438038e+03
10400  3.544034e-09  8.338140e-10  1.752391e-09  0.000000e+00  -4.827212438038e+03
10500  3.041888e-09  7.156826e-10  1.504123e-09  1.818989e-12  -4.827212438038e+03
10600  2.610539e-09  6.142644e-10  1.290998e-09  1.818989e-12  -4.827212438038e+03
10700  2.240967e-09  5.272551e-10  1.108114e-09  9.094947e-13  -4.827212438038e+03
10800  1.923426e-09  4.525531e-10  9.511215e-10  1.818989e-12  -4.827212438038e+03
10900  1.651275e-09  3.884587e-10  8.163943e-10  9.094947e-13  -4.827212438038e+03
11000  1.416785e-09  3.333942e-10  7.006978e-10  9.094947e-13  -4.827212438038e+03
11100  1.216251e-09  2.861709e-10  6.014407e-10  9.094947e-13  -4.827212438038e+03
11200  1.043837e-09  2.456206e-10  5.162227e-10  9.094947e-13  -4.827212438038e+03
