0  1.421983e+00  1.120297e-01  1.711484e-01  5.081183e+01  5.000000e-03 -4.610557299783e+03
1000  1.093745e-02  3.302624e-03  6.717123e-03  4.050411e+01  5.000000e-03 -4.617772008383e+03
2000  4.133794e-03  1.119979e-03  2.343379e-03  4.049813e+01  5.000000e-03 -4.617773215168e+03
3000  1.298026e-03  3.446900e-04  7.258307e-04  4.049712e+01  5.000000e-03 -4.617773353485e+03
4000  3.936070e-04  1.038853e-04  2.191834e-04  4.049681e+01  5.000000e-03 -4.617773369988e+03
5000  1.181167e-04  3.111723e-05  6.569173e-05  4.049672e+01  5.000000e-03 -4.617773372545e+03
6000  3.533433e-05  9.303498e-06  1.964413e-05  4.049669e+01  5.000000e-03 -4.617773373092e+03
7000  1.056026e-05  2.780046e-06  5.870317e-06  4.049668e+01  5.000000e-03 -4.617773373236e+03
8000  3.155222e-06  8.305887e-07  1.753891e-06  4.049668e+01  5.000000e-03 -4.617773373277e+03
9000  9.426471e-07  2.481411e-07  5.239831e-07  4.049668e+01  5.000000e-03 -4.617773373290e+03
10000  2.816156e-07  7.413186e-08  1.565396e-07  4.049668e+01  5.000000e-03 -4.617773373293e+03
11000  8.413241e-08  2.214673e-08  4.676586e-08  4.049668e+01  5.000000e-03 -4.617773373294e+03
12000  2.513384e-08  6.616250e-09  1.397114e-08  4.049668e+01  5.000000e-03 -4.617773373295e+03
13000  7.508852e-09  1.976594e-09  4.173849e-09  4.049668e+01  5.000000e-03 -4.617773373295e+03
14000  2.243044e-09  5.904920e-10  1.246911e-09  4.049668e+01  5.000000e-03 -4.617773373295e+03
