0  1.421983e+00  1.120297e-01  1.711484e-01  4.610557e+03  -4.610557299783e+03
100  1.690646e-01  1.209978e-01  1.957543e-01  1.849370e-02  -4.616602716135e+03
200  7.573736e-02  8.460566e-02  1.389941e-01  3.828825e-03  -4.617526419018e+03
300  3.246685e-02  5.289526e-02  8.758639e-02  7.991791e-04  -4.617718049203e+03
400  2.003503e-02  3.146016e-02  5.229937e-02  1.723825e-04  -4.617758421201e+03
500  1.370680e-02  1.830006e-02  3.045943e-02  4.153347e-05  -4.617767420139e+03
600  1.059000e-02  1.060765e-02  1.763156e-02  1.337232e-05  -4.617769811981e+03
700  1.042447e-02  6.227344e-03  1.030569e-02  6.672124e-06  -4.617770739001e+03
800  1.137326e-02  3.897657e-03  7.774419e-03  4.581741e-06  -4.617771284578e+03
900  1.139578e-02  3.605473e-03  7.272781e-03  3.571810e-06  -4.617771687501e+03
1000  1.093745e-02  3.302624e-03  6.717123e-03  2.885251e-06  -4.617772008383e+03
1100  1.024508e-02  3.003673e-03  6.147168e-03  2.347691e-06  -4.617772268800e+03
1200  9.455458e-03  2.717534e-03  5.588269e-03  1.909741e-06  -4.617772480729e+03
1300  8.643967e-03  2.449145e-03  5.055438e-03  1.550229e-06  -4.617772652957e+03
1400  7.851499e-03  2.200826e-03  4.556762e-03  1.255443e-06  -4.617772792603e+03
1500  7.099444e-03  1.973250e-03  4.095870e-03  1.014508e-06  -4.617772905572e+03
1600  6.398097e-03  1.766093e-03  3.673627e-03  8.182633e-07  -4.617772996774e+03
1700  5.751420e-03  1.578456e-03  3.289237e-03  6.589371e-07  -4.617773070276e+03
1800  5.159774e-03  1.409131e-03  2.940946e-03  5.299580e-07  -4.617773129427e+03
1900  4.621488e-03  1.256769e-03  2.626491e-03  4.258045e-07  -4.617773176977e+03
2000  4.133794e-03  1.119979e-03  2.343379e-03  3.418827e-07  -4.617773215168e+03
2100  3.693365e-03  9.973944e-04  2.089056e-03  2.743882e-07  -4.617773245825e+03
2200  3.296653e-03  8.877036e-04  1.861010e-03  2.201832e-07  -4.617773270427e+03
2300  2.940075e-03  7.896729e-04  1.656837e-03  1.767075e-07  -4.617773290170e+03
2400  2.620143e-03  7.021555e-04  1.474273e-03  1.418666e-07  -4.617773306017e+03
2500  2.333523e-03  6.240942e-04  1.311209e-03  1.139642e-07  -4.617773318742e+03
2600  2.077080e-03  5.545216e-04  1.165698e-03  9.162886e-08  -4.617773328970e+03
2700  1.847895e-03  4.925565e-04  1.035958e-03  7.375002e-08  -4.617773337197e+03
2800  1.643272e-03  4.373994e-04  9.203621e-04  5.944366e-08  -4.617773343823e+03
2900  1.460736e-03  3.883278e-04  8.174321e-04  4.798676e-08  -4.617773349167e+03
3000  1.298026e-03  3.446900e-04  7.258307e-04  3.880632e-08  -4.617773353485e+03
3100  1.153086e-03  3.058998e-04  6.443504e-04  3.144760e-08  -4.617773356981e+03
3200  1.024051e-03  2.714307e-04  5.719040e-04  2.554498e-08  -4.617773359817e+03
3300  9.092357e-04  2.408110e-04  5.075141e-04  2.079832e-08  -4.617773362123e+03
3400  8.071199e-04  2.136182e-04  4.503039e-04  1.698118e-08  -4.617773364003e+03
3500  7.163363e-04  1.894747e-04  3.994878e-04  1.390072e-08  -4.617773365540e+03
3600  6.356565e-04  1.680431e-04  3.543629e-04  1.141507e-08  -4.617773366800e+03
3700  5.639789e-04  1.490224e-04  3.143012e-04  9.405085e-09  -4.617773367837e+03
3800  5.003173e-04  1.321442e-04  2.787418e-04  7.773451e-09  -4.617773368692e+03
3900  4.437894e-04  1.171695e-04  2.471845e-04  6.446498e-09  -4.617773369400e+03
4000  3.936070e-04  1.038853e-04  2.191834e-04  5.363290e-09  -4.617773369988e+03
4100  3.490667e-04  9.210221e-05  1.943412e-04  4.481080e-09  -4.617773370478e+03
4200  3.095411e-04  8.165162e-05  1.723044e-04  3.754394e-09  -4.617773370888e+03
4300  2.744710e-04  7.238371e-05  1.527584e-04  3.158675e-09  -4.617773371233e+03
4400  2.433584e-04  6.416531e-05  1.354234e-04  2.663910e-09  -4.617773371523e+03
4500  2.157603e-04  5.687810e-05  1.200505e-04  2.256456e-09  -4.617773371768e+03
4600  1.912821e-04  5.041698e-05  1.064189e-04  1.917215e-09  -4.617773371976e+03
4700  1.695734e-04  4.468864e-05  9.433199e-05  1.633452e-09  -4.617773372153e+03
4800  1.503224e-04  3.961021e-05  8.361552e-05  1.396984e-09  -4.617773372304e+03
4900  1.332522e-04  3.510816e-05  7.411459e-05  1.198714e-09  -4.617773372433e+03
5000  1.181167e-04  3.111723e-05  6.569173e-05  1.028639e-09  -4.617773372545e+03
5100  1.046974e-04  2.757953e-05  5.822493e-05  8.876668e-10  -4.617773372640e+03
5200  9.280044e-05  2.444366e-05  5.160592e-05  7.676135e-10  -4.617773372723e+03
5300  8.225353e-05  2.166408e-05  4.573864e-05  6.648406e-10  -4.617773372794e+03
5400  7.290389e-05  1.920035e-05  4.053787e-05  5.766196e-10  -4.617773372856e+03
5500  6.461589e-05  1.701664e-05  3.592801e-05  5.038601e-10  -4.617773372910e+03
5600  5.726922e-05  1.508115e-05  3.184202e-05  4.392859e-10  -4.617773372957e+03
5700  5.075717e-05  1.336570e-05  2.822045e-05  3.810783e-10  -4.617773372998e+03
5800  4.498506e-05  1.184529e-05  2.501056e-05  3.356035e-10  -4.617773373033e+03
5900  3.986894e-05  1.049777e-05  2.216561e-05  2.928573e-10  -4.617773373065e+03
6000  3.533433e-05  9.303498e-06  1.964413e-05  2.564775e-10  -4.617773373092e+03
6100  3.131522e-05  8.245048e-06  1.740939e-05  2.228262e-10  -4.617773373116e+03
6200  2.775306e-05  7.306986e-06  1.542879e-05  1.964509e-10  -4.617773373137e+03
6300  2.459594e-05  6.475624e-06  1.367345e-05  1.737135e-10  -4.617773373156e+03
6400  2.179784e-05  5.738832e-06  1.211777e-05  1.518856e-10  -4.617773373172e+03
6500  1.931795e-05  5.085856e-06  1.073904e-05  1.327862e-10  -4.617773373186e+03
6600  1.712012e-05  4.507165e-06  9.517153e-06  1.200533e-10  -4.617773373199e+03
6700  1.517228e-05  3.994311e-06  8.434265e-06  1.064109e-10  -4.617773373210e+03
6800  1.344601e-05  3.539805e-06  7.474572e-06  9.185896e-11  -4.617773373220e+03
6900  1.191611e-05  3.137011e-06  6.624062e-06  8.094503e-11  -4.617773373228e+03
7000  1.056026e-05  2.780046e-06  5.870317e-06  7.185008e-11  -4.617773373236e+03
7100  9.358650e-06  2.463697e-06  5.202331e-06  6.093615e-11  -4.617773373243e+03
7200  8.293751e-06  2.183343e-06  4.610348e-06  5.547918e-11  -4.617773373249e+03
7300  7.350011e-06  1.934890e-06  4.085722e-06  5.002221e-11  -4.617773373254e+03
7400  6.513648e-06  1.714708e-06  3.620791e-06  4.274625e-11  -4.617773373259e+03
7500  5.772445e-06  1.519580e-06  3.208762e-06  3.819878e-11  -4.617773373263e+03
7600  5.115579e-06  1.346656e-06  2.843618e-06  3.547029e-11  -4.617773373267e+03
7700  4.533454e-06  1.193409e-06  2.520023e-06  2.910383e-11  -4.617773373270e+03
7800  4.017568e-06  1.057601e-06  2.233251e-06  2.546585e-11  -4.617773373273e+03
7900  3.560384e-06  9.372469e-07  1.979111e-06  2.000888e-11  -4.617773373275e+03
8000  3.155222e-06  8.305887e-07  1.753891e-06  2.091838e-11  -4.617773373277e+03
8100  2.796165e-06  7.360679e-07  1.554299e-06  1.728040e-11  -4.617773373279e+03
8200  2.477966e-06  6.523032e-07  1.377421e-06  1.546141e-11  -4.617773373281e+03
8300  2.195977e-06  5.780708e-07  1.220670e-06  1.546141e-11  -4.617773373283e+03
8400  1.946076e-06  5.122859e-07  1.081758e-06  1.273293e-11  -4.617773373284e+03
8500  1.724614e-06  4.539873e-07  9.586533e-07  1.000444e-11  -4.617773373285e+03
8600  1.528352e-06  4.023230e-07  8.495577e-07  1.091394e-11  -4.617773373286e+03
8700  1.354426e-06  3.565381e-07  7.528772e-07  7.275958e-12  -4.617773373287e+03
8800  1.200291e-06  3.159635e-07  6.671988e-07  6.366463e-12  -4.617773373288e+03
8900  1.063697e-06  2.800064e-07  5.912707e-07  6.366463e-12  -4.617773373289e+03
9000  9.426471e-07  2.481411e-07  5.239831e-07  8.185452e-12  -4.617773373290e+03
9100  8.353727e-07  2.199022e-07  4.643529e-07  3.637979e-12  -4.617773373290e+03
9200  7.403056e-07  1.948768e-07  4.115087e-07  6.366463e-12  -4.617773373291e+03
9300  6.560578e-07  1.726995e-07  3.646782e-07  4.547474e-12  -4.617773373291e+03
9400  5.813972e-07  1.530459e-07  3.231771e-07  1.818989e-12  -4.617773373292e+03
9500  5.152333e-07  1.356289e-07  2.863988e-07  9.094947e-13  -4.617773373292e+03
9600  4.565992e-07  1.201940e-07  2.538060e-07  3.637979e-12  -4.617773373292e+03
9700  4.046370e-07  1.065157e-07  2.249223e-07  9.094947e-13  -4.617773373293e+03
9800  3.585884e-07  9.439392e-08  1.993256e-07  3.637979e-12  -4.617773373293e+03
9900  3.177805e-07  8.365166e-08  1.766419e-07  2.728484e-12  -4.617773373293e+03
10000  2.816156e-07  7.413186e-08  1.565396e-07  9.094947e-13  -4.617773373293e+03
10100  2.495675e-07  6.569549e-08  1.387250e-07  0.000000e+00  -4.617773373293e+03
10200  2.211659e-07  5.821916e-08  1.229377e-07  2.728484e-12  -4.617773373294e+03
10300  1.959973e-07  5.159369e-08  1.089471e-07  9.094947e-13  -4.617773373294e+03
10400  1.736916e-07  4.572216e-08  9.654862e-08  9.094947e-13  -4.617773373294e+03
10500  1.539250e-07  4.051886e-08  8.556113e-08  9.094947e-13  -4.617773373294e+03
10600  1.364083e-07  3.590772e-08  7.582408e-08  1.818989e-12  -4.617773373294e+03
10700  1.208845e-07  3.182132e-08  6.719508e-08  0.000000e+00  -4.617773373294e+03
10800  1.071275e-07  2.819996e-08  5.954810e-08  9.094947e-13  -4.617773373294e+03
10900  9.493617e-08  2.499073e-08  5.277136e-08  1.818989e-12  -4.617773373294e+03
11000  8.413241e-08  2.214673e-08  4.676586e-08  0.000000e+00  -4.617773373294e+03
11100  7.455729e-08  1.962634e-08  4.144373e-08  9.094947e-13  -4.617773373294e+03
11200  6.607319e-08  1.739284e-08  3.672737e-08  9.094947e-13  -4.617773373294e+03
11300  5.855382e-08  1.541349e-08  3.254769e-08  9.094947e-13  -4.617773373295e+03
11400  5.189000e-08  1.365938e-08  2.884366e-08  1.818989e-12  -4.617773373295e+03
11500  4.598428e-08  1.210488e-08  2.556114e-08  0.000000e+00  -4.617773373295e+03
11600  4.075151e-08  1.072733e-08  2.265223e-08  9.094947e-13  -4.617773373295e+03
11700  3.611420e-08  9.506543e-09  2.007437e-08  1.818989e-12  -4.617773373295e+03
11800  3.200470e-08  8.424690e-09  1.778988e-08  0.000000e+00  -4.617773373295e+03
11900  2.836180e-08  7.465905e-09  1.576529e-08  9.094947e-13  -4.617773373295e+03
12000  2.513384e-08  6.616250e-09  1.397114e-08  1.818989e-12  -4.617773373295e+03
12100  2.227412e-08  5.863330e-09  1.238122e-08  0.000000e+00  -4.617773373295e+03
12200  1.973907e-08  5.196057e-09  1.097219e-08  9.094947e-13  -4.617773373295e+03
12300  1.749259e-08  4.604724e-09  9.723514e-09  9.094947e-13  -4.617773373295e+03
12400  1.550159e-08  4.080682e-09  8.616934e-09  9.094947e-13  -4.617773373295e+03
12500  1.373766e-08  3.616300e-09  7.636318e-09  1.818989e-12  -4.617773373295e+03
12600  1.217402e-08  3.204741e-09  6.767264e-09  0.000000e+00  -4.617773373295e+03
12700  1.078910e-08  2.840055e-09  5.997163e-09  0.000000e+00  -4.617773373295e+03
12800  9.560692e-09  2.516821e-09  5.314628e-09  2.728484e-12  -4.617773373295e+03
12900  8.473234e-09  2.230427e-09  4.709850e-09  9.094947e-13  -4.617773373295e+03
13000  7.508852e-09  1.976594e-09  4.173849e-09  9.094947e-13  -4.617773373295e+03
13100  6.654899e-09  1.751678e-09  3.698891e-09  9.094947e-13  -4.617773373295e+03
13200  5.896511e-09  1.552284e-09  3.277876e-09  9.094947e-13  -4.617773373295e+03
13300  5.226156e-09  1.375662e-09  2.904892e-09  9.094947e-13  -4.617773373295e+03
13400  4.631167e-09  1.219097e-09  2.574292e-09  2.728484e-12  -4.617773373295e+03
13500  4.103960e-09  1.080351e-09  2.281317e-09  9.094947e-13  -4.617773373295e+03
13600  3.636827e-09  9.574009e-10  2.021691e-09  9.094947e-13  -4.617773373295e+03
13700  3.222881e-09  8.484453e-10  1.791615e-09  9.094947e-13  -4.617773373295e+03
13800  2.856421e-09  7.519034e-10  1.587745e-09  0.000000e+00  -4.617773373295e+03
13900  2.531138e-09  6.663225e-10  1.407038e-09  0.000000e+00  -4.617773373295e+03
14000  2.243044e-09  5.904920e-10  1.246911e-09  9.094947e-13  -4.617773373295e+03
14100  1.987805e-09  5.232905e-10  1.105007e-09  0.000000e+00  -4.617773373295e+03
14200  1.761987e-09  4.637611e-10  9.792864e-10  9.094947e-13  -4.617773373295e+03
14300  1.560585e-09  4.109425e-10  8.677801e-10  0.000000e+00  -4.617773373295e+03
14400  1.383689e-09  3.642088e-10  7.690727e-10  0.000000e+00  -4.617773373295e+03
14500  1.226336e-09  3.227663e-10  6.815576e-10  0.000000e+00  -4.617773373295e+03
14600  1.086561e-09  2.860243e-10  6.039799e-10  9.094947e-13  -4.617773373295e+03
