0  1.428962e+01  1.685464e+00  2.624105e+00  5.485569e+03  -5.485569228732e+03
100  4.003307e-03  5.454482e-03  8.447240e-03  2.637356e-06  -5.499329415004e+03
200  4.445402e-03  1.805161e-03  3.217910e-03  5.809061e-07  -5.499329300760e+03
300  3.899188e-03  8.890400e-04  2.025074e-03  5.123948e-07  -5.499329247827e+03
400  2.839160e-03  5.888946e-04  1.378842e-03  4.693684e-07  -5.499329198363e+03
500  1.997491e-03  4.065810e-04  9.584737e-04  3.915038e-07  -5.499329155197e+03
600  1.394970e-03  2.838834e-04  6.700605e-04  3.068881e-07  -5.499329120351e+03
700  9.733291e-04  1.988157e-04  4.692413e-04  2.314118e-07  -5.499329093583e+03
800  6.796024e-04  1.393466e-04  3.287978e-04  1.702583e-07  -5.499329073654e+03
900  4.749493e-04  9.767896e-05  2.304344e-04  1.232765e-07  -5.499329059111e+03
1000  3.321842e-04  6.846855e-05  1.615065e-04  8.832740e-08  -5.499329048638e+03
1100  2.324698e-04  4.799011e-05  1.131961e-04  6.284245e-08  -5.499329041161e+03
1200  1.627558e-04  3.363448e-05  7.933469e-05  4.449794e-08  -5.499329035854e+03
1300  1.139811e-04  2.357198e-05  5.560088e-05  3.140940e-08  -5.499329032102e+03
1400  7.983906e-05  1.651928e-05  3.896616e-05  2.212073e-08  -5.499329029457e+03
1500  5.593145e-05  1.157644e-05  2.730754e-05  1.555691e-08  -5.499329027595e+03
1600  3.918644e-05  8.112421e-06  1.913677e-05  1.092576e-08  -5.499329026287e+03
1700  2.745627e-05  5.684868e-06  1.341058e-05  7.668859e-09  -5.499329025369e+03
1800  1.923821e-05  3.983698e-06  9.397682e-06  5.381480e-09  -5.499329024724e+03
1900  1.348029e-05  2.791577e-06  6.585516e-06  3.772584e-09  -5.499329024272e+03
2000  9.445861e-06  1.956190e-06  4.614830e-06  2.642992e-09  -5.499329023955e+03
2100  6.618947e-06  1.370791e-06  3.233845e-06  1.855369e-09  -5.499329023733e+03
2200  4.638096e-06  9.605733e-07  2.266110e-06  1.300577e-09  -5.499329023577e+03
2300  3.250069e-06  6.731148e-07  1.587967e-06  9.113137e-10  -5.499329023467e+03
2400  2.277440e-06  4.716798e-07  1.112759e-06  6.393748e-10  -5.499329023391e+03
2500  1.595887e-06  3.305257e-07  7.797585e-07  4.474714e-10  -5.499329023337e+03
2600  1.118300e-06  2.316130e-07  5.464100e-07  3.155947e-10  -5.499329023300e+03
2700  7.836375e-07  1.623008e-07  3.828924e-07  2.191882e-10  -5.499329023273e+03
2800  5.491257e-07  1.137308e-07  2.683086e-07  1.555236e-10  -5.499329023255e+03
2900  3.847934e-07  7.969576e-08  1.880149e-07  1.100489e-10  -5.499329023242e+03
3000  2.696417e-07  5.584614e-08  1.317498e-07  7.639755e-11  -5.499329023233e+03
3100  1.889478e-07  3.913362e-08  9.232244e-08  5.184120e-11  -5.499329023226e+03
3200  1.324036e-07  2.742253e-08  6.469412e-08  3.910827e-11  -5.499329023222e+03
3300  9.278099e-08  1.921610e-08  4.533383e-08  2.637535e-11  -5.499329023219e+03
3400  6.501494e-08  1.346548e-08  3.176723e-08  1.728040e-11  -5.499329023217e+03
3500  4.555903e-08  9.435828e-09  2.226062e-08  1.091394e-11  -5.499329023215e+03
3600  3.192478e-08  6.612055e-09  1.559890e-08  1.000444e-11  -5.499329023214e+03
3700  2.237120e-08  4.633345e-09  1.093080e-08  9.094947e-12  -5.499329023213e+03
3800  1.567580e-08  3.246743e-09  7.659609e-09  3.637979e-12  -5.499329023213e+03
3900  1.098505e-08  2.275144e-09  5.367429e-09  9.094947e-13  -5.499329023212e+03
4000  7.698448e-09  1.594323e-09  3.761231e-09  0.000000e+00  -5.499329023212e+03
4100  5.393563e-09  1.117156e-09  2.635570e-09  0.000000e+00  -5.499329023212e+03
4200  3.780188e-09  7.828702e-10  1.846903e-09  1.818989e-12  -5.499329023212e+03
4300  2.648798e-09  5.485822e-10  1.294189e-09  9.094947e-13  -5.499329023212e+03
4400  1.855113e-09  3.843653e-10  9.068164e-10  9.094947e-13  -5.499329023212e+03
4500  1.301307e-09  2.694053e-10  6.355427e-10  0.000000e+00  -5.499329023212e+03
