0  5.610764e+00  1.484548e-01  2.322385e-01  4.609841e+03  -4.609841478099e+03
100  1.823205e-01  1.593578e-01  2.577236e-01  1.902943e-02  -4.616690707572e+03
200  1.426573e-01  1.009328e-01  1.657823e-01  3.987803e-03  -4.617644695234e+03
300  8.899980e-02  5.821836e-02  9.734302e-02  8.526872e-04  -4.617845896784e+03
400  5.501864e-02  3.227457e-02  5.436398e-02  1.916129e-04  -4.617889586490e+03
500  3.505612e-02  1.717172e-02  2.932460e-02  4.860507e-05  -4.617899796535e+03
600  2.330211e-02  9.037002e-03  1.563705e-02  1.565610e-05  -4.617902619359e+03
700  1.618777e-02  4.648476e-03  8.113422e-03  6.875805e-06  -4.617903656066e+03
800  1.170881e-02  2.566584e-03  5.651808e-03  3.840806e-06  -4.617904168101e+03
900  8.760160e-03  2.043022e-03  4.563469e-03  2.427253e-06  -4.617904473415e+03
1000  6.729631e-03  1.638374e-03  3.695878e-03  1.616528e-06  -4.617904671917e+03
1100  5.272479e-03  1.324208e-03  3.001718e-03  1.102009e-06  -4.617904805766e+03
1200  4.189669e-03  1.082420e-03  2.443840e-03  7.612061e-07  -4.617904897625e+03
1300  3.362480e-03  8.856322e-04  1.993561e-03  5.310440e-07  -4.617904961384e+03
1400  2.717270e-03  7.252078e-04  1.628774e-03  3.738660e-07  -4.617905006058e+03
1500  2.206329e-03  5.942316e-04  1.332341e-03  2.656261e-07  -4.617905037647e+03
1600  1.797347e-03  4.871626e-04  1.090867e-03  1.905055e-07  -4.617905060190e+03
1700  1.467509e-03  3.995470e-04  8.937911e-04  1.379649e-07  -4.617905076433e+03
1800  1.200103e-03  3.277920e-04  7.327153e-04  1.009157e-07  -4.617905088252e+03
1900  9.825230e-04  2.689891e-04  6.009167e-04  7.456492e-08  -4.617905096939e+03
2000  8.050337e-04  2.207765e-04  4.929825e-04  5.565744e-08  -4.617905103390e+03
2100  6.599888e-04  1.812320e-04  4.045342e-04  4.195863e-08  -4.617905108227e+03
2200  5.413066e-04  1.487875e-04  3.320179e-04  3.193782e-08  -4.617905111891e+03
2300  4.441063e-04  1.221622e-04  2.725413e-04  2.452907e-08  -4.617905114693e+03
2400  3.644464e-04  1.003085e-04  2.237451e-04  1.900298e-08  -4.617905116853e+03
2500  2.991294e-04  8.236880e-05  1.837023e-04  1.483659e-08  -4.617905118533e+03
2600  2.455529e-04  6.764051e-05  1.508367e-04  1.166700e-08  -4.617905119850e+03
2700  2.015944e-04  5.554772e-05  1.238582e-04  9.234100e-09  -4.617905120888e+03
2800  1.655194e-04  4.561816e-05  1.017097e-04  7.346898e-09  -4.617905121713e+03
2900  1.359091e-04  3.746443e-05  8.352498e-05  5.876245e-09  -4.617905122370e+03
3000  1.116020e-04  3.076864e-05  6.859354e-05  4.718459e-09  -4.617905122897e+03
3100  9.164609e-05  2.526992e-05  5.633269e-05  3.805326e-09  -4.617905123321e+03
3200  7.526119e-05  2.075413e-05  4.626433e-05  3.075002e-09  -4.617905123663e+03
3300  6.180740e-05  1.704548e-05  3.799610e-05  2.493834e-09  -4.617905123940e+03
3400  5.075979e-05  1.399966e-05  3.120594e-05  2.027264e-09  -4.617905124165e+03
3500  4.168762e-05  1.149816e-05  2.562950e-05  1.648914e-09  -4.617905124347e+03
3600  3.423742e-05  9.443690e-06  2.104974e-05  1.342414e-09  -4.617905124496e+03
3700  2.811902e-05  7.756339e-06  1.728846e-05  1.095941e-09  -4.617905124618e+03
3800  2.309425e-05  6.370498e-06  1.419935e-05  8.949428e-10  -4.617905124717e+03
3900  1.896754e-05  5.232282e-06  1.166226e-05  7.339622e-10  -4.617905124798e+03
4000  1.557834e-05  4.297441e-06  9.578519e-06  6.011760e-10  -4.617905124865e+03
4100  1.279480e-05  3.529633e-06  7.867115e-06  4.902176e-10  -4.617905124919e+03
4200  1.050868e-05  2.899011e-06  6.461507e-06  4.029062e-10  -4.617905124963e+03
4300  8.631058e-06  2.381062e-06  5.307048e-06  3.319656e-10  -4.617905125000e+03
4400  7.088941e-06  1.955654e-06  4.358860e-06  2.710294e-10  -4.617905125030e+03
4500  5.822370e-06  1.606252e-06  3.580086e-06  2.228262e-10  -4.617905125054e+03
4600  4.782105e-06  1.319276e-06  2.940455e-06  1.837179e-10  -4.617905125074e+03
4700  3.927707e-06  1.083572e-06  2.415105e-06  1.491571e-10  -4.617905125091e+03
4800  3.225966e-06  8.899802e-07  1.983617e-06  1.227818e-10  -4.617905125105e+03
4900  2.649604e-06  7.309757e-07  1.629221e-06  1.000444e-10  -4.617905125116e+03
5000  2.176218e-06  6.003793e-07  1.338142e-06  8.185452e-11  -4.617905125125e+03
5100  1.787410e-06  4.931154e-07  1.099068e-06  6.639311e-11  -4.617905125132e+03
5200  1.468069e-06  4.050154e-07  9.027082e-07  5.456968e-11  -4.617905125138e+03
5300  1.205782e-06  3.326553e-07  7.414300e-07  4.638423e-11  -4.617905125143e+03
5400  9.903557e-07  2.732232e-07  6.089660e-07  3.819878e-11  -4.617905125148e+03
5500  8.134185e-07  2.244092e-07  5.001682e-07  3.183231e-11  -4.617905125151e+03
5600  6.680927e-07  1.843164e-07  4.108082e-07  2.819434e-11  -4.617905125154e+03
5700  5.487313e-07  1.513865e-07  3.374133e-07  2.091838e-11  -4.617905125156e+03
5800  4.506949e-07  1.243398e-07  2.771312e-07  1.637090e-11  -4.617905125158e+03
5900  3.701739e-07  1.021254e-07  2.276190e-07  1.364242e-11  -4.617905125160e+03
6000  3.040386e-07  8.387970e-08  1.869527e-07  1.091394e-11  -4.617905125161e+03
6100  2.497192e-07  6.889380e-08  1.535518e-07  1.091394e-11  -4.617905125162e+03
6200  2.051045e-07  5.658529e-08  1.261184e-07  7.275958e-12  -4.617905125163e+03
6300  1.684607e-07  4.647580e-08  1.035861e-07  5.456968e-12  -4.617905125163e+03
6400  1.383637e-07  3.817247e-08  8.507950e-08  5.456968e-12  -4.617905125164e+03
6500  1.136437e-07  3.135260e-08  6.987925e-08  5.456968e-12  -4.617905125164e+03
6600  9.333976e-08  2.575115e-08  5.739465e-08  5.456968e-12  -4.617905125165e+03
6700  7.666357e-08  2.115046e-08  4.714054e-08  9.094947e-13  -4.617905125165e+03
6800  6.296745e-08  1.737175e-08  3.871848e-08  1.818989e-12  -4.617905125165e+03
6900  5.171714e-08  1.426810e-08  3.180102e-08  2.728484e-12  -4.617905125166e+03
7000  4.247726e-08  1.171897e-08  2.611947e-08  0.000000e+00  -4.617905125166e+03
7100  3.488888e-08  9.625293e-09  2.145302e-08  1.818989e-12  -4.617905125166e+03
7200  2.865555e-08  7.905640e-09  1.762023e-08  4.547474e-12  -4.617905125166e+03
7300  2.353596e-08  6.493223e-09  1.447221e-08  9.094947e-13  -4.617905125166e+03
7400  1.933087e-08  5.333141e-09  1.188661e-08  9.094947e-13  -4.617905125166e+03
7500  1.587725e-08  4.380328e-09  9.762958e-09  9.094947e-13  -4.617905125166e+03
7600  1.304063e-08  3.597741e-09  8.018714e-09  0.000000e+00  -4.617905125166e+03
7700  1.071092e-08  2.954974e-09  6.586101e-09  2.728484e-12  -4.617905125166e+03
7800  8.797438e-09  2.427051e-09  5.409447e-09  9.094947e-13  -4.617905125167e+03
7900  7.225780e-09  1.993439e-09  4.443004e-09  1.818989e-12  -4.617905125167e+03
8000  5.934705e-09  1.637286e-09  3.649211e-09  0.000000e+00  -4.617905125167e+03
8100  4.873945e-09  1.344746e-09  2.997212e-09  1.818989e-12  -4.617905125167e+03
8200  4.003139e-09  1.104497e-09  2.461735e-09  0.000000e+00  -4.617905125167e+03
8300  3.288581e-09  9.071950e-10  2.021962e-09  1.818989e-12  -4.617905125167e+03
8400  2.700866e-09  7.451091e-10  1.660709e-09  1.818989e-12  -4.617905125167e+03
8500  2.218209e-09  6.119846e-10  1.364002e-09  0.000000e+00  -4.617905125167e+03
8600  1.821810e-09  5.026428e-10  1.120303e-09  9.094947e-13  -4.617905125167e+03
8700  1.496625e-09  4.128546e-10  9.201706e-10  1.818989e-12  -4.617905125167e+03
8800  1.228994e-09  3.390824e-10  7.557559e-10  9.094947e-13  -4.617905125167e+03
8900  1.009560e-09  2.785086e-10  6.207425e-10  9.094947e-13  -4.617905125167e+03
