0  1.385478e+01  1.155550e+00  1.791272e+00  5.102293e+03  -5.102292505041e+03
100  3.592167e-02  2.030542e-02  3.088283e-02  1.903044e-04  -5.128055999375e+03
200  3.257688e-03  5.958494e-03  1.046311e-02  3.168894e-05  -5.128047843826e+03
300  1.733570e-03  1.590850e-03  3.356826e-03  8.413232e-06  -5.128046126274e+03
400  9.302805e-04  5.190287e-04  1.068440e-03  2.422576e-06  -5.128045648558e+03
500  5.011322e-04  2.451685e-04  4.940645e-04  6.668306e-07  -5.128045512165e+03
600  2.737912e-04  1.266859e-04  2.482625e-04  1.408425e-07  -5.128045477253e+03
700  1.524496e-04  7.237893e-05  1.285784e-04  8.792995e-09  -5.128045472338e+03
800  8.662315e-05  4.079958e-05  7.265723e-05  4.234880e-08  -5.128045475401e+03
900  5.019867e-05  2.278904e-05  4.065515e-05  4.179037e-08  -5.128045479741e+03
1000  2.962135e-05  1.264552e-05  2.258227e-05  3.306377e-08  -5.128045483500e+03
1100  1.805219e-05  6.980818e-06  1.246920e-05  2.406068e-08  -5.128045486341e+03
1200  1.145810e-05  3.836599e-06  6.848999e-06  1.679928e-08  -5.128045488364e+03
1300  7.294298e-06  2.138276e-06  3.743080e-06  1.145418e-08  -5.128045489759e+03
1400  4.652481e-06  1.204242e-06  2.071767e-06  7.691597e-09  -5.128045490703e+03
1500  2.971122e-06  6.748048e-07  1.351671e-06  5.114089e-09  -5.128045491334e+03
1600  1.898903e-06  3.763966e-07  8.773062e-07  3.371497e-09  -5.128045491751e+03
1700  1.214264e-06  2.180468e-07  5.673139e-07  2.210982e-09  -5.128045492026e+03
1800  7.767421e-07  1.396857e-07  3.658806e-07  1.447916e-09  -5.128045492206e+03
1900  4.969900e-07  8.945629e-08  2.355162e-07  9.413270e-10  -5.128045492323e+03
2000  3.180508e-07  5.727704e-08  1.513905e-07  6.129994e-10  -5.128045492399e+03
2100  2.035659e-07  3.666905e-08  9.721650e-08  3.947207e-10  -5.128045492449e+03
2200  1.303052e-07  2.347444e-08  6.238301e-08  2.546585e-10  -5.128045492481e+03
2300  8.341774e-08  1.502748e-08  4.000977e-08  1.627996e-10  -5.128045492501e+03
2400  5.340597e-08  9.620222e-09  2.565096e-08  1.045919e-10  -5.128045492515e+03
2500  3.419415e-08  6.158855e-09  1.644092e-08  6.821210e-11  -5.128045492523e+03
2600  2.189483e-08  3.943052e-09  1.053576e-08  4.456524e-11  -5.128045492529e+03
2700  1.402027e-08  2.524552e-09  6.750671e-09  2.819434e-11  -5.128045492532e+03
2800  8.978278e-09  1.616453e-09  4.325052e-09  1.818989e-11  -5.128045492535e+03
2900  5.749760e-09  1.035063e-09  2.770835e-09  1.091394e-11  -5.128045492536e+03
3000  3.682342e-09  6.628194e-10  1.775066e-09  7.275958e-12  -5.128045492537e+03
3100  2.358384e-09  4.244719e-10  1.137131e-09  4.547474e-12  -5.128045492538e+03
3200  1.510502e-09  2.718361e-10  7.284385e-10  1.818989e-12  -5.128045492538e+03
