0  3.259631e+00  3.183197e-01  4.943734e-01  5.149254e+03  -5.149254138702e+03
100  5.436797e-03  2.631330e-03  3.907422e-03  5.501957e-06  -5.149923863923e+03
200  2.384637e-03  7.459333e-04  1.237645e-03  1.611950e-06  -5.149924178071e+03
300  1.577406e-03  3.942014e-04  8.204386e-04  5.927850e-07  -5.149924276826e+03
400  1.061972e-03  2.452566e-04  5.820542e-04  2.919533e-07  -5.149924318296e+03
500  7.272386e-04  1.813536e-04  4.157665e-04  1.724957e-07  -5.149924340704e+03
600  5.428343e-04  1.322740e-04  2.982215e-04  1.111248e-07  -5.149924354565e+03
700  4.070941e-04  9.598993e-05  2.143616e-04  7.457766e-08  -5.149924363689e+03
800  3.016888e-04  6.948371e-05  1.548709e-04  5.117818e-08  -5.149924369883e+03
900  2.216808e-04  5.021883e-05  1.124774e-04  3.562491e-08  -5.149924374164e+03
1000  1.619186e-04  3.625698e-05  8.148527e-05  2.504476e-08  -5.149924377160e+03
1100  1.177720e-04  2.615734e-05  5.892890e-05  1.772969e-08  -5.149924379273e+03
1200  8.541001e-05  1.886105e-05  4.256345e-05  1.261105e-08  -5.149924380772e+03
1300  6.181268e-05  1.359486e-05  3.071591e-05  9.002179e-09  -5.149924381840e+03
1400  4.466984e-05  9.796433e-06  2.215238e-05  6.443770e-09  -5.149924382604e+03
1500  3.224824e-05  7.057965e-06  1.596936e-05  4.620233e-09  -5.149924383151e+03
1600  2.326395e-05  5.084327e-06  1.150856e-05  3.318746e-09  -5.149924383544e+03
1700  1.677408e-05  3.662241e-06  8.292019e-06  2.382876e-09  -5.149924383826e+03
1800  1.209031e-05  2.637739e-06  5.973567e-06  1.713488e-09  -5.149924384029e+03
1900  8.712141e-06  1.899752e-06  4.302896e-06  1.231456e-09  -5.149924384174e+03
2000  6.276737e-06  1.368195e-06  3.099242e-06  8.876668e-10  -5.149924384279e+03
2100  4.521551e-06  9.853475e-07  2.232171e-06  6.366463e-10  -5.149924384355e+03
2200  3.256879e-06  7.096169e-07  1.607620e-06  4.611138e-10  -5.149924384409e+03
2300  2.345784e-06  5.110386e-07  1.157785e-06  3.292371e-10  -5.149924384448e+03
2400  1.689486e-06  3.680274e-07  8.338060e-07  2.391971e-10  -5.149924384476e+03
2500  1.216766e-06  2.650356e-07  6.004772e-07  1.718945e-10  -5.149924384496e+03
2600  8.762936e-07  1.908652e-07  4.324382e-07  1.227818e-10  -5.149924384511e+03
2700  6.310814e-07  1.374510e-07  3.114218e-07  8.822099e-11  -5.149924384522e+03
2800  4.544818e-07  9.898483e-08  2.242705e-07  6.275513e-11  -5.149924384529e+03
2900  3.272982e-07  7.128343e-08  1.615080e-07  4.729372e-11  -5.149924384535e+03
3000  2.357047e-07  5.133436e-08  1.163094e-07  3.456080e-11  -5.149924384538e+03
3100  1.697428e-07  3.696813e-08  8.375968e-08  2.546585e-11  -5.149924384541e+03
3200  1.222399e-07  2.662237e-08  6.031909e-08  1.728040e-11  -5.149924384543e+03
3300  8.803068e-08  1.917192e-08  4.343844e-08  1.364242e-11  -5.149924384545e+03
3400  6.339496e-08  1.380654e-08  3.128193e-08  8.185452e-12  -5.149924384546e+03
3500  4.565374e-08  9.942692e-09  2.252749e-08  6.366463e-12  -5.149924384547e+03
3600  3.287704e-08  7.160149e-09  1.622301e-08  6.366463e-12  -5.149924384547e+03
3700  2.367592e-08  5.156315e-09  1.168286e-08  2.728484e-12  -5.149924384548e+03
3800  1.705032e-08  3.713299e-09  8.413357e-09  2.728484e-12  -5.149924384548e+03
3900  1.227868e-08  2.674107e-09  6.058822e-09  1.818989e-12  -5.149924384548e+03
4000  8.842401e-09  1.925737e-09  4.363215e-09  2.728484e-12  -5.149924384548e+03
4100  6.368235e-09  1.386830e-09  3.142175e-09  3.637979e-12  -5.149924384548e+03
4200  4.585748e-09  9.987011e-10  2.262793e-09  9.094947e-13  -5.149924384548e+03
4300  3.302133e-09  7.191948e-10  1.629515e-09  1.818989e-12  -5.149924384548e+03
4400  2.378349e-09  5.179395e-10  1.173508e-09  2.728484e-12  -5.149924384548e+03
4500  1.712558e-09  3.729798e-10  8.450785e-10  9.094947e-13  -5.149924384549e+03
4600  1.232990e-09  2.685845e-10  6.085559e-10  1.818989e-12  -5.149924384549e+03
