0  1.232361e+01  1.334802e+00  2.067191e+00  5.146898e+03  -5.146898235476e+03
100  3.005599e-02  1.479619e-02  2.306140e-02  8.271340e-05  -5.149658026692e+03
200  1.098621e-02  4.634160e-03  7.592751e-03  1.662953e-05  -5.149662100645e+03
300  8.071195e-03  2.594111e-03  4.317117e-03  3.216477e-06  -5.149662918201e+03
400  6.823693e-03  1.544176e-03  2.868373e-03  3.813047e-07  -5.149663061518e+03
500  5.711450e-03  1.122779e-03  2.325009e-03  2.116676e-07  -5.149663062040e+03
600  4.661096e-03  8.732980e-04  1.846490e-03  3.079322e-07  -5.149663034258e+03
700  3.728778e-03  6.755682e-04  1.449377e-03  2.895067e-07  -5.149663003990e+03
800  2.941907e-03  5.210193e-04  1.129059e-03  2.461775e-07  -5.149662977160e+03
900  2.299385e-03  4.010154e-04  8.750059e-04  2.012239e-07  -5.149662954838e+03
1000  1.785786e-03  3.082114e-04  6.757043e-04  1.611143e-07  -5.149662936792e+03
1100  1.380906e-03  2.366415e-04  5.205030e-04  1.273584e-07  -5.149662922439e+03
1200  1.064655e-03  1.815566e-04  4.002530e-04  9.981613e-08  -5.149662911143e+03
1300  8.191541e-04  1.392200e-04  3.074084e-04  7.775270e-08  -5.149662902317e+03
1400  6.293717e-04  1.067150e-04  2.358978e-04  6.030859e-08  -5.149662895458e+03
1500  4.830825e-04  8.177668e-05  1.809127e-04  4.662525e-08  -5.149662890146e+03
1600  3.705416e-04  6.265388e-05  1.386846e-04  3.596142e-08  -5.149662886044e+03
1700  2.840819e-04  4.799599e-05  1.062811e-04  2.768866e-08  -5.149662882884e+03
1800  2.177224e-04  3.676359e-05  8.143108e-05  2.129127e-08  -5.149662880452e+03
1900  1.668242e-04  2.815783e-05  6.238182e-05  1.635181e-08  -5.149662878583e+03
2000  1.278031e-04  2.156541e-05  4.778356e-05  1.255285e-08  -5.149662877148e+03
2100  9.789759e-05  1.651580e-05  3.659865e-05  9.631549e-09  -5.149662876047e+03
2200  7.498346e-05  1.264823e-05  2.803028e-05  7.383278e-09  -5.149662875202e+03
2300  5.742916e-05  9.686155e-06  2.146704e-05  5.659786e-09  -5.149662874554e+03
2400  4.398256e-05  7.417657e-06  1.644010e-05  4.336471e-09  -5.149662874058e+03
2500  3.368332e-05  5.680383e-06  1.259005e-05  3.323294e-09  -5.149662873678e+03
2600  2.579523e-05  4.349959e-06  9.641488e-06  2.542038e-09  -5.149662873386e+03
2700  1.975409e-05  3.331120e-06  7.383389e-06  1.952685e-09  -5.149662873163e+03
2800  1.512758e-05  2.550901e-06  5.654106e-06  1.496119e-09  -5.149662872992e+03
2900  1.158452e-05  1.953420e-06  4.329817e-06  1.142325e-09  -5.149662872861e+03
3000  8.871231e-06  1.495880e-06  3.315685e-06  8.767529e-10  -5.149662872761e+03
3100  6.793410e-06  1.145505e-06  2.539075e-06  6.702976e-10  -5.149662872684e+03
3200  5.202239e-06  8.771965e-07  1.944361e-06  5.138645e-10  -5.149662872625e+03
3300  3.983747e-06  6.717325e-07  1.488941e-06  3.947207e-10  -5.149662872580e+03
3400  3.050649e-06  5.143936e-07  1.140191e-06  3.019522e-10  -5.149662872546e+03
3500  2.336105e-06  3.939077e-07  8.731261e-07  2.310117e-10  -5.149662872519e+03
3600  1.788924e-06  3.016430e-07  6.686152e-07  1.782610e-10  -5.149662872499e+03
3700  1.369907e-06  2.309894e-07  5.120063e-07  1.336957e-10  -5.149662872483e+03
3800  1.049035e-06  1.768848e-07  3.920794e-07  1.027729e-10  -5.149662872472e+03
3900  8.033205e-07  1.354531e-07  3.002429e-07  7.821654e-11  -5.149662872463e+03
4000  6.151590e-07  1.037259e-07  2.299171e-07  6.275513e-11  -5.149662872456e+03
4100  4.710712e-07  7.943026e-08  1.760638e-07  4.365575e-11  -5.149662872450e+03
4200  3.607318e-07  6.082529e-08  1.348243e-07  3.637979e-11  -5.149662872446e+03
4300  2.762382e-07  4.657821e-08  1.032445e-07  2.819434e-11  -5.149662872443e+03
4400  2.115350e-07  3.566820e-08  7.906156e-08  2.273737e-11  -5.149662872441e+03
4500  1.619870e-07  2.731362e-08  6.054295e-08  1.728040e-11  -5.149662872439e+03
4600  1.240446e-07  2.091594e-08  4.636196e-08  1.000444e-11  -5.149662872437e+03
4700  9.498946e-08  1.601680e-08  3.550259e-08  9.094947e-12  -5.149662872436e+03
4800  7.274071e-08  1.226521e-08  2.718686e-08  7.275958e-12  -5.149662872435e+03
4900  5.570200e-08  9.392298e-09  2.081884e-08  5.456968e-12  -5.149662872435e+03
5000  4.265541e-08  7.192364e-09  1.594248e-08  4.547474e-12  -5.149662872434e+03
5100  3.266401e-08  5.507684e-09  1.220825e-08  4.547474e-12  -5.149662872434e+03
5200  2.501337e-08  4.217633e-09  9.348732e-09  2.728484e-12  -5.149662872434e+03
5300  1.915443e-08  3.229733e-09  7.158972e-09  4.547474e-12  -5.149662872433e+03
5400  1.466841e-08  2.473259e-09  5.482166e-09  1.818989e-12  -5.149662872433e+03
5500  1.123222e-08  1.893927e-09  4.198048e-09  0.000000e+00  -5.149662872433e+03
5600  8.601131e-09  1.450305e-09  3.214727e-09  1.818989e-12  -5.149662872433e+03
5700  6.586743e-09  1.110611e-09  2.461759e-09  1.818989e-12  -5.149662872433e+03
5800  5.043901e-09  8.504724e-10  1.885140e-09  9.094947e-13  -5.149662872433e+03
5900  3.862327e-09  6.512595e-10  1.443574e-09  9.094947e-13  -5.149662872433e+03
6000  2.957735e-09  4.987165e-10  1.105447e-09  9.094947e-13  -5.149662872433e+03
6100  2.264995e-09  3.819073e-10  8.465260e-10  0.000000e+00  -5.149662872433e+03
6200  1.734418e-09  2.924483e-10  6.482371e-10  0.000000e+00  -5.149662872433e+03
6300  1.328089e-09  2.239454e-10  4.963966e-10  1.818989e-12  -5.149662872433e+03
6400  1.017339e-09  1.715071e-10  3.801497e-10  9.094947e-13  -5.149662872433e+03
