0  2.032219e+01  1.935528e+00  2.987161e+00  5.305500e+03  -5.305499733282e+03
100  7.664936e-02  4.766612e-02  7.631433e-02  8.845410e-04  -5.312953081121e+03
200  2.861831e-02  1.613733e-02  2.797046e-02  1.657501e-04  -5.312995671058e+03
300  1.865523e-02  7.993847e-03  1.433300e-02  2.845348e-05  -5.313003508134e+03
400  1.380119e-02  4.366806e-03  7.916729e-03  2.382543e-06  -5.313004684797e+03
500  1.016360e-02  2.343960e-03  4.283910e-03  1.950539e-06  -5.313004635665e+03
600  7.313021e-03  1.202053e-03  2.321177e-03  2.126922e-06  -5.313004419453e+03
700  5.155517e-03  6.088605e-04  1.588670e-03  1.639965e-06  -5.313004230221e+03
800  3.579173e-03  4.017294e-04  1.078735e-03  1.164070e-06  -5.313004091099e+03
900  2.457245e-03  2.656398e-04  7.284401e-04  8.023844e-07  -5.313003993928e+03
1000  1.673415e-03  1.759557e-04  4.899510e-04  5.458141e-07  -5.313003927416e+03
1100  1.132926e-03  1.167010e-04  3.285976e-04  3.686373e-07  -5.313003882340e+03
1200  7.637024e-04  7.747365e-05  2.199208e-04  2.478791e-07  -5.313003851963e+03
1300  5.131706e-04  5.146675e-05  1.469611e-04  1.661974e-07  -5.313003831568e+03
1400  3.440092e-04  3.420651e-05  9.809572e-05  1.112039e-07  -5.313003817907e+03
1500  2.302019e-04  2.274258e-05  6.542437e-05  7.430208e-08  -5.313003808773e+03
1600  1.538402e-04  1.512435e-05  4.360800e-05  4.959293e-08  -5.313003802673e+03
1700  1.027057e-04  1.005979e-05  2.905360e-05  3.307650e-08  -5.313003798603e+03
1800  6.851545e-05  6.691992e-06  1.935051e-05  2.205161e-08  -5.313003795889e+03
1900  4.568055e-05  4.452052e-06  1.288490e-05  1.468925e-08  -5.313003794081e+03
2000  3.044265e-05  2.962052e-06  8.578157e-06  9.787982e-09  -5.313003792876e+03
2100  2.028088e-05  1.970811e-06  5.710199e-06  6.516530e-09  -5.313003792073e+03
2200  1.350761e-05  1.311329e-06  3.800738e-06  4.339199e-09  -5.313003791539e+03
2300  8.994639e-06  8.725466e-07  2.529617e-06  2.889465e-09  -5.313003791183e+03
2400  5.988556e-06  5.805948e-07  1.683526e-06  1.926310e-09  -5.313003790946e+03
2500  3.986657e-06  3.863342e-07  1.120389e-06  1.280569e-09  -5.313003790789e+03
2600  2.653724e-06  2.570735e-07  7.456011e-07  8.531060e-10  -5.313003790684e+03
2700  1.766329e-06  1.710623e-07  4.961757e-07  5.620677e-10  -5.313003790614e+03
2800  1.175610e-06  1.138291e-07  3.301858e-07  3.756213e-10  -5.313003790567e+03
2900  7.824133e-07  7.574504e-08  2.197235e-07  2.519300e-10  -5.313003790536e+03
3000  5.207088e-07  5.040299e-08  1.462148e-07  1.682565e-10  -5.313003790516e+03
3100  3.465309e-07  3.353970e-08  9.729799e-08  1.118678e-10  -5.313003790502e+03
3200  2.306114e-07  2.231840e-08  6.474626e-08  7.094059e-11  -5.313003790493e+03
3300  1.534656e-07  1.485138e-08  4.308478e-08  4.729372e-11  -5.313003790487e+03
3400  1.021261e-07  9.882597e-09  2.867029e-08  3.274181e-11  -5.313003790483e+03
3500  6.796070e-08  6.576211e-09  1.907830e-08  2.091838e-11  -5.313003790480e+03
3600  4.522443e-08  4.376023e-09  1.269540e-08  1.637090e-11  -5.313003790478e+03
3700  3.009491e-08  2.911967e-09  8.448001e-09  9.094947e-12  -5.313003790477e+03
3800  2.002646e-08  1.937718e-09  5.621601e-09  4.547474e-12  -5.313003790477e+03
3900  1.332674e-08  1.289433e-09  3.740828e-09  6.366463e-12  -5.313003790476e+03
4000  8.868003e-09  8.580286e-10  2.489272e-09  1.818989e-12  -5.313003790476e+03
4100  5.901398e-09  5.709717e-10  1.656465e-09  0.000000e+00  -5.313003790475e+03
4200  3.926701e-09  3.799314e-10  1.102251e-09  9.094947e-13  -5.313003790475e+03
4300  2.613560e-09  2.528431e-10  7.335120e-10  1.818989e-12  -5.313003790475e+03
4400  1.738493e-09  1.682236e-10  4.880644e-10  0.000000e+00  -5.313003790475e+03
4500  1.156637e-09  1.119335e-10  3.247628e-10  9.094947e-13  -5.313003790475e+03
