0  1.447978e+01  1.279101e+00  1.969689e+00  4.823356e+03  -4.823355801671e+03
100  3.108709e-02  3.791762e-02  6.124383e-02  1.178230e-03  -4.827209254794e+03
200  1.802048e-02  1.611246e-02  2.791520e-02  2.428403e-04  -4.827267986656e+03
300  1.154288e-02  8.876276e-03  1.575575e-02  4.900644e-05  -4.827280049661e+03
400  8.608652e-03  5.040859e-03  9.012946e-03  8.486070e-06  -4.827282395932e+03
500  8.770987e-03  2.758115e-03  4.950608e-03  9.529867e-08  -4.827282713556e+03
600  8.062456e-03  1.508811e-03  3.045479e-03  1.484826e-06  -4.827282620355e+03
700  7.007929e-03  1.218267e-03  2.522866e-03  1.605893e-06  -4.827282460859e+03
800  5.896389e-03  9.803428e-04  2.065018e-03  1.423330e-06  -4.827282308571e+03
900  4.863450e-03  7.865451e-04  1.675810e-03  1.195935e-06  -4.827282177723e+03
1000  3.961198e-03  6.294916e-04  1.351600e-03  9.840478e-07  -4.827282069046e+03
1100  3.199968e-03  5.027952e-04  1.085297e-03  8.009529e-07  -4.827281980140e+03
1200  2.570992e-03  4.009768e-04  8.686955e-04  6.475311e-07  -4.827281908031e+03
1300  2.058087e-03  3.193992e-04  6.937338e-04  5.210795e-07  -4.827281849874e+03
1400  1.643390e-03  2.541914e-04  5.530986e-04  4.179274e-07  -4.827281803153e+03
1500  1.309994e-03  2.021613e-04  4.404490e-04  3.343757e-07  -4.827281765728e+03
1600  1.042981e-03  1.607013e-04  3.504409e-04  2.670386e-07  -4.827281735814e+03
1700  8.296937e-04  1.276968e-04  2.786522e-04  2.129646e-07  -4.827281711940e+03
1800  6.596293e-04  1.014429e-04  2.214688e-04  1.696626e-07  -4.827281692911e+03
1900  5.241999e-04  8.057021e-05  1.759616e-04  1.350527e-07  -4.827281677757e+03
2000  4.164479e-04  6.398253e-05  1.397710e-04  1.074377e-07  -4.827281665699e+03
2100  3.307712e-04  5.080414e-05  1.110039e-04  8.542429e-08  -4.827281656108e+03
2200  2.626783e-04  4.033666e-05  8.814570e-05  6.790287e-08  -4.827281648484e+03
2300  2.085782e-04  3.202383e-05  6.998759e-05  5.395304e-08  -4.827281642424e+03
2400  1.656056e-04  2.542295e-05  5.556595e-05  4.286176e-08  -4.827281637610e+03
2500  1.314778e-04  2.018194e-05  4.411358e-05  3.404693e-08  -4.827281633786e+03
2600  1.043778e-04  1.602094e-05  3.502012e-05  2.703655e-08  -4.827281630749e+03
2700  8.286059e-05  1.271757e-05  2.780028e-05  2.146953e-08  -4.827281628337e+03
2800  6.577721e-05  1.009516e-05  2.206838e-05  1.704939e-08  -4.827281626422e+03
2900  5.221478e-05  8.013410e-06  1.751796e-05  1.353510e-08  -4.827281624901e+03
3000  4.144808e-05  6.360883e-06  1.390563e-05  1.074659e-08  -4.827281623694e+03
3100  3.290105e-05  5.049104e-06  1.103807e-05  8.531060e-09  -4.827281622735e+03
3200  2.611626e-05  4.007826e-06  8.761770e-06  6.773007e-09  -4.827281621974e+03
3300  2.073046e-05  3.181278e-06  6.954852e-06  5.376023e-09  -4.827281621370e+03
3400  1.645524e-05  2.525183e-06  5.520543e-06  4.266440e-09  -4.827281620891e+03
3500  1.306164e-05  2.004394e-06  4.382016e-06  3.386958e-09  -4.827281620510e+03
3600  1.036787e-05  1.591008e-06  3.478283e-06  2.691195e-09  -4.827281620208e+03
3700  8.229625e-06  1.262877e-06  2.760926e-06  2.132765e-09  -4.827281619968e+03
3800  6.532355e-06  1.002419e-06  2.191512e-06  1.696208e-09  -4.827281619778e+03
3900  5.185120e-06  7.956774e-07  1.739532e-06  1.345143e-09  -4.827281619627e+03
4000  4.115733e-06  6.315743e-07  1.380767e-06  1.067747e-09  -4.827281619507e+03
4100  3.266894e-06  5.013161e-07  1.095994e-06  8.476491e-10  -4.827281619412e+03
4200  2.593120e-06  3.979226e-07  8.699523e-07  6.721166e-10  -4.827281619336e+03
4300  2.058307e-06  3.158533e-07  6.905301e-07  5.329639e-10  -4.827281619276e+03
4400  1.633793e-06  2.507103e-07  5.481123e-07  4.256435e-10  -4.827281619228e+03
4500  1.296832e-06  1.990026e-07  4.350671e-07  3.365130e-10  -4.827281619191e+03
4600  1.029368e-06  1.579593e-07  3.453369e-07  2.683009e-10  -4.827281619161e+03
4700  8.170666e-07  1.253810e-07  2.741130e-07  2.119123e-10  -4.827281619137e+03
4800  6.485512e-07  9.952181e-08  2.175786e-07  1.682565e-10  -4.827281619118e+03
4900  5.147902e-07  7.899589e-08  1.727040e-07  1.346052e-10  -4.827281619103e+03
5000  4.086178e-07  6.270339e-08  1.370847e-07  1.055014e-10  -4.827281619091e+03
5100  3.243420e-07  4.977109e-08  1.088116e-07  8.549250e-11  -4.827281619081e+03
5200  2.574482e-07  3.950605e-08  8.636976e-08  6.548362e-11  -4.827281619074e+03
5300  2.043504e-07  3.135809e-08  6.855638e-08  5.184120e-11  -4.827281619068e+03
5400  1.622040e-07  2.489063e-08  5.441695e-08  4.183676e-11  -4.827281619063e+03
5500  1.287507e-07  1.975708e-08  4.319374e-08  3.365130e-11  -4.827281619060e+03
5600  1.021966e-07  1.568228e-08  3.428524e-08  2.637535e-11  -4.827281619057e+03
5700  8.111871e-08  1.244786e-08  2.721405e-08  2.091838e-11  -4.827281619054e+03
5800  6.438810e-08  9.880539e-09  2.160126e-08  1.637090e-11  -4.827281619052e+03
5900  5.110886e-08  7.842748e-09  1.714613e-08  1.455192e-11  -4.827281619051e+03
6000  4.056789e-08  6.225219e-09  1.360983e-08  9.094947e-12  -4.827281619050e+03
6100  3.220071e-08  4.941282e-09  1.080284e-08  7.275958e-12  -4.827281619049e+03
6200  2.555933e-08  3.922159e-09  8.574795e-09  5.456968e-12  -4.827281619048e+03
6300  2.028814e-08  3.113248e-09  6.806307e-09  6.366463e-12  -4.827281619047e+03
6400  1.610378e-08  2.471153e-09  5.402534e-09  1.818989e-12  -4.827281619047e+03
6500  1.278249e-08  1.961492e-09  4.288291e-09  2.728484e-12  -4.827281619047e+03
6600  1.014612e-08  1.556940e-09  3.403846e-09  0.000000e+00  -4.827281619046e+03
6700  8.053250e-09  1.235815e-09  2.701800e-09  3.637979e-12  -4.827281619046e+03
6800  6.392302e-09  9.809339e-10  2.144565e-09  9.094947e-13  -4.827281619046e+03
6900  5.073835e-09  7.786163e-10  1.702252e-09  2.728484e-12  -4.827281619046e+03
7000  4.027493e-09  6.180373e-10  1.351181e-09  9.094947e-13  -4.827281619046e+03
7100  3.196961e-09  4.905765e-10  1.072516e-09  2.728484e-12  -4.827281619045e+03
7200  2.537498e-09  3.893889e-10  8.513026e-10  0.000000e+00  -4.827281619045e+03
7300  2.014264e-09  3.090859e-10  6.757349e-10  1.818989e-12  -4.827281619045e+03
7400  1.598286e-09  2.453097e-10  5.363253e-10  9.094947e-13  -4.827281619045e+03
7500  1.268547e-09  1.947135e-10  4.257077e-10  9.094947e-13  -4.827281619045e+03
7600  1.007726e-09  1.545910e-10  3.379624e-10  0.000000e+00  -4.827281619045e+03
