0  8.142939e+00  2.017636e+00  3.138702e+00  4.993210e+03  -4.993209834269e+03
100  5.023560e-02  7.716677e-02  1.279571e-01  3.886593e-03  -4.997727856166e+03
200  4.398518e-02  4.498561e-02  7.528195e-02  8.520258e-04  -4.997926622730e+03
300  2.720653e-02  2.569004e-02  4.355271e-02  1.841279e-04  -4.997969973518e+03
400  1.616112e-02  1.460594e-02  2.483314e-02  3.697171e-05  -4.997979166203e+03
500  9.577964e-03  8.156552e-03  1.390210e-02  5.036645e-06  -4.997980851623e+03
600  5.720132e-03  4.506275e-03  7.828955e-03  1.205583e-06  -4.997980951717e+03
700  3.453548e-03  2.521572e-03  4.390442e-03  1.866094e-06  -4.997980779740e+03
800  2.110082e-03  1.403207e-03  2.448246e-03  1.480851e-06  -4.997980610151e+03
900  1.304852e-03  7.780470e-04  1.360219e-03  1.031601e-06  -4.997980485424e+03
1000  8.163887e-04  4.304437e-04  7.540358e-04  6.906148e-07  -4.997980400472e+03
1100  5.164405e-04  2.378510e-04  4.175306e-04  4.567682e-07  -4.997980343998e+03
1200  3.300350e-04  1.313850e-04  2.311564e-04  3.014693e-07  -4.997980306701e+03
1300  2.128597e-04  7.260626e-05  1.280611e-04  1.993039e-07  -4.997980282070e+03
1400  1.384126e-04  4.017104e-05  7.105326e-05  1.321559e-07  -4.997980265764e+03
1500  9.064889e-05  2.226853e-05  3.951628e-05  8.791903e-08  -4.997980254935e+03
1600  5.973492e-05  1.237816e-05  2.491286e-05  5.867605e-08  -4.997980247720e+03
1700  3.957114e-05  6.905270e-06  1.694688e-05  3.926834e-08  -4.997980242898e+03
1800  2.633038e-05  4.696789e-06  1.152499e-05  2.634624e-08  -4.997980239667e+03
1900  1.758528e-05  3.198602e-06  7.835934e-06  1.771423e-08  -4.997980237497e+03
2000  1.178099e-05  2.177099e-06  5.326656e-06  1.192984e-08  -4.997980236037e+03
2100  7.912628e-06  1.481163e-06  3.620303e-06  8.046300e-09  -4.997980235053e+03
2200  5.325600e-06  1.007331e-06  2.460216e-06  5.436959e-09  -4.997980234389e+03
2300  3.590538e-06  6.848844e-07  1.671666e-06  3.676178e-09  -4.997980233940e+03
2400  2.424132e-06  4.655457e-07  1.135750e-06  2.488378e-09  -4.997980233636e+03
2500  1.638494e-06  3.163933e-07  7.715783e-07  1.685294e-09  -4.997980233430e+03
2600  1.108492e-06  2.149948e-07  5.241408e-07  1.141416e-09  -4.997980233291e+03
2700  7.504864e-07  1.460754e-07  3.560343e-07  7.721610e-10  -4.997980233197e+03
2800  5.084104e-07  9.923960e-08  2.418334e-07  5.229595e-10  -4.997980233133e+03
2900  3.445839e-07  6.741546e-08  1.642572e-07  3.556124e-10  -4.997980233090e+03
3000  2.336384e-07  4.579387e-08  1.115628e-07  2.410161e-10  -4.997980233060e+03
3100  1.584645e-07  3.110530e-08  7.577121e-08  1.627996e-10  -4.997980233040e+03
3200  1.075047e-07  2.112729e-08  5.146125e-08  1.109584e-10  -4.997980233027e+03
3300  7.294798e-08  1.434962e-08  3.495022e-08  7.548806e-11  -4.997980233017e+03
3400  4.950693e-08  9.745967e-09  2.373631e-08  5.275069e-11  -4.997980233011e+03
3500  3.360313e-08  6.619146e-09  1.612029e-08  3.456080e-11  -4.997980233007e+03
3600  2.281021e-08  4.495407e-09  1.094781e-08  2.182787e-11  -4.997980233004e+03
3700  1.548542e-08  3.053043e-09  7.434988e-09  1.728040e-11  -4.997980233002e+03
3800  1.051409e-08  2.073477e-09  5.049344e-09  1.091394e-11  -4.997980233001e+03
3900  7.138050e-09  1.408134e-09  3.429077e-09  9.094947e-12  -4.997980233000e+03
4000  4.846699e-09  9.563061e-10  2.328759e-09  4.547474e-12  -4.997980232999e+03
4100  3.291302e-09  6.494701e-10  1.581531e-09  5.456968e-12  -4.997980232999e+03
4200  2.235057e-09  4.410796e-10  1.074059e-09  1.818989e-12  -4.997980232999e+03
4300  1.517432e-09  2.995305e-10  7.293874e-10  9.094947e-13  -4.997980232998e+03
4400  1.030271e-09  2.034080e-10  4.953249e-10  1.818989e-12  -4.997980232998e+03
