0  2.161898e+00  1.912254e-01  2.997715e-01  4.188202e+01  5.000000e-03 -4.817691950067e+03
1000  5.255134e-03  1.538711e-03  3.339228e-03  3.139418e+01  5.000000e-03 -4.827297076096e+03
2000  1.028880e-03  2.656266e-04  5.863814e-04  3.138922e+01  5.000000e-03 -4.827297233537e+03
3000  1.717547e-04  4.423072e-05  9.751060e-05  3.138900e+01  5.000000e-03 -4.827297221345e+03
4000  2.844336e-05  7.322223e-06  1.613951e-05  3.138896e+01  5.000000e-03 -4.827297218250e+03
5000  4.704991e-06  1.211144e-06  2.669499e-06  3.138895e+01  5.000000e-03 -4.827297217708e+03
6000  7.781368e-07  2.003035e-07  4.414897e-07  3.138895e+01  5.000000e-03 -4.827297217618e+03
7000  1.286888e-07  3.312622e-08  7.301354e-08  3.138895e+01  5.000000e-03 -4.827297217603e+03
8000  2.128283e-08  5.478418e-09  1.207496e-08  3.138895e+01  5.000000e-03 -4.827297217600e+03
9000  3.520142e-09  9.060407e-10  1.996974e-09  3.138895e+01  5.000000e-03 -4.827297217600e+03
