0  2.161898e+00  1.912254e-01  2.997715e-01  4.817692e+03  -4.817691950067e+03
100  1.921133e-01  2.098147e-01  3.365103e-01  2.944134e-02  -4.825426554551e+03
200  8.897222e-02  1.227796e-01  1.991873e-01  6.161663e-03  -4.826903222729e+03
300  3.959435e-02  6.720144e-02  1.096621e-01  1.296081e-03  -4.827212668424e+03
400  2.121977e-02  3.592396e-02  5.896081e-02  2.771790e-04  -4.827278083894e+03
500  1.378403e-02  1.912984e-02  3.154238e-02  6.206003e-05  -4.827292270463e+03
600  9.577312e-03  1.020484e-02  1.688644e-02  1.564937e-05  -4.827295569600e+03
700  7.044445e-03  5.518323e-03  9.141788e-03  5.034661e-06  -4.827296477361e+03
800  5.886354e-03  3.050112e-03  5.024166e-03  2.225255e-06  -4.827296811572e+03
900  5.745307e-03  1.820571e-03  3.915493e-03  1.245488e-06  -4.827296977597e+03
1000  5.255134e-03  1.538711e-03  3.339228e-03  7.756689e-07  -4.827297076096e+03
1100  4.643346e-03  1.296977e-03  2.833046e-03  4.976018e-07  -4.827297138556e+03
1200  4.021530e-03  1.090883e-03  2.394198e-03  3.176301e-07  -4.827297178608e+03
1300  3.440900e-03  9.160318e-04  2.017450e-03  1.980006e-07  -4.827297203927e+03
1400  2.921676e-03  7.682522e-04  1.696343e-03  1.183707e-07  -4.827297219434e+03
1500  2.468581e-03  6.437128e-04  1.424093e-03  6.587197e-08  -4.827297228435e+03
1600  2.078955e-03  5.396046e-04  1.194141e-03  3.183322e-08  -4.827297233178e+03
1700  1.746972e-03  4.524902e-04  1.000451e-03  1.030276e-08  -4.827297235189e+03
1800  1.465773e-03  3.791040e-04  8.376334e-04  2.827619e-09  -4.827297235499e+03
1900  1.228521e-03  3.174112e-04  7.009687e-04  1.038461e-08  -4.827297234797e+03
2000  1.028880e-03  2.656266e-04  5.863814e-04  1.429635e-08  -4.827297233537e+03
2100  8.611948e-04  2.222069e-04  4.903837e-04  1.588069e-08  -4.827297232012e+03
2200  7.205342e-04  1.858308e-04  4.100094e-04  1.602166e-08  -4.827297230408e+03
2300  6.026539e-04  1.553744e-04  3.427477e-04  1.531407e-08  -4.827297228836e+03
2400  5.039335e-04  1.298865e-04  2.864797e-04  1.413991e-08  -4.827297227362e+03
2500  4.213020e-04  1.085643e-04  2.394221e-04  1.275384e-08  -4.827297226017e+03
2600  3.521651e-04  9.073203e-05  2.000761e-04  1.131411e-08  -4.827297224814e+03
2700  2.943370e-04  7.582185e-05  1.671837e-04  9.913492e-09  -4.827297223754e+03
2800  2.459800e-04  6.335717e-05  1.396905e-04  8.602001e-09  -4.827297222830e+03
2900  2.055506e-04  5.293839e-05  1.167127e-04  7.409653e-09  -4.827297222031e+03
3000  1.717547e-04  4.423072e-05  9.751060e-05  6.347364e-09  -4.827297221345e+03
3100  1.435075e-04  3.695382e-05  8.146501e-05  5.409674e-09  -4.827297220759e+03
3200  1.199004e-04  3.087309e-05  6.805787e-05  4.596586e-09  -4.827297220260e+03
3300  1.001729e-04  2.579221e-05  5.685593e-05  3.892637e-09  -4.827297219836e+03
3400  8.368856e-05  2.154700e-05  4.749686e-05  3.290552e-09  -4.827297219478e+03
3500  6.991506e-05  1.800018e-05  3.967776e-05  2.773049e-09  -4.827297219176e+03
3600  5.840715e-05  1.503696e-05  3.314544e-05  2.334673e-09  -4.827297218922e+03
3700  4.879255e-05  1.256137e-05  2.768826e-05  1.961780e-09  -4.827297218708e+03
3800  4.076002e-05  1.049324e-05  2.312936e-05  1.648004e-09  -4.827297218528e+03
3900  3.404944e-05  8.765525e-06  1.932094e-05  1.384251e-09  -4.827297218377e+03
4000  2.844336e-05  7.322223e-06  1.613951e-05  1.160515e-09  -4.827297218250e+03
4100  2.376009e-05  6.116532e-06  1.348186e-05  9.722498e-10  -4.827297218144e+03
4200  1.984779e-05  5.109344e-06  1.126180e-05  8.130883e-10  -4.827297218055e+03
4300  1.657958e-05  4.267987e-06  9.407275e-06  6.839400e-10  -4.827297217980e+03
4400  1.384946e-05  3.565163e-06  7.858120e-06  5.684342e-10  -4.827297217918e+03
4500  1.156885e-05  2.978066e-06  6.564057e-06  4.756657e-10  -4.827297217866e+03
4600  9.663759e-06  2.487644e-06  5.483087e-06  3.965397e-10  -4.827297217822e+03
4700  8.072363e-06  2.077979e-06  4.580124e-06  3.319656e-10  -4.827297217786e+03
4800  6.743017e-06  1.735774e-06  3.825856e-06  2.792149e-10  -4.827297217755e+03
4900  5.632573e-06  1.449922e-06  3.195799e-06  2.337401e-10  -4.827297217730e+03
5000  4.704991e-06  1.211144e-06  2.669499e-06  1.964509e-10  -4.827297217708e+03
5100  3.930158e-06  1.011687e-06  2.229871e-06  1.673470e-10  -4.827297217690e+03
5200  3.282923e-06  8.450767e-07  1.862643e-06  1.336957e-10  -4.827297217676e+03
5300  2.742275e-06  7.059043e-07  1.555890e-06  1.127773e-10  -4.827297217663e+03
5400  2.290662e-06  5.896514e-07  1.299655e-06  9.549694e-11  -4.827297217653e+03
5500  1.913422e-06  4.925435e-07  1.085619e-06  8.003553e-11  -4.827297217644e+03
5600  1.598307e-06  4.114278e-07  9.068305e-07  6.912160e-11  -4.827297217637e+03
5700  1.335086e-06  3.436707e-07  7.574865e-07  5.547918e-11  -4.827297217631e+03
5800  1.115214e-06  2.870723e-07  6.327374e-07  4.547474e-11  -4.827297217626e+03
5900  9.315522e-07  2.397949e-07  5.285330e-07  3.910827e-11  -4.827297217621e+03
6000  7.781368e-07  2.003035e-07  4.414897e-07  3.365130e-11  -4.827297217618e+03
6100  6.499868e-07  1.673158e-07  3.687814e-07  2.728484e-11  -4.827297217615e+03
6200  5.429414e-07  1.397608e-07  3.080473e-07  2.364686e-11  -4.827297217612e+03
6300  4.535251e-07  1.167438e-07  2.573154e-07  1.637090e-11  -4.827297217610e+03
6400  3.788351e-07  9.751744e-08  2.149384e-07  1.546141e-11  -4.827297217609e+03
6500  3.164450e-07  8.145739e-08  1.795404e-07  1.455192e-11  -4.827297217607e+03
6600  2.643297e-07  6.804224e-08  1.499721e-07  1.273293e-11  -4.827297217606e+03
6700  2.207974e-07  5.683643e-08  1.252733e-07  7.275958e-12  -4.827297217605e+03
6800  1.844348e-07  4.747611e-08  1.046422e-07  7.275958e-12  -4.827297217604e+03
6900  1.540607e-07  3.965734e-08  8.740881e-08  6.366463e-12  -4.827297217603e+03
7000  1.286888e-07  3.312622e-08  7.301354e-08  6.366463e-12  -4.827297217603e+03
7100  1.074948e-07  2.767067e-08  6.098899e-08  3.637979e-12  -4.827297217602e+03
7200  8.979193e-08  2.311364e-08  5.094479e-08  9.094947e-13  -4.827297217602e+03
7300  7.500412e-08  1.930707e-08  4.255473e-08  3.637979e-12  -4.827297217602e+03
7400  6.265159e-08  1.612739e-08  3.554642e-08  2.728484e-12  -4.827297217601e+03
7500  5.233386e-08  1.347141e-08  2.969233e-08  3.637979e-12  -4.827297217601e+03
7600  4.371493e-08  1.125281e-08  2.480232e-08  3.637979e-12  -4.827297217601e+03
7700  3.651498e-08  9.399557e-09  2.071761e-08  0.000000e+00  -4.827297217601e+03
7800  3.050192e-08  7.851587e-09  1.730568e-08  2.728484e-12  -4.827297217601e+03
7900  2.547840e-08  6.558503e-09  1.445561e-08  9.094947e-13  -4.827297217601e+03
8000  2.128283e-08  5.478418e-09  1.207496e-08  9.094947e-13  -4.827297217600e+03
8100  1.777761e-08  4.576170e-09  1.008633e-08  9.094947e-13  -4.827297217600e+03
8200  1.484935e-08  3.822496e-09  8.425191e-09  1.818989e-12  -4.827297217600e+03
8300  1.240424e-08  3.192998e-09  7.037685e-09  2.728484e-12  -4.827297217600e+03
8400  1.036105e-08  2.667126e-09  5.878631e-09  1.818989e-12  -4.827297217600e+03
8500  8.655007e-09  2.227896e-09  4.910504e-09  1.818989e-12  -4.827297217600e+03
8600  7.229283e-09  1.860966e-09  4.101773e-09  9.094947e-13  -4.827297217600e+03
8700  6.039181e-09  1.554513e-09  3.426286e-09  0.000000e+00  -4.827297217600e+03
8800  5.044140e-09  1.298475e-09  2.861984e-09  9.094947e-13  -4.827297217600e+03
8900  4.213448e-09  1.084631e-09  2.390649e-09  9.094947e-13  -4.827297217600e+03
9000  3.520142e-09  9.060407e-10  1.996974e-09  2.728484e-12  -4.827297217600e+03
9100  2.940296e-09  7.568181e-10  1.668086e-09  3.637979e-12  -4.827297217600e+03
9200  2.455673e-09  6.321560e-10  1.393346e-09  9.094947e-13  -4.827297217600e+03
9300  2.051549e-09  5.280653e-10  1.163898e-09  9.094947e-13  -4.827297217600e+03
9400  1.714025e-09  4.411168e-10  9.722361e-10  1.818989e-12  -4.827297217600e+03
9500  1.431271e-09  3.684423e-10  8.120911e-10  9.094947e-13  -4.827297217600e+03
9600  1.195716e-09  3.077725e-10  6.783553e-10  2.728484e-12  -4.827297217600e+03
9700  9.988822e-10  2.570916e-10  5.666448e-10  1.818989e-12  -4.827297217600e+03
