0  1.092763e+01  8.880105e-01  1.359023e+00  5.047652e+01  5.000000e-03 -4.608852958486e+03
0  1.092763e+01  8.880105e-01  1.359023e+00  5.047652e+01  5.000000e-03 -4.608852958486e+03
1000  2.410366e-02  4.300272e-03  8.700808e-03  4.044282e+01  5.000000e-03 -4.617812834774e+03
1000  2.410366e-02  4.300272e-03  8.700808e-03  4.044282e+01  5.000000e-03 -4.617812834774e+03
2000  4.725630e-03  7.989950e-04  1.666536e-03  4.043831e+01  5.000000e-03 -4.617810880626e+03
2000  4.725630e-03  7.989950e-04  1.666536e-03  4.043831e+01  5.000000e-03 -4.617810880626e+03
3000  7.869511e-04  1.319689e-04  2.764901e-04  4.043801e+01  5.000000e-03 -4.617810390087e+03
3000  7.869511e-04  1.319689e-04  2.764901e-04  4.043801e+01  5.000000e-03 -4.617810390087e+03
4000  1.281151e-04  2.145547e-05  4.498407e-05  4.043796e+01  5.000000e-03 -4.617810305308e+03
4000  1.281151e-04  2.145547e-05  4.498407e-05  4.043796e+01  5.000000e-03 -4.617810305308e+03
5000  2.078198e-05  3.479602e-06  7.296269e-06  4.043795e+01  5.000000e-03 -4.617810291424e+03
5000  2.078198e-05  3.479602e-06  7.296269e-06  4.043795e+01  5.000000e-03 -4.617810291424e+03
6000  3.369154e-06  5.640896e-07  1.182844e-06  4.043795e+01  5.000000e-03 -4.617810289169e+03
6000  3.369154e-06  5.640896e-07  1.182844e-06  4.043795e+01  5.000000e-03 -4.617810289169e+03
7000  5.461526e-07  9.144050e-08  1.917429e-07  4.043795e+01  5.000000e-03 -4.617810288804e+03
7000  5.461526e-07  9.144050e-08  1.917429e-07  4.043795e+01  5.000000e-03 -4.617810288804e+03
8000  8.853183e-08  1.482259e-08  3.108174e-08  4.043795e+01  5.000000e-03 -4.617810288744e+03
8000  8.853183e-08  1.482259e-08  3.108174e-08  4.043795e+01  5.000000e-03 -4.617810288744e+03
9000  1.435137e-08  2.402770e-09  5.038399e-09  4.043795e+01  5.000000e-03 -4.617810288735e+03
9000  1.435137e-08  2.402770e-09  5.038399e-09  4.043795e+01  5.000000e-03 -4.617810288735e+03
10000  2.326441e-09  3.894949e-10  8.167347e-10  4.043795e+01  5.000000e-03 -4.617810288733e+03
10000  2.326441e-09  3.894949e-10  8.167347e-10  4.043795e+01  5.000000e-03 -4.617810288733e+03
