0  1.092763e+01  8.880105e-01  1.359023e+00  4.608853e+03  -4.608852958486e+03
100  1.096907e-01  6.294402e-02  1.056061e-01  1.853623e-02  -4.616644507993e+03
200  6.167263e-02  4.046366e-02  7.045621e-02  3.835265e-03  -4.617570177457e+03
300  3.781246e-02  2.529710e-02  4.457972e-02  7.987499e-04  -4.617762017643e+03
400  2.667355e-02  1.484935e-02  2.626994e-02  1.698877e-04  -4.617802231253e+03
500  3.273567e-02  8.174774e-03  1.643888e-02  3.764575e-05  -4.617810907471e+03
600  3.435346e-02  7.069257e-03  1.480000e-02  8.459411e-06  -4.617812855409e+03
700  3.313343e-02  6.391262e-03  1.315677e-02  1.151702e-06  -4.617813256981e+03
800  3.053526e-02  5.672921e-03  1.155412e-02  1.160162e-06  -4.617813236432e+03
900  2.737546e-02  4.965372e-03  1.004222e-02  2.090923e-06  -4.617813067056e+03
1000  2.410366e-02  4.300272e-03  8.700808e-03  2.490790e-06  -4.617812834774e+03
1100  2.095951e-02  3.694376e-03  7.524910e-03  2.614408e-06  -4.617812577718e+03
1200  1.806200e-02  3.154316e-03  6.458791e-03  2.573158e-06  -4.617812317304e+03
1300  1.546084e-02  2.680379e-03  5.511526e-03  2.432767e-06  -4.617812066459e+03
1400  1.316648e-02  2.269181e-03  4.681934e-03  2.237043e-06  -4.617811832748e+03
1500  1.116781e-02  1.915439e-03  3.963073e-03  2.015750e-06  -4.617811620101e+03
1600  9.442568e-03  1.613082e-03  3.345115e-03  1.788677e-06  -4.617811430007e+03
1700  7.963617e-03  1.355927e-03  2.817134e-03  1.568421e-06  -4.617811262356e+03
1800  6.702555e-03  1.138061e-03  2.368165e-03  1.362457e-06  -4.617811116055e+03
1900  5.631786e-03  9.540446e-04  1.987810e-03  1.174727e-06  -4.617810989451e+03
2000  4.725630e-03  7.989950e-04  1.666536e-03  1.006790e-06  -4.617810880626e+03
2100  3.960837e-03  6.686061e-04  1.395813e-03  8.586567e-07  -4.617810787590e+03
2200  3.316757e-03  5.591275e-04  1.168124e-03  7.294184e-07  -4.617810708403e+03
2300  2.775298e-03  4.673224e-04  9.769269e-04  6.176169e-07  -4.617810641246e+03
2400  2.320769e-03  3.904173e-04  8.165772e-04  5.215534e-07  -4.617810584459e+03
2500  1.939669e-03  3.260485e-04  6.822379e-04  4.394642e-07  -4.617810536559e+03
2600  1.620449e-03  2.722098e-04  5.697861e-04  3.696196e-07  -4.617810496234e+03
2700  1.353278e-03  2.272042e-04  4.757219e-04  3.104096e-07  -4.617810462345e+03
2800  1.129819e-03  1.896001e-04  3.970843e-04  2.603610e-07  -4.617810433902e+03
2900  9.430249e-04  1.581926e-04  3.313749e-04  2.181550e-07  -4.617810410057e+03
3000  7.869511e-04  1.319689e-04  2.764901e-04  1.826384e-07  -4.617810390087e+03
3100  6.565952e-04  1.100793e-04  2.306618e-04  1.527906e-07  -4.617810373374e+03
3200  5.477541e-04  9.181138e-05  1.924059e-04  1.277467e-07  -4.617810359396e+03
3300  4.569008e-04  7.656882e-05  1.604786e-04  1.067592e-07  -4.617810347712e+03
3400  3.810791e-04  6.385249e-05  1.338378e-04  8.917959e-08  -4.617810337950e+03
3500  3.178137e-04  5.324502e-05  1.116118e-04  7.446943e-08  -4.617810329797e+03
3600  2.650332e-04  4.439762e-05  9.307127e-05  6.216851e-08  -4.617810322990e+03
3700  2.210054e-04  3.701889e-05  7.760685e-05  5.188758e-08  -4.617810317308e+03
3800  1.842829e-04  3.086546e-05  6.470932e-05  4.329922e-08  -4.617810312566e+03
3900  1.536561e-04  2.573418e-05  5.395341e-05  3.612149e-08  -4.617810308609e+03
4000  1.281151e-04  2.145547e-05  4.498407e-05  3.013520e-08  -4.617810305308e+03
4100  1.068166e-04  1.788783e-05  3.750492e-05  2.513571e-08  -4.617810302554e+03
4200  8.905681e-05  1.491318e-05  3.126867e-05  2.096203e-08  -4.617810300258e+03
4300  7.424843e-05  1.243304e-05  2.606894e-05  1.748322e-08  -4.617810298342e+03
4400  6.190140e-05  1.036525e-05  2.173359e-05  1.457920e-08  -4.617810296745e+03
4500  5.160692e-05  8.641276e-06  1.811901e-05  1.215903e-08  -4.617810295413e+03
4600  4.302397e-05  7.203986e-06  1.510545e-05  1.013723e-08  -4.617810294302e+03
4700  3.586816e-05  6.005721e-06  1.259300e-05  8.451025e-09  -4.617810293376e+03
4800  2.990229e-05  5.006741e-06  1.049837e-05  7.045855e-09  -4.617810292604e+03
4900  2.492854e-05  4.173911e-06  8.752103e-06  5.877155e-09  -4.617810291960e+03
5000  2.078198e-05  3.479602e-06  7.296269e-06  4.899448e-09  -4.617810291424e+03
5100  1.732508e-05  2.900780e-06  6.082577e-06  4.081812e-09  -4.617810290976e+03
5200  1.444315e-05  2.418237e-06  5.070759e-06  3.403329e-09  -4.617810290603e+03
5300  1.204057e-05  2.015960e-06  4.227243e-06  2.838533e-09  -4.617810290292e+03
5400  1.003763e-05  1.680600e-06  3.524038e-06  2.368324e-09  -4.617810290033e+03
5500  8.367860e-06  1.401025e-06  2.937806e-06  1.975422e-09  -4.617810289816e+03
5600  6.975844e-06  1.167958e-06  2.449091e-06  1.642547e-09  -4.617810289636e+03
5700  5.815386e-06  9.736612e-07  2.041673e-06  1.370609e-09  -4.617810289486e+03
5800  4.847969e-06  8.116864e-07  1.702029e-06  1.142325e-09  -4.617810289361e+03
5900  4.041481e-06  6.766566e-07  1.418886e-06  9.504220e-10  -4.617810289256e+03
6000  3.369154e-06  5.640896e-07  1.182844e-06  7.930794e-10  -4.617810289169e+03
6100  2.808672e-06  4.702488e-07  9.860692e-07  6.612026e-10  -4.617810289097e+03
6200  2.341428e-06  3.920190e-07  8.220287e-07  5.538823e-10  -4.617810289036e+03
6300  1.951913e-06  3.268032e-07  6.852774e-07  4.629328e-10  -4.617810288986e+03
6400  1.627196e-06  2.724366e-07  5.712756e-07  3.828973e-10  -4.617810288944e+03
6500  1.356498e-06  2.271143e-07  4.762389e-07  3.192326e-10  -4.617810288909e+03
6600  1.130832e-06  1.893317e-07  3.970122e-07  2.683009e-10  -4.617810288879e+03
6700  9.427083e-07  1.578346e-07  3.309656e-07  2.237357e-10  -4.617810288855e+03
6800  7.858798e-07  1.315773e-07  2.759064e-07  1.864464e-10  -4.617810288835e+03
6900  6.551416e-07  1.096882e-07  2.300067e-07  1.555236e-10  -4.617810288818e+03
7000  5.461526e-07  9.144050e-08  1.917429e-07  1.309672e-10  -4.617810288804e+03
7100  4.552948e-07  7.622848e-08  1.598446e-07  1.091394e-10  -4.617810288792e+03
7200  3.795522e-07  6.354713e-08  1.332529e-07  8.731149e-11  -4.617810288782e+03
7300  3.164099e-07  5.297543e-08  1.110850e-07  7.366907e-11  -4.617810288774e+03
7400  2.637718e-07  4.416244e-08  9.260489e-08  6.275513e-11  -4.617810288767e+03
7500  2.198912e-07  3.681560e-08  7.719919e-08  5.275069e-11  -4.617810288761e+03
7600  1.833097e-07  3.069094e-08  6.435631e-08  4.274625e-11  -4.617810288757e+03
7700  1.528143e-07  2.558519e-08  5.364999e-08  3.728928e-11  -4.617810288753e+03
7800  1.273921e-07  2.132884e-08  4.472478e-08  3.183231e-11  -4.617810288749e+03
7900  1.061994e-07  1.778058e-08  3.728438e-08  2.273737e-11  -4.617810288747e+03
8000  8.853183e-08  1.482259e-08  3.108174e-08  2.091838e-11  -4.617810288744e+03
8100  7.380377e-08  1.235671e-08  2.591099e-08  1.818989e-11  -4.617810288743e+03
8200  6.152633e-08  1.030108e-08  2.160048e-08  1.455192e-11  -4.617810288741e+03
8300  5.129018e-08  8.587358e-09  1.800697e-08  1.182343e-11  -4.617810288740e+03
8400  4.275813e-08  7.158796e-09  1.501138e-08  1.000444e-11  -4.617810288738e+03
8500  3.564470e-08  5.967845e-09  1.251407e-08  8.185452e-12  -4.617810288738e+03
8600  2.971461e-08  4.975024e-09  1.043221e-08  8.185452e-12  -4.617810288737e+03
8700  2.477092e-08  4.147362e-09  8.696681e-09  7.275958e-12  -4.617810288736e+03
8800  2.065052e-08  3.457432e-09  7.249939e-09  6.366463e-12  -4.617810288736e+03
8900  1.721493e-08  2.882244e-09  6.043825e-09  3.637979e-12  -4.617810288735e+03
9000  1.435137e-08  2.402770e-09  5.038399e-09  1.818989e-12  -4.617810288735e+03
9100  1.196372e-08  2.003036e-09  4.200197e-09  2.728484e-12  -4.617810288734e+03
9200  9.973046e-09  1.669790e-09  3.501421e-09  1.818989e-12  -4.617810288734e+03
9300  8.314387e-09  1.392029e-09  2.918962e-09  3.637979e-12  -4.617810288734e+03
9400  6.931059e-09  1.160444e-09  2.433353e-09  1.818989e-12  -4.617810288734e+03
9500  5.778406e-09  9.674150e-10  2.028574e-09  3.637979e-12  -4.617810288734e+03
9600  4.816831e-09  8.064588e-10  1.691075e-09  1.818989e-12  -4.617810288734e+03
9700  4.015324e-09  6.722852e-10  1.409732e-09  0.000000e+00  -4.617810288733e+03
9800  3.347099e-09  5.604316e-10  1.175191e-09  2.728484e-12  -4.617810288733e+03
9900  2.791074e-09  4.672424e-10  9.797507e-10  9.094947e-13  -4.617810288733e+03
10000  2.326441e-09  3.894949e-10  8.167347e-10  2.728484e-12  -4.617810288733e+03
10100  1.939398e-09  3.246953e-10  6.808584e-10  0.000000e+00  -4.617810288733e+03
10200  1.616848e-09  2.706856e-10  5.675996e-10  0.000000e+00  -4.617810288733e+03
10300  1.347847e-09  2.256535e-10  4.731724e-10  0.000000e+00  -4.617810288733e+03
10400  1.123646e-09  1.881155e-10  3.944577e-10  9.094947e-13  -4.617810288733e+03
