0  8.058969e+00  3.022797e-01  4.693807e-01  4.609056e+03  -4.609055540252e+03
100  1.821781e-01  1.437117e-01  2.334265e-01  1.956778e-02  -4.616624708095e+03
200  1.536843e-01  9.381635e-02  1.555764e-01  4.176707e-03  -4.617611406382e+03
300  9.798107e-02  5.574384e-02  9.399273e-02  9.256655e-04  -4.617824694120e+03
400  6.118005e-02  3.153971e-02  5.347484e-02  2.207908e-04  -4.617873128832e+03
500  3.895952e-02  1.720009e-02  2.980304e-02  6.047782e-05  -4.617885254139e+03
600  2.557258e-02  9.316803e-03  1.624312e-02  2.036610e-05  -4.617888851992e+03
700  1.732564e-02  4.923497e-03  8.651804e-03  8.497933e-06  -4.617890182710e+03
800  1.208488e-02  2.535784e-03  5.522418e-03  4.115779e-06  -4.617890779607e+03
900  8.641011e-03  1.871494e-03  4.243092e-03  2.140288e-06  -4.617891079740e+03
1000  6.303488e-03  1.427559e-03  3.261287e-03  1.132223e-06  -4.617891237577e+03
1100  4.670237e-03  1.092197e-03  2.508465e-03  5.880302e-07  -4.617891320600e+03
1200  3.500822e-03  8.376233e-04  1.930974e-03  2.896286e-07  -4.617891362847e+03
1300  2.646896e-03  6.435864e-04  1.487558e-03  1.273211e-07  -4.617891382780e+03
1400  2.013786e-03  4.952049e-04  1.146718e-03  4.137019e-08  -4.617891390705e+03
1500  1.538989e-03  3.814451e-04  8.844540e-04  1.861736e-09  -4.617891392399e+03
1600  1.179901e-03  2.940571e-04  6.824701e-04  2.156685e-08  -4.617891391076e+03
1700  9.066565e-04  2.268272e-04  5.267949e-04  2.865090e-08  -4.617891388488e+03
1800  6.978157e-04  1.750475e-04  4.067391e-04  2.928937e-08  -4.617891385554e+03
1900  5.376952e-04  1.351338e-04  3.141087e-04  2.689467e-08  -4.617891382730e+03
2000  4.146534e-04  1.043475e-04  2.426122e-04  2.332854e-08  -4.617891380216e+03
2100  3.199531e-04  8.059026e-05  1.874122e-04  1.954413e-08  -4.617891378075e+03
2200  2.469831e-04  6.225076e-05  1.447848e-04  1.600893e-08  -4.617891376303e+03
2300  1.907116e-04  4.808981e-05  1.118609e-04  1.291210e-08  -4.617891374862e+03
2400  1.472921e-04  3.715319e-05  8.642843e-05  1.030094e-08  -4.617891373707e+03
2500  1.137755e-04  2.870552e-05  6.678093e-05  8.153620e-09  -4.617891372789e+03
2600  8.789541e-05  2.217964e-05  5.160141e-05  6.417395e-09  -4.617891372064e+03
2700  6.790768e-05  1.713793e-05  3.987316e-05  5.027687e-09  -4.617891371495e+03
2800  5.246833e-05  1.324261e-05  3.081111e-05  3.927198e-09  -4.617891371050e+03
2900  4.054099e-05  1.023287e-05  2.380893e-05  3.058631e-09  -4.617891370703e+03
3000  3.132603e-05  7.907290e-06  1.839826e-05  2.377419e-09  -4.617891370433e+03
3100  2.420619e-05  6.110305e-06  1.421730e-05  1.845365e-09  -4.617891370223e+03
3200  1.870489e-05  4.721738e-06  1.098652e-05  1.431545e-09  -4.617891370060e+03
3300  1.445404e-05  3.648746e-06  8.489943e-06  1.110493e-09  -4.617891369934e+03
3400  1.116934e-05  2.819601e-06  6.560713e-06  8.622010e-10  -4.617891369836e+03
3500  8.631160e-06  2.178880e-06  5.069889e-06  6.648406e-10  -4.617891369761e+03
3600  6.669804e-06  1.683760e-06  3.917840e-06  5.165930e-10  -4.617891369702e+03
3700  5.154170e-06  1.301153e-06  3.027580e-06  4.001777e-10  -4.617891369657e+03
3800  3.982957e-06  1.005488e-06  2.339619e-06  3.074092e-10  -4.617891369622e+03
3900  3.077893e-06  7.770091e-07  1.807986e-06  2.373781e-10  -4.617891369594e+03
4000  2.378495e-06  6.004485e-07  1.397157e-06  1.818989e-10  -4.617891369573e+03
4100  1.838026e-06  4.640083e-07  1.079681e-06  1.427907e-10  -4.617891369557e+03
4200  1.420369e-06  3.585717e-07  8.343456e-07  1.091394e-10  -4.617891369545e+03
4300  1.097618e-06  2.770936e-07  6.447579e-07  8.549250e-11  -4.617891369535e+03
4400  8.482069e-07  2.141298e-07  4.982502e-07  6.457412e-11  -4.617891369528e+03
4500  6.554688e-07  1.654733e-07  3.850333e-07  5.093170e-11  -4.617891369522e+03
4600  5.065271e-07  1.278729e-07  2.975426e-07  3.910827e-11  -4.617891369517e+03
4700  3.914290e-07  9.881649e-08  2.299324e-07  3.001333e-11  -4.617891369514e+03
4800  3.024850e-07  7.636254e-08  1.776852e-07  2.364686e-11  -4.617891369511e+03
4900  2.337515e-07  5.901077e-08  1.373100e-07  1.728040e-11  -4.617891369509e+03
5000  1.806365e-07  4.560184e-08  1.061092e-07  1.364242e-11  -4.617891369508e+03
5100  1.395909e-07  3.523981e-08  8.199820e-08  1.000444e-11  -4.617891369506e+03
5200  1.078720e-07  2.723233e-08  6.336588e-08  1.000444e-11  -4.617891369505e+03
5300  8.336018e-08  2.104435e-08  4.896733e-08  6.366463e-12  -4.617891369505e+03
5400  6.441790e-08  1.626245e-08  3.784053e-08  6.366463e-12  -4.617891369504e+03
5500  4.978072e-08  1.256718e-08  2.924211e-08  3.637979e-12  -4.617891369504e+03
5600  3.846927e-08  9.711568e-09  2.259748e-08  2.728484e-12  -4.617891369503e+03
5700  2.972803e-08  7.504827e-09  1.746269e-08  2.728484e-12  -4.617891369503e+03
5800  2.297252e-08  5.799489e-09  1.349464e-08  1.818989e-12  -4.617891369503e+03
5900  1.775249e-08  4.481678e-09  1.042827e-08  2.728484e-12  -4.617891369503e+03
6000  1.371908e-08  3.463341e-09  8.058702e-09  1.818989e-12  -4.617891369503e+03
6100  1.060144e-08  2.676355e-09  6.227519e-09  2.728484e-12  -4.617891369502e+03
6200  8.192691e-09  2.068223e-09  4.812462e-09  3.637979e-12  -4.617891369502e+03
6300  6.330664e-09  1.598239e-09  3.718906e-09  1.818989e-12  -4.617891369502e+03
6400  4.892475e-09  1.235092e-09  2.873886e-09  3.637979e-12  -4.617891369502e+03
6500  3.781242e-09  9.544733e-10  2.220889e-09  9.094947e-13  -4.617891369502e+03
6600  2.921450e-09  7.375537e-10  1.716200e-09  0.000000e+00  -4.617891369502e+03
6700  2.258070e-09  5.699892e-10  1.326263e-09  9.094947e-13  -4.617891369502e+03
6800  1.745161e-09  4.404828e-10  1.024911e-09  0.000000e+00  -4.617891369502e+03
6900  1.348329e-09  3.403741e-10  7.920020e-10  9.094947e-13  -4.617891369502e+03
7000  1.041878e-09  2.630279e-10  6.120329e-10  0.000000e+00  -4.617891369502e+03
