0  6.330973e-01  7.945662e-02  1.169077e-01  5.312193e+03  -5.312193077155e+03
100  3.447563e-02  3.587708e-02  5.728366e-02  8.199102e-04  -5.312634319730e+03
200  2.498016e-02  1.596037e-02  2.566350e-02  1.696660e-04  -5.312674964624e+03
300  2.191350e-02  7.649726e-03  1.233451e-02  4.023390e-05  -5.312683759047e+03
400  1.945029e-02  4.655170e-03  9.399939e-03  1.226761e-05  -5.312686042718e+03
500  1.627338e-02  3.651955e-03  7.525082e-03  5.050191e-06  -5.312686834102e+03
600  1.318747e-02  2.845673e-03  5.948681e-03  2.568535e-06  -5.312687195449e+03
700  1.048173e-02  2.205235e-03  4.658558e-03  1.441022e-06  -5.312687389028e+03
800  8.227903e-03  1.701943e-03  3.623314e-03  8.381230e-07  -5.312687499792e+03
900  6.405249e-03  1.309620e-03  2.804129e-03  4.934000e-07  -5.312687564645e+03
1000  4.958182e-03  1.005585e-03  2.162318e-03  2.917413e-07  -5.312687602913e+03
1100  3.823009e-03  7.709532e-04  1.663025e-03  1.729431e-07  -5.312687625569e+03
1200  2.939645e-03  5.904181e-04  1.276576e-03  1.027902e-07  -5.312687639014e+03
1300  2.256011e-03  4.518008e-04  9.785601e-04  6.131540e-08  -5.312687647018e+03
1400  1.728967e-03  3.455297e-04  7.493504e-04  3.674904e-08  -5.312687651803e+03
1500  1.323737e-03  2.641454e-04  5.733998e-04  2.216439e-08  -5.312687654678e+03
1600  1.012760e-03  2.018686e-04  4.385224e-04  1.347689e-08  -5.312687656419e+03
1700  7.744375e-04  1.542403e-04  3.352359e-04  8.270035e-09  -5.312687657482e+03
1800  5.919738e-04  1.178301e-04  2.562005e-04  5.142283e-09  -5.312687658138e+03
1900  4.523753e-04  9.000416e-05  1.957554e-04  3.240530e-09  -5.312687658548e+03
2000  3.456267e-04  6.874326e-05  1.495467e-04  2.071829e-09  -5.312687658808e+03
2100  2.640285e-04  5.250118e-05  1.142318e-04  1.346962e-09  -5.312687658976e+03
2200  2.016724e-04  4.009467e-05  8.724857e-05  8.903953e-10  -5.312687659085e+03
2300  1.540304e-04  3.061882e-05  6.663468e-05  6.002665e-10  -5.312687659159e+03
2400  1.176360e-04  2.338182e-05  5.088859e-05  4.156391e-10  -5.312687659209e+03
2500  8.983672e-05  1.785497e-05  3.886191e-05  2.864908e-10  -5.312687659243e+03
2600  6.860454e-05  1.363432e-05  2.967670e-05  2.046363e-10  -5.312687659268e+03
2700  5.238907e-05  1.041125e-05  2.266198e-05  1.491571e-10  -5.312687659285e+03
2800  4.000555e-05  7.950019e-06  1.730506e-05  1.073204e-10  -5.312687659297e+03
2900  3.054875e-05  6.070588e-06  1.321427e-05  7.821654e-11  -5.312687659307e+03
3000  2.332717e-05  4.635443e-06  1.009042e-05  5.729817e-11  -5.312687659313e+03
3100  1.781258e-05  3.539566e-06  7.704996e-06  4.365575e-11  -5.312687659318e+03
3200  1.360157e-05  2.702761e-06  5.883466e-06  3.092282e-11  -5.312687659322e+03
3300  1.038602e-05  2.063784e-06  4.492544e-06  2.364686e-11  -5.312687659325e+03
3400  7.930634e-06  1.575869e-06  3.430443e-06  1.818989e-11  -5.312687659327e+03
3500  6.055713e-06  1.203305e-06  2.619431e-06  1.455192e-11  -5.312687659329e+03
3600  4.624043e-06  9.188203e-07  2.000152e-06  1.000444e-11  -5.312687659330e+03
3700  3.530837e-06  7.015930e-07  1.527280e-06  7.275958e-12  -5.312687659331e+03
3800  2.696082e-06  5.357223e-07  1.166202e-06  1.818989e-12  -5.312687659331e+03
3900  2.058676e-06  4.090665e-07  8.904885e-07  1.818989e-12  -5.312687659332e+03
4000  1.571964e-06  3.123547e-07  6.799591e-07  2.728484e-12  -5.312687659332e+03
4100  1.200320e-06  2.385075e-07  5.192029e-07  2.728484e-12  -5.312687659333e+03
4200  9.165397e-07  1.821193e-07  3.964526e-07  9.094947e-13  -5.312687659333e+03
4300  6.998507e-07  1.390625e-07  3.027229e-07  0.000000e+00  -5.312687659333e+03
4400  5.343913e-07  1.061851e-07  2.311528e-07  1.818989e-12  -5.312687659333e+03
4500  4.080502e-07  8.108072e-08  1.765034e-07  2.728484e-12  -5.312687659333e+03
4600  3.115784e-07  6.191150e-08  1.347743e-07  1.818989e-12  -5.312687659333e+03
4700  2.379145e-07  4.727429e-08  1.029107e-07  1.818989e-12  -5.312687659333e+03
4800  1.816670e-07  3.609766e-08  7.858049e-08  1.818989e-12  -5.312687659334e+03
4900  1.387166e-07  2.756338e-08  6.000235e-08  9.094947e-13  -5.312687659334e+03
5000  1.059214e-07  2.104682e-08  4.581654e-08  9.094947e-13  -5.312687659334e+03
5100  8.087915e-08  1.607089e-08  3.498451e-08  9.094947e-13  -5.312687659334e+03
5200  6.175758e-08  1.227139e-08  2.671342e-08  2.728484e-12  -5.312687659334e+03
5300  4.715714e-08  9.370188e-09  2.039783e-08  9.094947e-13  -5.312687659334e+03
5400  3.600813e-08  7.154871e-09  1.557534e-08  0.000000e+00  -5.312687659334e+03
5500  2.749505e-08  5.463306e-09  1.189299e-08  9.094947e-13  -5.312687659334e+03
5600  2.099456e-08  4.171661e-09  9.081230e-09  1.818989e-12  -5.312687659334e+03
5700  1.603090e-08  3.185386e-09  6.934224e-09  9.094947e-13  -5.312687659334e+03
5800  1.224096e-08  2.432297e-09  5.294832e-09  2.728484e-12  -5.312687659334e+03
5900  9.346976e-09  1.857253e-09  4.043024e-09  9.094947e-13  -5.312687659334e+03
6000  7.136804e-09  1.418140e-09  3.087139e-09  9.094947e-13  -5.312687659334e+03
6100  5.450074e-09  1.082890e-09  2.357317e-09  1.818989e-12  -5.312687659334e+03
6200  4.161205e-09  8.268537e-10  1.799969e-09  0.000000e+00  -5.312687659334e+03
6300  3.177670e-09  6.313812e-10  1.374438e-09  1.818989e-12  -5.312687659334e+03
6400  2.426498e-09  4.821128e-10  1.049497e-09  0.000000e+00  -5.312687659334e+03
6500  1.852461e-09  3.681135e-10  8.013463e-10  9.094947e-13  -5.312687659334e+03
6600  1.414659e-09  2.810921e-10  6.119041e-10  0.000000e+00  -5.312687659334e+03
6700  1.079895e-09  2.146198e-10  4.672125e-10  9.094947e-13  -5.312687659334e+03
