0  2.099950e+01  2.961225e+00  4.605630e+00  5.490304e+03  -5.490304271479e+03
100  2.449712e-01  1.495640e-01  2.659768e-01  5.042075e-04  -5.498526517473e+03
200  2.761697e-01  6.160334e-02  1.265357e-01  1.781753e-04  -5.498557318362e+03
300  1.983469e-01  3.296486e-02  7.029165e-02  6.101057e-05  -5.498568318543e+03
400  1.300044e-01  2.014676e-02  4.133919e-02  1.633371e-05  -5.498571792494e+03
500  8.245005e-02  1.268767e-02  2.483866e-02  1.168528e-06  -5.498572514317e+03
600  5.149693e-02  7.929805e-03  1.506266e-02  2.844819e-06  -5.498572377021e+03
700  3.190374e-02  4.927679e-03  9.176118e-03  3.138354e-06  -5.498572062424e+03
800  1.967365e-02  3.050494e-03  5.603754e-03  2.460180e-06  -5.498571780086e+03
900  1.209840e-02  1.893978e-03  3.426723e-03  1.711888e-06  -5.498571572782e+03
1000  7.427428e-03  1.171955e-03  2.096950e-03  1.126079e-06  -5.498571432752e+03
1100  4.555056e-03  7.233034e-04  1.283668e-03  7.188710e-07  -5.498571342060e+03
1200  2.791660e-03  4.455092e-04  7.859347e-04  4.511985e-07  -5.498571284664e+03
1300  1.710208e-03  2.739785e-04  4.812200e-04  2.803909e-07  -5.498571248822e+03
1400  1.047414e-03  1.682888e-04  2.946461e-04  1.732169e-07  -5.498571226615e+03
1500  6.413751e-04  1.032751e-04  1.804045e-04  1.066255e-07  -5.498571212921e+03
1600  3.926961e-04  6.333343e-05  1.104535e-04  6.549362e-08  -5.498571204501e+03
1700  2.404190e-04  3.881885e-05  6.762350e-05  4.017420e-08  -5.498571199333e+03
1800  1.471838e-04  2.378385e-05  4.140023e-05  2.462457e-08  -5.498571196163e+03
1900  9.010260e-05  1.456785e-05  2.534528e-05  1.508579e-08  -5.498571194222e+03
2000  5.515763e-05  8.921061e-06  1.551610e-05  9.240466e-09  -5.498571193032e+03
2100  3.376510e-05  5.462238e-06  9.498632e-06  5.657057e-09  -5.498571192304e+03
2200  2.066934e-05  3.344082e-06  5.814791e-06  3.461537e-09  -5.498571191858e+03
2300  1.265269e-05  2.047151e-06  3.559615e-06  2.120032e-09  -5.498571191585e+03
2400  7.745292e-06  1.253141e-06  2.179057e-06  1.296939e-09  -5.498571191417e+03
2500  4.741238e-06  7.670693e-07  1.333927e-06  7.921699e-10  -5.498571191315e+03
2600  2.902320e-06  4.695263e-07  8.165701e-07  4.874892e-10  -5.498571191252e+03
2700  1.776637e-06  2.873954e-07  4.998661e-07  2.974048e-10  -5.498571191214e+03
2800  1.087557e-06  1.759127e-07  3.059940e-07  1.791705e-10  -5.498571191191e+03
2900  6.657419e-07  1.076748e-07  1.873145e-07  1.118678e-10  -5.498571191176e+03
3000  4.075294e-07  6.590693e-08  1.146645e-07  7.003109e-11  -5.498571191167e+03
3100  2.494666e-07  4.034130e-08  7.019182e-08  4.092726e-11  -5.498571191162e+03
3200  1.527101e-07  2.469291e-08  4.296788e-08  2.455636e-11  -5.498571191159e+03
3300  9.348056e-08  1.511455e-08  2.630272e-08  1.637090e-11  -5.498571191157e+03
3400  5.722351e-08  9.251684e-09  1.610116e-08  1.273293e-11  -5.498571191155e+03
3500  3.502890e-08  5.663015e-09  9.856286e-09  8.185452e-12  -5.498571191155e+03
3600  2.144338e-08  3.466477e-09  6.033539e-09  1.818989e-12  -5.498571191154e+03
3700  1.312657e-08  2.121902e-09  3.693424e-09  1.818989e-12  -5.498571191154e+03
3800  8.034924e-09  1.298801e-09  2.260898e-09  9.094947e-13  -5.498571191154e+03
3900  4.918176e-09  7.949765e-10  1.383983e-09  1.818989e-12  -5.498571191154e+03
4000  3.011259e-09  4.867031e-10  8.472363e-10  9.094947e-13  -5.498571191154e+03
4100  1.842916e-09  2.978735e-10  5.186108e-10  2.728484e-12  -5.498571191154e+03
4200  1.128364e-09  1.823635e-10  3.174788e-10  9.094947e-13  -5.498571191154e+03
