0  1.822930e-01  6.647887e-02  1.001883e-01  2.626653e+01  5.000000e-03 -4.998603798595e+03
1000  1.095240e-02  2.496097e-03  5.090568e-03  2.362527e+01  5.000000e-03 -4.999912547248e+03
2000  1.832797e-03  4.035805e-04  8.158655e-04  2.362219e+01  5.000000e-03 -4.999912919736e+03
3000  2.813093e-04  6.171536e-05  1.250139e-04  2.362191e+01  5.000000e-03 -4.999912925606e+03
4000  4.273642e-05  9.370598e-06  1.898729e-05  2.362187e+01  5.000000e-03 -4.999912925232e+03
5000  6.482598e-06  1.421287e-06  2.880032e-06  2.362186e+01  5.000000e-03 -4.999912925146e+03
6000  9.831036e-07  2.155394e-07  4.367624e-07  2.362186e+01  5.000000e-03 -4.999912925133e+03
7000  1.490854e-07  3.268596e-08  6.623388e-08  2.362186e+01  5.000000e-03 -4.999912925130e+03
8000  2.260888e-08  4.956748e-09  1.004420e-08  2.362186e+01  5.000000e-03 -4.999912925130e+03
9000  3.428384e-09  7.516648e-10  1.523154e-09  2.362186e+01  5.000000e-03 -4.999912925130e+03
