0  1.822930e-01  6.647887e-02  1.001883e-01  4.998604e+03  -4.998603798595e+03
100  5.481372e-02  6.274033e-02  1.010363e-01  3.909568e-03  -4.999659291369e+03
200  3.452844e-02  3.931797e-02  6.379681e-02  8.259480e-04  -4.999855732660e+03
300  2.365671e-02  2.265663e-02  3.695618e-02  1.825299e-04  -4.999897789322e+03
400  1.836994e-02  1.278260e-02  2.089806e-02  4.591507e-05  -4.999907466527e+03
500  1.943462e-02  7.184628e-03  1.173985e-02  1.528223e-05  -4.999910157044e+03
600  1.855507e-02  4.739869e-03  9.954654e-03  7.272014e-06  -4.999911202824e+03
700  1.682773e-02  4.086199e-03  8.479909e-03  4.415955e-06  -4.999911766371e+03
800  1.481918e-02  3.489713e-03  7.184178e-03  2.965150e-06  -4.999912128293e+03
900  1.281549e-02  2.959248e-03  6.058617e-03  2.051040e-06  -4.999912375583e+03
1000  1.095240e-02  2.496097e-03  5.090568e-03  1.426270e-06  -4.999912547248e+03
1100  9.285405e-03  2.097007e-03  4.264686e-03  9.898031e-07  -4.999912666542e+03
1200  7.828063e-03  1.756370e-03  3.564551e-03  6.841219e-07  -4.999912749178e+03
1300  6.572838e-03  1.467638e-03  2.973939e-03  4.706681e-07  -4.999912806169e+03
1400  5.502475e-03  1.224160e-03  2.477616e-03  3.222540e-07  -4.999912845290e+03
1500  4.596105e-03  1.019637e-03  2.061766e-03  2.195120e-07  -4.999912872011e+03
1600  3.832448e-03  8.483421e-04  1.714149e-03  1.486978e-07  -4.999912890166e+03
1700  3.191411e-03  7.052019e-04  1.424098e-03  1.000963e-07  -4.999912902428e+03
1800  2.654806e-03  5.858006e-04  1.182903e-03  6.688060e-08  -4.999912910654e+03
1900  2.206578e-03  4.863396e-04  9.826709e-04  4.429239e-08  -4.999912916129e+03
2000  1.832797e-03  4.035805e-04  8.158655e-04  2.900379e-08  -4.999912919736e+03
2100  1.521506e-03  3.347794e-04  6.770604e-04  1.871649e-08  -4.999912922083e+03
2200  1.262530e-03  2.776229e-04  5.616581e-04  1.184162e-08  -4.999912923584e+03
2300  1.047258e-03  2.301674e-04  4.657817e-04  7.285962e-09  -4.999912924522e+03
2400  8.684354e-04  1.907847e-04  3.861739e-04  4.293724e-09  -4.999912925089e+03
2500  7.199737e-04  1.581142e-04  3.201054e-04  2.363777e-09  -4.999912925414e+03
2600  5.967735e-04  1.310202e-04  2.652949e-04  1.133230e-09  -4.999912925584e+03
2700  4.945740e-04  1.085566e-04  2.198384e-04  3.738023e-10  -4.999912925656e+03
2800  4.098212e-04  8.993599e-05  1.821494e-04  7.821654e-11  -4.999912925668e+03
2900  3.395543e-04  7.450360e-05  1.509073e-04  3.301466e-10  -4.999912925647e+03
3000  2.813093e-04  6.171536e-05  1.250139e-04  4.556568e-10  -4.999912925606e+03
3100  2.330375e-04  5.111948e-05  1.035566e-04  5.038601e-10  -4.999912925558e+03
3200  1.930369e-04  4.234095e-05  8.577762e-05  5.038601e-10  -4.999912925507e+03
3300  1.598940e-04  3.506865e-05  7.104780e-05  4.756657e-10  -4.999912925458e+03
3400  1.324358e-04  2.904455e-05  5.884523e-05  4.365575e-10  -4.999912925412e+03
3500  1.096890e-04  2.405467e-05  4.873697e-05  3.856258e-10  -4.999912925371e+03
3600  9.084643e-05  1.992165e-05  4.036405e-05  3.401510e-10  -4.999912925335e+03
3700  7.523885e-05  1.649848e-05  3.342889e-05  2.928573e-10  -4.999912925303e+03
3800  6.231142e-05  1.366333e-05  2.768481e-05  2.546585e-10  -4.999912925276e+03
3900  5.160430e-05  1.131525e-05  2.292740e-05  2.164597e-10  -4.999912925252e+03
4000  4.273642e-05  9.370598e-06  1.898729e-05  1.818989e-10  -4.999912925232e+03
4100  3.539202e-05  7.760098e-06  1.572414e-05  1.527951e-10  -4.999912925216e+03
4200  2.930951e-05  6.426348e-06  1.302169e-05  1.282388e-10  -4.999912925201e+03
4300  2.427215e-05  5.321804e-06  1.078362e-05  1.091394e-10  -4.999912925190e+03
4400  2.010042e-05  4.407086e-06  8.930167e-06  9.003998e-11  -4.999912925180e+03
4500  1.664561e-05  3.649578e-06  7.395245e-06  7.730705e-11  -4.999912925171e+03
4600  1.378454e-05  3.022263e-06  6.124122e-06  6.093615e-11  -4.999912925164e+03
4700  1.141519e-05  2.502770e-06  5.071469e-06  5.456968e-11  -4.999912925158e+03
4800  9.453070e-06  2.072567e-06  4.199741e-06  4.092726e-11  -4.999912925154e+03
4900  7.828191e-06  1.716309e-06  3.477846e-06  3.910827e-11  -4.999912925150e+03
5000  6.482598e-06  1.421287e-06  2.880032e-06  3.092282e-11  -4.999912925146e+03
5100  5.368290e-06  1.176976e-06  2.384974e-06  2.455636e-11  -4.999912925144e+03
5200  4.445516e-06  9.746595e-07  1.975011e-06  2.091838e-11  -4.999912925141e+03
5300  3.681357e-06  8.071196e-07  1.635517e-06  1.637090e-11  -4.999912925139e+03
5400  3.048550e-06  6.683787e-07  1.354378e-06  1.455192e-11  -4.999912925138e+03
5500  2.524517e-06  5.534865e-07  1.121566e-06  1.091394e-11  -4.999912925136e+03
5600  2.090561e-06  4.583437e-07  9.287722e-07  9.094947e-12  -4.999912925135e+03
5700  1.731201e-06  3.795556e-07  7.691189e-07  7.275958e-12  -4.999912925134e+03
5800  1.433612e-06  3.143108e-07  6.369092e-07  7.275958e-12  -4.999912925134e+03
5900  1.187178e-06  2.602814e-07  5.274259e-07  4.547474e-12  -4.999912925133e+03
6000  9.831036e-07  2.155394e-07  4.367624e-07  4.547474e-12  -4.999912925133e+03
6100  8.141102e-07  1.784886e-07  3.616838e-07  4.547474e-12  -4.999912925132e+03
6200  6.741663e-07  1.478067e-07  2.995109e-07  4.547474e-12  -4.999912925132e+03
6300  5.582783e-07  1.223989e-07  2.480255e-07  2.728484e-12  -4.999912925131e+03
6400  4.623108e-07  1.013587e-07  2.053902e-07  3.637979e-12  -4.999912925131e+03
6500  3.828406e-07  8.393526e-08  1.700839e-07  2.728484e-12  -4.999912925131e+03
6600  3.170306e-07  6.950688e-08  1.408467e-07  1.818989e-12  -4.999912925131e+03
6700  2.625334e-07  5.755872e-08  1.166353e-07  9.094947e-13  -4.999912925131e+03
6800  2.174045e-07  4.766446e-08  9.658586e-08  0.000000e+00  -4.999912925131e+03
6900  1.800326e-07  3.947097e-08  7.998283e-08  2.728484e-12  -4.999912925131e+03
7000  1.490854e-07  3.268596e-08  6.623388e-08  9.094947e-13  -4.999912925130e+03
7100  1.234578e-07  2.706728e-08  5.484835e-08  0.000000e+00  -4.999912925130e+03
7200  1.022354e-07  2.241444e-08  4.541997e-08  0.000000e+00  -4.999912925130e+03
7300  8.466100e-08  1.856140e-08  3.761230e-08  2.728484e-12  -4.999912925130e+03
7400  7.010806e-08  1.537072e-08  3.114679e-08  9.094947e-13  -4.999912925130e+03
7500  5.805683e-08  1.272853e-08  2.579271e-08  0.000000e+00  -4.999912925130e+03
7600  4.807676e-08  1.054050e-08  2.135896e-08  9.094947e-13  -4.999912925130e+03
7700  3.981227e-08  8.728588e-09  1.768736e-08  9.094947e-13  -4.999912925130e+03
7800  3.296873e-08  7.228160e-09  1.464693e-08  9.094947e-13  -4.999912925130e+03
7900  2.730140e-08  5.985644e-09  1.212914e-08  0.000000e+00  -4.999912925130e+03
8000  2.260888e-08  4.956748e-09  1.004420e-08  0.000000e+00  -4.999912925130e+03
8100  1.872217e-08  4.104672e-09  8.317585e-09  9.094947e-13  -4.999912925130e+03
8200  1.550347e-08  3.399062e-09  6.887767e-09  1.818989e-12  -4.999912925130e+03
8300  1.283875e-08  2.814785e-09  5.703795e-09  2.728484e-12  -4.999912925130e+03
8400  1.063174e-08  2.330923e-09  4.723314e-09  9.094947e-13  -4.999912925130e+03
8500  8.804096e-09  1.930236e-09  3.911376e-09  1.818989e-12  -4.999912925130e+03
8600  7.290612e-09  1.598427e-09  3.239009e-09  0.000000e+00  -4.999912925130e+03
8700  6.037662e-09  1.323675e-09  2.682250e-09  0.000000e+00  -4.999912925130e+03
8800  4.999652e-09  1.096128e-09  2.221160e-09  0.000000e+00  -4.999912925130e+03
8900  4.140321e-09  9.077117e-10  1.839356e-09  9.094947e-13  -4.999912925130e+03
9000  3.428384e-09  7.516648e-10  1.523154e-09  0.000000e+00  -4.999912925130e+03
9100  2.839189e-09  6.224643e-10  1.261339e-09  0.000000e+00  -4.999912925130e+03
9200  2.351166e-09  5.154627e-10  1.044516e-09  0.000000e+00  -4.999912925130e+03
9300  1.946836e-09  4.268457e-10  8.649497e-10  9.094947e-13  -4.999912925130e+03
9400  1.611980e-09  3.534615e-10  7.162508e-10  0.000000e+00  -4.999912925130e+03
9500  1.334743e-09  2.926934e-10  5.931156e-10  9.094947e-13  -4.999912925130e+03
9600  1.105972e-09  2.424141e-10  4.912120e-10  0.000000e+00  -4.999912925130e+03
