0  1.662857e+01  2.181402e+00  3.396656e+00  5.452851e+03  -5.452851180669e+03
100  1.776550e-02  9.558745e-03  1.489414e-02  1.242485e-05  -5.498347447453e+03
200  2.001994e-03  2.812516e-03  5.038877e-03  3.355811e-06  -5.498346790379e+03
300  8.867217e-04  7.463170e-04  1.612182e-03  9.989699e-07  -5.498346595208e+03
400  4.816866e-04  2.755974e-04  5.202006e-04  2.541829e-07  -5.498346540251e+03
500  2.615769e-04  1.211480e-04  2.348142e-04  4.228696e-08  -5.498346527803e+03
600  1.437831e-04  5.573835e-05  1.094697e-04  9.472387e-09  -5.498346526837e+03
700  8.043222e-05  2.621321e-05  5.178670e-05  1.701392e-08  -5.498346528331e+03
800  4.706974e-05  1.326618e-05  2.462202e-05  1.412627e-08  -5.498346529917e+03
900  2.926416e-05  6.826918e-06  1.171825e-05  9.965333e-09  -5.498346531117e+03
1000  1.831757e-05  3.493989e-06  6.846415e-06  6.627488e-09  -5.498346531936e+03
1100  1.152307e-05  1.869324e-06  4.584581e-06  4.298272e-09  -5.498346532473e+03
1200  7.275352e-06  1.191065e-06  3.025102e-06  2.753950e-09  -5.498346532820e+03
1300  4.605695e-06  7.589982e-07  1.976281e-06  1.759872e-09  -5.498346533041e+03
1400  2.921302e-06  4.837158e-07  1.282201e-06  1.115950e-09  -5.498346533182e+03
1500  1.855534e-06  3.083005e-07  8.278497e-07  7.075869e-10  -5.498346533272e+03
1600  1.179793e-06  1.965104e-07  5.326517e-07  4.529284e-10  -5.498346533329e+03
1700  7.507005e-07  1.252618e-07  3.418665e-07  2.874003e-10  -5.498346533365e+03
1800  4.779293e-07  7.984914e-08  2.190238e-07  1.828084e-10  -5.498346533388e+03
1900  3.043917e-07  5.090230e-08  1.401399e-07  1.173248e-10  -5.498346533403e+03
2000  1.939223e-07  3.245017e-08  8.958220e-08  7.275958e-11  -5.498346533413e+03
2100  1.235705e-07  2.068750e-08  5.722459e-08  4.820322e-11  -5.498346533418e+03
2200  7.875338e-08  1.318886e-08  3.653630e-08  3.001333e-11  -5.498346533422e+03
2300  5.019642e-08  8.408452e-09  2.331887e-08  1.818989e-11  -5.498346533425e+03
2400  3.199723e-08  5.360823e-09  1.487899e-08  1.000444e-11  -5.498346533426e+03
2500  2.039760e-08  3.417794e-09  9.491837e-09  8.185452e-12  -5.498346533427e+03
2600  1.300364e-08  2.179041e-09  6.054307e-09  4.547474e-12  -5.498346533428e+03
2700  8.290209e-09  1.389264e-09  3.861271e-09  5.456968e-12  -5.498346533428e+03
2800  5.285369e-09  8.857723e-10  2.462467e-09  9.094947e-13  -5.498346533428e+03
2900  3.369724e-09  5.647315e-10  1.570272e-09  1.818989e-12  -5.498346533429e+03
3000  2.148405e-09  3.600832e-10  1.001341e-09  0.000000e+00  -5.498346533429e+03
3100  1.369755e-09  2.295919e-10  6.385151e-10  9.094947e-13  -5.498346533429e+03
