0  7.161021e+00  1.029800e+00  1.603606e+00  5.493124e+03  -5.493123620520e+03
100  5.575046e-03  9.467023e-04  1.972390e-03  6.166644e-06  -5.499534377842e+03
200  3.269928e-03  5.952232e-04  1.312479e-03  1.342465e-06  -5.499534682498e+03
300  2.135570e-03  4.176073e-04  9.538252e-04  3.644218e-07  -5.499534756408e+03
400  1.436036e-03  2.840422e-04  6.680304e-04  9.340965e-08  -5.499534776556e+03
500  9.708410e-04  1.916326e-04  4.603145e-04  8.675670e-09  -5.499534780811e+03
600  6.560453e-04  1.289455e-04  3.143155e-04  1.563876e-08  -5.499534780174e+03
700  4.425851e-04  8.665531e-05  2.133841e-04  1.936860e-08  -5.499534778331e+03
800  2.980817e-04  5.818743e-05  1.442972e-04  1.672288e-08  -5.499534776503e+03
900  2.004818e-04  3.904831e-05  9.731341e-05  1.279932e-08  -5.499534775028e+03
1000  1.346954e-04  2.619261e-05  6.550242e-05  9.257747e-09  -5.499534773933e+03
1100  9.042455e-05  1.756340e-05  4.403056e-05  6.495611e-09  -5.499534773154e+03
1200  6.066922e-05  1.177416e-05  2.956879e-05  4.481990e-09  -5.499534772611e+03
1300  4.068818e-05  7.891729e-06  1.984339e-05  3.058631e-09  -5.499534772239e+03
1400  2.727955e-05  5.288805e-06  1.331025e-05  2.070919e-09  -5.499534771987e+03
1500  1.828574e-05  3.544068e-06  8.924945e-06  1.398803e-09  -5.499534771815e+03
1600  1.225522e-05  2.374747e-06  5.982976e-06  9.440555e-10  -5.499534771700e+03
1700  8.212630e-06  1.591154e-06  4.010073e-06  6.302798e-10  -5.499534771623e+03
1800  5.503127e-06  1.066086e-06  2.687402e-06  4.220055e-10  -5.499534771570e+03
1900  3.687337e-06  7.142696e-07  1.800835e-06  2.855813e-10  -5.499534771535e+03
2000  2.470581e-06  4.785471e-07  1.206667e-06  1.909939e-10  -5.499534771512e+03
2100  1.655289e-06  3.206138e-07  8.085023e-07  1.264198e-10  -5.499534771496e+03
2200  1.109019e-06  2.148008e-07  5.417026e-07  8.367351e-11  -5.499534771486e+03
2300  7.430172e-07  1.439088e-07  3.629365e-07  5.911716e-11  -5.499534771479e+03
2400  4.977988e-07  9.641321e-08  2.431606e-07  3.819878e-11  -5.499534771474e+03
2500  3.335075e-07  6.459287e-08  1.629111e-07  2.637535e-11  -5.499534771471e+03
2600  2.234381e-07  4.327452e-08  1.091452e-07  1.728040e-11  -5.499534771469e+03
2700  1.496943e-07  2.899204e-08  7.312336e-08  1.091394e-11  -5.499534771467e+03
2800  1.002880e-07  1.942335e-08  4.898974e-08  6.366463e-12  -5.499534771466e+03
2900  6.718887e-08  1.301279e-08  3.282114e-08  4.547474e-12  -5.499534771466e+03
3000  4.501367e-08  8.717986e-09  2.198878e-08  2.728484e-12  -5.499534771465e+03
3100  3.015682e-08  5.840641e-09  1.473151e-08  0.000000e+00  -5.499534771465e+03
3200  2.020391e-08  3.912975e-09  9.869478e-09  2.728484e-12  -5.499534771465e+03
3300  1.353495e-08  2.621479e-09  6.612056e-09  1.818989e-12  -5.499534771465e+03
3400  9.068534e-09  1.756307e-09  4.429835e-09  1.818989e-12  -5.499534771464e+03
3500  6.075418e-09  1.176640e-09  2.967782e-09  2.728484e-12  -5.499534771464e+03
3600  4.070678e-09  7.883152e-10  1.988310e-09  1.818989e-12  -5.499534771464e+03
3700  2.728217e-09  5.281844e-10  1.332152e-09  9.094947e-13  -5.499534771464e+03
3800  1.826316e-09  3.537911e-10  8.923773e-10  9.094947e-13  -5.499534771464e+03
3900  1.223464e-09  2.370203e-10  5.978468e-10  0.000000e+00  -5.499534771464e+03
