0  4.922684e-01  8.587433e-01  1.334883e+00  5.133022e+03  -5.133021664600e+03
100  7.401090e-02  1.240089e-01  2.149505e-01  5.468030e-04  -5.133641004787e+03
200  1.073082e-01  4.857490e-02  9.012024e-02  1.724592e-04  -5.133671435202e+03
300  7.949123e-02  2.243053e-02  4.290703e-02  8.277840e-05  -5.133683381027e+03
400  5.567811e-02  1.182022e-02  2.395673e-02  4.609749e-05  -5.133689580772e+03
500  3.953377e-02  7.730469e-03  1.756931e-02  2.741849e-05  -5.133693153031e+03
600  2.877693e-02  5.965090e-03  1.317369e-02  1.689943e-05  -5.133695316445e+03
700  2.143600e-02  4.637322e-03  1.003595e-02  1.065967e-05  -5.133696665198e+03
800  1.626482e-02  3.625790e-03  7.736585e-03  6.843748e-06  -5.133697523263e+03
900  1.251315e-02  2.847964e-03  6.016973e-03  4.461605e-06  -5.133698078196e+03
1000  9.724508e-03  2.245204e-03  4.710423e-03  2.950695e-06  -5.133698442435e+03
1100  7.612433e-03  1.775104e-03  3.705588e-03  1.979155e-06  -5.133698684933e+03
1200  5.990218e-03  1.406563e-03  2.928794e-03  1.346397e-06  -5.133698848674e+03
1300  4.731401e-03  1.116457e-03  2.328555e-03  9.290852e-07  -5.133698960819e+03
1400  3.747277e-03  8.873597e-04  1.853017e-03  6.503506e-07  -5.133699038732e+03
1500  2.973739e-03  7.059939e-04  1.475652e-03  4.617368e-07  -5.133699093641e+03
1600  2.363333e-03  5.621399e-04  1.175801e-03  3.323912e-07  -5.133699132885e+03
1700  1.880270e-03  4.478709e-04  9.372945e-04  2.424622e-07  -5.133699161316e+03
1800  1.497170e-03  3.569989e-04  7.474292e-04  1.790731e-07  -5.133699182180e+03
1900  1.192867e-03  2.846695e-04  5.961881e-04  1.337758e-07  -5.133699197676e+03
2000  9.508663e-04  2.270597e-04  4.756535e-04  1.009703e-07  -5.133699209311e+03
2100  7.582387e-04  1.811495e-04  3.795528e-04  7.690596e-08  -5.133699218132e+03
2200  6.048056e-04  1.445477e-04  3.029091e-04  5.904712e-08  -5.133699224877e+03
2300  4.825271e-04  1.153575e-04  2.417680e-04  4.564754e-08  -5.133699230074e+03
2400  3.850372e-04  9.207207e-05  1.929843e-04  3.548939e-08  -5.133699234103e+03
2500  3.072860e-04  7.349331e-05  1.540544e-04  2.773049e-08  -5.133699237243e+03
2600  2.452615e-04  5.866750e-05  1.229842e-04  2.175602e-08  -5.133699239701e+03
2700  1.957730e-04  4.683505e-05  9.818455e-05  1.712488e-08  -5.133699241633e+03
2800  1.562807e-04  3.739066e-05  7.838832e-05  1.351418e-08  -5.133699243156e+03
2900  1.247615e-04  2.985177e-05  6.258513e-05  1.068929e-08  -5.133699244359e+03
3000  9.960346e-05  2.383356e-05  4.996894e-05  8.474672e-09  -5.133699245312e+03
3100  7.952116e-05  1.902906e-05  3.989666e-05  6.726623e-09  -5.133699246067e+03
3200  6.348959e-05  1.519333e-05  3.185508e-05  5.343281e-09  -5.133699246667e+03
3300  5.069108e-05  1.213095e-05  2.543464e-05  4.247340e-09  -5.133699247144e+03
3400  4.047324e-05  9.685928e-06  2.030842e-05  3.384230e-09  -5.133699247524e+03
3500  3.231544e-05  7.733775e-06  1.621548e-05  2.694833e-09  -5.133699247826e+03
3600  2.580221e-05  6.175112e-06  1.294749e-05  2.148226e-09  -5.133699248067e+03
3700  2.060191e-05  4.930609e-06  1.033816e-05  1.715307e-09  -5.133699248259e+03
3800  1.644982e-05  3.936934e-06  8.254725e-06  1.364242e-09  -5.133699248412e+03
3900  1.313460e-05  3.143528e-06  6.591179e-06  1.090484e-09  -5.133699248534e+03
4000  1.048757e-05  2.510023e-06  5.262893e-06  8.667485e-10  -5.133699248631e+03
4100  8.374020e-06  2.004191e-06  4.202297e-06  6.948540e-10  -5.133699248709e+03
4200  6.686432e-06  1.600299e-06  3.355440e-06  5.538823e-10  -5.133699248771e+03
4300  5.338950e-06  1.277803e-06  2.679247e-06  4.411049e-10  -5.133699248821e+03
4400  4.263026e-06  1.020298e-06  2.139323e-06  3.528839e-10  -5.133699248860e+03
4500  3.403932e-06  8.146871e-07  1.708207e-06  2.810339e-10  -5.133699248892e+03
4600  2.717966e-06  6.505112e-07  1.363970e-06  2.255547e-10  -5.133699248917e+03
4700  2.170240e-06  5.194204e-07  1.089103e-06  1.773515e-10  -5.133699248937e+03
4800  1.732893e-06  4.147471e-07  8.696284e-07  1.409717e-10  -5.133699248953e+03
4900  1.383681e-06  3.311677e-07  6.943819e-07  1.136868e-10  -5.133699248966e+03
5000  1.104843e-06  2.644312e-07  5.544511e-07  9.094947e-11  -5.133699248976e+03
5100  8.821957e-07  2.111434e-07  4.427189e-07  7.366907e-11  -5.133699248984e+03
5200  7.044167e-07  1.685941e-07  3.535030e-07  5.820766e-11  -5.133699248991e+03
5300  5.624635e-07  1.346193e-07  2.822657e-07  4.456524e-11  -5.133699248996e+03
5400  4.491169e-07  1.074911e-07  2.253840e-07  3.365130e-11  -5.133699249000e+03
5500  3.586115e-07  8.582965e-08  1.799651e-07  3.001333e-11  -5.133699249003e+03
5600  2.863446e-07  6.853342e-08  1.436988e-07  2.455636e-11  -5.133699249006e+03
5700  2.286411e-07  5.472270e-08  1.147409e-07  2.182787e-11  -5.133699249008e+03
5800  1.825659e-07  4.369510e-08  9.161859e-08  1.455192e-11  -5.133699249010e+03
5900  1.457752e-07  3.488973e-08  7.315578e-08  1.455192e-11  -5.133699249011e+03
6000  1.163994e-07  2.785885e-08  5.841360e-08  1.000444e-11  -5.133699249012e+03
6100  9.294287e-08  2.224480e-08  4.664222e-08  8.185452e-12  -5.133699249013e+03
6200  7.421268e-08  1.776204e-08  3.724295e-08  6.366463e-12  -5.133699249014e+03
6300  5.925735e-08  1.418266e-08  2.973782e-08  4.547474e-12  -5.133699249014e+03
6400  4.731625e-08  1.132462e-08  2.374513e-08  4.547474e-12  -5.133699249015e+03
6500  3.778131e-08  9.042515e-09  1.896007e-08  5.456968e-12  -5.133699249015e+03
6600  3.016745e-08  7.220272e-09  1.513927e-08  2.728484e-12  -5.133699249015e+03
6700  2.408847e-08  5.765273e-09  1.208845e-08  2.728484e-12  -5.133699249016e+03
6800  1.923399e-08  4.603457e-09  9.652398e-09  9.094947e-13  -5.133699249016e+03
6900  1.535777e-08  3.675765e-09  7.707254e-09  9.094947e-13  -5.133699249016e+03
7000  1.226320e-08  2.935049e-09  6.154122e-09  4.547474e-12  -5.133699249016e+03
7100  9.791905e-09  2.343583e-09  4.913955e-09  1.818989e-12  -5.133699249016e+03
7200  7.818643e-09  1.871308e-09  3.923705e-09  1.818989e-12  -5.133699249016e+03
7300  6.242969e-09  1.494201e-09  3.133002e-09  2.728484e-12  -5.133699249016e+03
7400  4.984792e-09  1.193088e-09  2.501641e-09  9.094947e-13  -5.133699249016e+03
7500  3.980489e-09  9.526710e-10  1.997528e-09  9.094947e-13  -5.133699249016e+03
7600  3.178163e-09  7.606809e-10  1.594980e-09  9.094947e-13  -5.133699249016e+03
7700  2.537493e-09  6.073760e-10  1.273548e-09  0.000000e+00  -5.133699249016e+03
7800  2.026582e-09  4.850041e-10  1.016931e-09  0.000000e+00  -5.133699249016e+03
7900  1.618412e-09  3.872803e-10  8.120161e-10  9.094947e-13  -5.133699249016e+03
8000  1.292439e-09  3.092451e-10  6.483899e-10  1.818989e-12  -5.133699249016e+03
8100  1.031707e-09  2.469107e-10  5.177099e-10  9.094947e-13  -5.133699249016e+03
