0  1.249814e+00  6.896971e-01  1.071484e+00  5.133002e+03  -5.133002171483e+03
100  8.780457e-02  1.220487e-01  2.120913e-01  8.864964e-04  -5.133873449292e+03
200  1.120120e-01  4.743010e-02  8.858069e-02  2.827805e-04  -5.133923018244e+03
300  8.233594e-02  2.184899e-02  4.217287e-02  1.337902e-04  -5.133942540204e+03
400  5.670639e-02  1.110958e-02  2.497582e-02  7.137435e-05  -5.133952383069e+03
500  3.936288e-02  7.612950e-03  1.783467e-02  4.013767e-05  -5.133957776862e+03
600  2.789156e-02  5.708620e-03  1.298771e-02  2.328088e-05  -5.133960856743e+03
700  2.016370e-02  4.304595e-03  9.592028e-03  1.380617e-05  -5.133962662328e+03
800  1.481885e-02  3.260093e-03  7.159458e-03  8.339481e-06  -5.133963742445e+03
900  1.102898e-02  2.477991e-03  5.386507e-03  5.123793e-06  -5.133964400083e+03
1000  8.285364e-03  1.889068e-03  4.076787e-03  3.201484e-06  -5.133964807305e+03
1100  6.266685e-03  1.443470e-03  3.099181e-03  2.035134e-06  -5.133965063791e+03
1200  4.763116e-03  1.104982e-03  2.363713e-03  1.316957e-06  -5.133965228192e+03
1300  3.633066e-03  8.470459e-04  1.808688e-03  8.679417e-07  -5.133965335492e+03
1400  2.778143e-03  6.500084e-04  1.389566e-03  5.826569e-07  -5.133965406826e+03
1500  2.128278e-03  4.992065e-04  1.068101e-03  3.983059e-07  -5.133965455127e+03
1600  1.632584e-03  3.836241e-04  8.213220e-04  2.770475e-07  -5.133965488421e+03
1700  1.253545e-03  2.949385e-04  6.317482e-04  1.958406e-07  -5.133965511761e+03
1800  9.631841e-04  2.268340e-04  4.860421e-04  1.404724e-07  -5.133965528377e+03
1900  7.404618e-04  1.745016e-04  3.740070e-04  1.020589e-07  -5.133965540370e+03
2000  5.694577e-04  1.342695e-04  2.878352e-04  7.497874e-08  -5.133965549132e+03
2100  4.380695e-04  1.033288e-04  2.215402e-04  5.559104e-08  -5.133965555598e+03
2200  3.370669e-04  7.952706e-05  1.705279e-04  4.154299e-08  -5.133965560410e+03
2300  2.593926e-04  6.121341e-05  1.312696e-04  3.123569e-08  -5.133965564018e+03
2400  1.996413e-04  4.712020e-05  1.010539e-04  2.360775e-08  -5.133965566738e+03
2500  1.536675e-04  3.627352e-05  7.779594e-05  1.791523e-08  -5.133965568797e+03
2600  1.182885e-04  2.792473e-05  5.989252e-05  1.363878e-08  -5.133965570363e+03
2700  9.105958e-05  2.149816e-05  4.611022e-05  1.040735e-08  -5.133965571556e+03
2800  7.010119e-05  1.655096e-05  3.550003e-05  7.959898e-09  -5.133965572467e+03
2900  5.396820e-05  1.274244e-05  2.733162e-05  6.093615e-09  -5.133965573165e+03
3000  4.154897e-05  9.810424e-06  2.104293e-05  4.672984e-09  -5.133965573700e+03
3100  3.198821e-05  7.553136e-06  1.620130e-05  3.587957e-09  -5.133965574110e+03
3200  2.462778e-05  5.815275e-06  1.247372e-05  2.755769e-09  -5.133965574424e+03
3300  1.896117e-05  4.477295e-06  9.603822e-06  2.116394e-09  -5.133965574666e+03
3400  1.459850e-05  3.447174e-06  7.394240e-06  1.627086e-09  -5.133965574852e+03
3500  1.123968e-05  2.654069e-06  5.693037e-06  1.250555e-09  -5.133965574995e+03
3600  8.653690e-06  2.043442e-06  4.383240e-06  9.631549e-10  -5.133965575105e+03
3700  6.662702e-06  1.573307e-06  3.374793e-06  7.412382e-10  -5.133965575190e+03
3800  5.129802e-06  1.211338e-06  2.598362e-06  5.702532e-10  -5.133965575255e+03
3900  3.949587e-06  9.326473e-07  2.000564e-06  4.383764e-10  -5.133965575305e+03
4000  3.040909e-06  7.180755e-07  1.540301e-06  3.365130e-10  -5.133965575344e+03
4100  2.341293e-06  5.528701e-07  1.185929e-06  2.592060e-10  -5.133965575373e+03
4200  1.802637e-06  4.256732e-07  9.130871e-07  2.009983e-10  -5.133965575396e+03
4300  1.387910e-06  3.277402e-07  7.030169e-07  1.537046e-10  -5.133965575414e+03
4400  1.068599e-06  2.523384e-07  5.412769e-07  1.173248e-10  -5.133965575427e+03
4500  8.227505e-07  1.942840e-07  4.167478e-07  9.094947e-11  -5.133965575438e+03
4600  6.334635e-07  1.495859e-07  3.208685e-07  7.185008e-11  -5.133965575446e+03
4700  4.877256e-07  1.151714e-07  2.470478e-07  5.366019e-11  -5.133965575452e+03
4800  3.755164e-07  8.867442e-08  1.902107e-07  4.183676e-11  -5.133965575457e+03
4900  2.891232e-07  6.827352e-08  1.464498e-07  3.001333e-11  -5.133965575460e+03
5000  2.226060e-07  5.256616e-08  1.127568e-07  2.455636e-11  -5.133965575463e+03
5100  1.713919e-07  4.047250e-08  8.681539e-08  1.909939e-11  -5.133965575465e+03
5200  1.319609e-07  3.116121e-08  6.684221e-08  1.182343e-11  -5.133965575467e+03
5300  1.016007e-07  2.399207e-08  5.146411e-08  1.091394e-11  -5.133965575468e+03
5400  7.822660e-08  1.847237e-08  3.962406e-08  8.185452e-12  -5.133965575469e+03
5500  6.022894e-08  1.422250e-08  3.050792e-08  4.547474e-12  -5.133965575470e+03
5600  4.637257e-08  1.095041e-08  2.348913e-08  5.456968e-12  -5.133965575471e+03
5700  3.570391e-08  8.431102e-09  1.808510e-08  1.818989e-12  -5.133965575471e+03
5800  2.748911e-08  6.491369e-09  1.392432e-08  2.728484e-12  -5.133965575471e+03
5900  2.116502e-08  4.997943e-09  1.072083e-08  4.547474e-12  -5.133965575472e+03
6000  1.629590e-08  3.848102e-09  8.254351e-09  1.818989e-12  -5.133965575472e+03
6100  1.254684e-08  2.962791e-09  6.355317e-09  9.094947e-13  -5.133965575472e+03
6200  9.659959e-09  2.281141e-09  4.893165e-09  0.000000e+00  -5.133965575472e+03
6300  7.437663e-09  1.756337e-09  3.767425e-09  9.094947e-13  -5.133965575472e+03
6400  5.726632e-09  1.352270e-09  2.900676e-09  1.818989e-12  -5.133965575472e+03
6500  4.408936e-09  1.041150e-09  2.233323e-09  0.000000e+00  -5.133965575472e+03
6600  3.394851e-09  8.016327e-10  1.719528e-09  9.094947e-13  -5.133965575473e+03
6700  2.613459e-09  6.171857e-10  1.323907e-09  0.000000e+00  -5.133965575473e+03
6800  2.011957e-09  4.751791e-10  1.019307e-09  1.818989e-12  -5.133965575473e+03
6900  1.549643e-09  3.658883e-10  7.848328e-10  2.728484e-12  -5.133965575473e+03
7000  1.193016e-09  2.817045e-10  6.042621e-10  9.094947e-13  -5.133965575473e+03
