0  4.187201e+00  7.877548e-01  1.226295e+00  4.998249e+03  -4.998249423849e+03
100  5.837501e-02  7.765060e-02  1.237510e-01  3.843727e-03  -4.999830277359e+03
200  2.621985e-02  3.753524e-02  6.071164e-02  8.032606e-04  -5.000022817553e+03
300  1.549855e-02  1.951750e-02  3.181175e-02  1.703145e-04  -5.000063243850e+03
400  9.733008e-03  1.028919e-02  1.687938e-02  3.733553e-05  -5.000071905567e+03
500  6.704268e-03  5.424126e-03  8.910544e-03  8.837249e-06  -5.000073852082e+03
600  4.979098e-03  2.871301e-03  4.714745e-03  2.428615e-06  -5.000074337581e+03
700  3.961016e-03  1.538875e-03  2.776349e-03  8.194575e-07  -5.000074482407e+03
800  3.584112e-03  1.016691e-03  2.252905e-03  3.250252e-07  -5.000074535170e+03
900  3.094565e-03  8.319520e-04  1.826424e-03  1.303961e-07  -5.000074556539e+03
1000  2.602418e-03  6.777398e-04  1.478849e-03  3.850255e-08  -5.000074564410e+03
1100  2.154433e-03  5.503121e-04  1.196000e-03  7.915332e-09  -5.000074565654e+03
1200  1.766334e-03  4.457918e-04  9.662714e-04  3.061177e-08  -5.000074563573e+03
1300  1.439277e-03  3.605132e-04  7.800327e-04  4.009962e-08  -5.000074559951e+03
1400  1.168150e-03  2.911956e-04  6.292891e-04  4.222784e-08  -5.000074555789e+03
1500  9.456547e-04  2.350022e-04  5.074299e-04  4.042067e-08  -5.000074551635e+03
1600  7.642349e-04  1.895345e-04  4.090173e-04  3.669720e-08  -5.000074547771e+03
1700  6.169177e-04  1.527952e-04  3.295996e-04  3.223431e-08  -5.000074544323e+03
1800  4.976157e-04  1.231372e-04  2.655466e-04  2.769502e-08  -5.000074541330e+03
1900  4.011742e-04  9.921223e-05  2.139078e-04  2.342313e-08  -5.000074538779e+03
2000  3.233062e-04  7.992178e-05  1.722903e-04  1.959052e-08  -5.000074536635e+03
2100  2.604861e-04  6.437374e-05  1.387573e-04  1.624630e-08  -5.000074534848e+03
2200  2.098342e-04  5.184540e-05  1.117432e-04  1.338776e-08  -5.000074533372e+03
2300  1.690097e-04  4.175226e-05  8.998371e-05  1.097942e-08  -5.000074532158e+03
2400  1.361148e-04  3.362218e-05  7.245846e-05  8.969437e-09  -5.000074531165e+03
2500  1.096147e-04  2.707405e-05  5.834461e-05  7.305061e-09  -5.000074530355e+03
2600  8.826923e-05  2.180051e-05  4.697880e-05  5.933543e-09  -5.000074529696e+03
2700  7.107757e-05  1.755372e-05  3.782639e-05  4.813955e-09  -5.000074529161e+03
2800  5.723248e-05  1.413394e-05  3.045661e-05  3.897185e-09  -5.000074528728e+03
2900  4.608318e-05  1.138022e-05  2.452241e-05  3.155037e-09  -5.000074528377e+03
3000  3.710517e-05  9.162896e-06  1.974426e-05  2.549314e-09  -5.000074528093e+03
3100  2.987585e-05  7.377528e-06  1.589701e-05  2.055458e-09  -5.000074527864e+03
3200  2.405478e-05  5.939991e-06  1.279933e-05  1.659828e-09  -5.000074527679e+03
3300  1.936772e-05  4.782534e-06  1.030522e-05  1.338776e-09  -5.000074527529e+03
3400  1.559382e-05  3.850600e-06  8.297092e-06  1.079570e-09  -5.000074527409e+03
3500  1.255522e-05  3.100252e-06  6.680256e-06  8.722054e-10  -5.000074527312e+03
3600  1.010868e-05  2.496114e-06  5.378477e-06  7.003109e-10  -5.000074527234e+03
3700  8.138842e-06  2.009698e-06  4.330368e-06  5.666152e-10  -5.000074527171e+03
3800  6.552842e-06  1.618066e-06  3.486499e-06  4.556568e-10  -5.000074527120e+03
3900  5.275892e-06  1.302750e-06  2.807074e-06  3.674359e-10  -5.000074527079e+03
4000  4.247773e-06  1.048879e-06  2.260048e-06  2.955858e-10  -5.000074527046e+03
4100  3.419998e-06  8.444801e-07  1.819622e-06  2.391971e-10  -5.000074527019e+03
4200  2.753532e-06  6.799124e-07  1.465023e-06  1.919034e-10  -5.000074526998e+03
4300  2.216940e-06  5.474145e-07  1.179526e-06  1.555236e-10  -5.000074526981e+03
4400  1.784915e-06  4.407368e-07  9.496648e-07  1.227818e-10  -5.000074526967e+03
4500  1.437080e-06  3.548479e-07  7.645979e-07  1.018634e-10  -5.000074526956e+03
4600  1.157028e-06  2.856965e-07  6.155959e-07  8.094503e-11  -5.000074526947e+03
4700  9.315511e-07  2.300211e-07  4.956308e-07  6.366463e-11  -5.000074526940e+03
4800  7.500136e-07  1.851954e-07  3.990439e-07  5.275069e-11  -5.000074526934e+03
4900  6.038536e-07  1.491051e-07  3.212796e-07  4.001777e-11  -5.000074526929e+03
5000  4.861771e-07  1.200480e-07  2.586697e-07  3.456080e-11  -5.000074526925e+03
5100  3.914327e-07  9.665347e-08  2.082609e-07  2.819434e-11  -5.000074526922e+03
5200  3.151513e-07  7.781793e-08  1.676757e-07  2.364686e-11  -5.000074526920e+03
5300  2.537358e-07  6.265303e-08  1.349996e-07  1.546141e-11  -5.000074526918e+03
5400  2.042886e-07  5.044340e-08  1.086913e-07  1.273293e-11  -5.000074526916e+03
5500  1.644777e-07  4.061315e-08  8.750984e-08  1.364242e-11  -5.000074526915e+03
5600  1.324245e-07  3.269857e-08  7.045617e-08  9.094947e-12  -5.000074526914e+03
5700  1.066176e-07  2.632635e-08  5.672586e-08  6.366463e-12  -5.000074526913e+03
5800  8.584030e-08  2.119595e-08  4.567129e-08  5.456968e-12  -5.000074526912e+03
5900  6.911233e-08  1.706536e-08  3.677102e-08  8.185452e-12  -5.000074526912e+03
6000  5.564412e-08  1.373973e-08  2.960521e-08  4.547474e-12  -5.000074526911e+03
6100  4.479972e-08  1.106213e-08  2.383579e-08  1.818989e-12  -5.000074526911e+03
6200  3.606943e-08  8.906384e-09  1.919075e-08  3.637979e-12  -5.000074526911e+03
6300  2.904056e-08  7.170745e-09  1.545092e-08  9.094947e-13  -5.000074526911e+03
6400  2.338126e-08  5.773336e-09  1.243990e-08  2.728484e-12  -5.000074526910e+03
6500  1.882476e-08  4.648241e-09  1.001564e-08  2.728484e-12  -5.000074526910e+03
6600  1.515638e-08  3.742414e-09  8.063831e-09  9.094947e-13  -5.000074526910e+03
6700  1.220249e-08  3.013089e-09  6.492361e-09  1.818989e-12  -5.000074526910e+03
6800  9.824677e-09  2.425915e-09  5.227156e-09  9.094947e-13  -5.000074526910e+03
6900  7.909954e-09  1.953155e-09  4.208500e-09  0.000000e+00  -5.000074526910e+03
7000  6.368475e-09  1.572529e-09  3.388357e-09  9.094947e-13  -5.000074526910e+03
7100  5.127179e-09  1.266065e-09  2.728031e-09  0.000000e+00  -5.000074526910e+03
7200  4.128333e-09  1.019357e-09  2.196420e-09  3.637979e-12  -5.000074526910e+03
7300  3.323190e-09  8.206723e-10  1.768349e-09  9.094947e-13  -5.000074526910e+03
7400  2.676265e-09  6.607813e-10  1.423780e-09  9.094947e-13  -5.000074526910e+03
7500  2.154678e-09  5.320082e-10  1.146316e-09  9.094947e-13  -5.000074526910e+03
7600  1.734299e-09  4.283039e-10  9.228952e-10  0.000000e+00  -5.000074526910e+03
7700  1.396666e-09  3.448576e-10  7.430666e-10  0.000000e+00  -5.000074526910e+03
7800  1.124713e-09  2.776638e-10  5.982699e-10  1.818989e-12  -5.000074526910e+03
