0  1.138965e+00  9.251929e-01  1.440068e+00  4.998759e+03  -4.998758916805e+03
100  5.701517e-02  7.058340e-02  1.143712e-01  3.810506e-03  -5.000013404323e+03
200  3.157137e-02  3.728755e-02  6.097694e-02  7.982804e-04  -5.000204504079e+03
300  1.634934e-02  1.998950e-02  3.305525e-02  1.686081e-04  -5.000244656998e+03
400  8.340884e-03  1.057449e-02  1.755377e-02  3.598911e-05  -5.000253169875e+03
500  4.190724e-03  5.553007e-03  9.375638e-03  7.796428e-06  -5.000254996384e+03
600  2.063999e-03  2.940562e-03  4.977746e-03  1.728815e-06  -5.000255395245e+03
700  9.864495e-04  1.545058e-03  2.620827e-03  3.991363e-07  -5.000255484909e+03
800  4.483482e-04  8.072084e-04  1.371390e-03  9.911855e-08  -5.000255506133e+03
900  2.114568e-04  4.199415e-04  7.142434e-04  2.792967e-08  -5.000255511647e+03
1000  1.315755e-04  2.177859e-04  3.706492e-04  9.507858e-09  -5.000255513318e+03
1100  8.556599e-05  1.126933e-04  1.918116e-04  4.033609e-09  -5.000255513942e+03
1200  5.781257e-05  5.823030e-05  9.905742e-05  2.067281e-09  -5.000255514232e+03
1300  4.027980e-05  3.007079e-05  5.108340e-05  1.214175e-09  -5.000255514390e+03
1400  2.872484e-05  1.553443e-05  2.632313e-05  7.785275e-10  -5.000255514487e+03
1500  2.083233e-05  8.037164e-06  1.367910e-05  5.238689e-10  -5.000255514551e+03
1600  1.670485e-05  4.593451e-06  1.026612e-05  3.665264e-10  -5.000255514595e+03
1700  1.330595e-05  3.462257e-06  7.710621e-06  2.637535e-10  -5.000255514626e+03
1800  1.038614e-05  2.607563e-06  5.793716e-06  1.919034e-10  -5.000255514649e+03
1900  8.004082e-06  1.962740e-06  4.354352e-06  1.382432e-10  -5.000255514665e+03
2000  6.117469e-06  1.476775e-06  3.272953e-06  1.045919e-10  -5.000255514677e+03
2100  4.650086e-06  1.110813e-06  2.460249e-06  7.548806e-11  -5.000255514686e+03
2200  3.521845e-06  8.353698e-07  1.849384e-06  5.911716e-11  -5.000255514693e+03
2300  2.660842e-06  6.281365e-07  1.390198e-06  4.456524e-11  -5.000255514698e+03
2400  2.007026e-06  4.722645e-07  1.045020e-06  3.274181e-11  -5.000255514702e+03
2500  1.512178e-06  3.550467e-07  7.855413e-07  2.455636e-11  -5.000255514705e+03
2600  1.138478e-06  2.669094e-07  5.904869e-07  2.091838e-11  -5.000255514707e+03
2700  8.566909e-07  2.006443e-07  4.438624e-07  1.364242e-11  -5.000255514708e+03
2800  6.444246e-07  1.508269e-07  3.336444e-07  8.185452e-12  -5.000255514710e+03
2900  4.846385e-07  1.133766e-07  2.507940e-07  7.275958e-12  -5.000255514710e+03
3000  3.644125e-07  8.522417e-08  1.885163e-07  8.185452e-12  -5.000255514711e+03
3100  2.739815e-07  6.406167e-08  1.417030e-07  1.818989e-12  -5.000255514712e+03
3200  2.059759e-07  4.815385e-08  1.065144e-07  1.818989e-12  -5.000255514712e+03
3300  1.548424e-07  3.619611e-08  8.006395e-08  4.547474e-12  -5.000255514712e+03
3400  1.163990e-07  2.720770e-08  6.018179e-08  0.000000e+00  -5.000255514712e+03
3500  8.749792e-08  2.045128e-08  4.523689e-08  0.000000e+00  -5.000255514713e+03
3600  6.577143e-08  1.537263e-08  3.400320e-08  1.818989e-12  -5.000255514713e+03
3700  4.943984e-08  1.155518e-08  2.555920e-08  1.818989e-12  -5.000255514713e+03
3800  3.716250e-08  8.685654e-09  1.921204e-08  1.818989e-12  -5.000255514713e+03
3900  2.793448e-08  6.528759e-09  1.444112e-08  9.094947e-13  -5.000255514713e+03
4000  2.099744e-08  4.907459e-09  1.085493e-08  1.818989e-12  -5.000255514713e+03
4100  1.578329e-08  3.688789e-09  8.159319e-09  0.000000e+00  -5.000255514713e+03
4200  1.186394e-08  2.772754e-09  6.133114e-09  1.818989e-12  -5.000255514713e+03
4300  8.917986e-09  2.084205e-09  4.610082e-09  2.728484e-12  -5.000255514713e+03
4400  6.703164e-09  1.566620e-09  3.465243e-09  9.094947e-13  -5.000255514713e+03
4500  5.038652e-09  1.177585e-09  2.604722e-09  3.637979e-12  -5.000255514713e+03
4600  3.786973e-09  8.851287e-10  1.957861e-09  9.094947e-13  -5.000255514713e+03
4700  2.846706e-09  6.653331e-10  1.471672e-09  0.000000e+00  -5.000255514713e+03
4800  2.139684e-09  5.001045e-10  1.106205e-09  9.094947e-13  -5.000255514713e+03
4900  1.608746e-09  3.759368e-10  8.315244e-10  0.000000e+00  -5.000255514713e+03
5000  1.209457e-09  2.825902e-10  6.250410e-10  1.818989e-12  -5.000255514713e+03
