0  7.538190e+00  6.739649e-01  1.046348e+00  5.144643e+03  -5.144643417574e+03
100  1.336381e-02  8.084816e-03  1.231900e-02  1.198269e-05  -5.149182879849e+03
200  1.830336e-03  2.384703e-03  4.162414e-03  1.602036e-06  -5.149182418359e+03
300  1.065169e-03  6.404371e-04  1.330059e-03  3.238556e-07  -5.149182337849e+03
400  6.327513e-04  2.759258e-04  5.167124e-04  8.431016e-10  -5.149182325274e+03
500  3.834196e-04  1.489916e-04  2.564518e-04  7.470771e-08  -5.149182330031e+03
600  2.380565e-04  8.134326e-05  1.402989e-04  7.849485e-08  -5.149182337976e+03
700  1.513300e-04  4.352302e-05  7.507450e-05  6.436312e-08  -5.149182345164e+03
800  9.817723e-05  2.293701e-05  4.929063e-05  4.854701e-08  -5.149182350788e+03
900  6.505208e-05  1.467743e-05  3.405653e-05  3.530477e-08  -5.149182354948e+03
1000  4.486914e-05  1.027592e-05  2.355576e-05  2.521028e-08  -5.149182357944e+03
1100  3.101388e-05  7.170061e-06  1.645731e-05  1.782337e-08  -5.149182360071e+03
1200  2.224834e-05  4.991112e-06  1.157766e-05  1.251919e-08  -5.149182361571e+03
1300  1.583725e-05  3.468546e-06  8.105159e-06  8.759343e-09  -5.149182362622e+03
1400  1.118599e-05  2.407617e-06  5.655085e-06  6.109985e-09  -5.149182363357e+03
1500  7.857341e-06  1.669816e-06  3.936405e-06  4.255526e-09  -5.149182363868e+03
1600  5.497509e-06  1.157441e-06  2.735584e-06  2.958586e-09  -5.149182364225e+03
1700  3.835506e-06  8.019622e-07  1.898901e-06  2.056368e-09  -5.149182364472e+03
1800  2.670446e-06  5.555038e-07  1.317058e-06  1.426997e-09  -5.149182364644e+03
1900  1.856484e-06  3.847119e-07  9.129798e-07  9.895302e-10  -5.149182364763e+03
2000  1.289197e-06  2.663948e-07  6.326213e-07  6.848495e-10  -5.149182364846e+03
2100  8.945309e-07  1.844488e-07  4.382320e-07  4.747562e-10  -5.149182364903e+03
2200  6.203132e-07  1.277022e-07  3.035134e-07  3.301466e-10  -5.149182364943e+03
2300  4.299664e-07  8.841016e-08  2.101797e-07  2.273737e-10  -5.149182364970e+03
2400  2.979312e-07  6.120590e-08  1.455327e-07  1.582521e-10  -5.149182364989e+03
2500  2.063911e-07  4.237167e-08  1.007627e-07  1.064109e-10  -5.149182365003e+03
2600  1.429510e-07  2.933270e-08  6.976176e-08  7.457857e-11  -5.149182365012e+03
2700  9.899816e-08  2.030604e-08  4.829702e-08  5.456968e-11  -5.149182365018e+03
2800  6.855183e-08  1.405707e-08  3.343581e-08  3.547029e-11  -5.149182365023e+03
2900  4.746636e-08  9.731159e-09  2.314712e-08  2.728484e-11  -5.149182365026e+03
3000  3.286387e-08  6.736446e-09  1.602415e-08  1.818989e-11  -5.149182365028e+03
3100  2.275312e-08  4.663354e-09  1.109304e-08  1.091394e-11  -5.149182365029e+03
3200  1.575241e-08  3.228232e-09  7.679329e-09  9.094947e-12  -5.149182365030e+03
3300  1.090563e-08  2.234771e-09  5.316126e-09  4.547474e-12  -5.149182365031e+03
3400  7.550149e-09  1.547046e-09  3.680165e-09  2.728484e-12  -5.149182365031e+03
3500  5.226444e-09  1.070930e-09  2.547597e-09  3.637979e-12  -5.149182365032e+03
3600  3.618231e-09  7.413608e-10  1.763599e-09  3.637979e-12  -5.149182365032e+03
3700  2.504688e-09  5.132059e-10  1.220857e-09  2.728484e-12  -5.149182365032e+03
3800  1.734156e-09  3.552814e-10  8.451642e-10  0.000000e+00  -5.149182365032e+03
3900  1.200362e-09  2.459397e-10  5.850609e-10  9.094947e-13  -5.149182365032e+03
