0  1.587500e+01  1.426541e+00  2.193452e+00  4.994352e+03  -4.994352383476e+03
100  5.877146e-02  4.649539e-02  7.668096e-02  3.950040e-03  -4.999776623618e+03
200  3.624853e-02  2.263895e-02  3.948929e-02  8.182557e-04  -4.999973999794e+03
300  2.434600e-02  1.286772e-02  2.287213e-02  1.671547e-04  -5.000014769664e+03
400  2.375088e-02  7.221301e-03  1.294384e-02  3.121682e-05  -5.000022914769e+03
500  2.114044e-02  3.866058e-03  7.964376e-03  3.003350e-06  -5.000024253092e+03
600  1.775927e-02  2.964472e-03  6.302294e-03  2.483649e-06  -5.000024200140e+03
700  1.440037e-02  2.265900e-03  4.928354e-03  3.135206e-06  -5.000023902712e+03
800  1.141701e-02  1.727668e-03  3.819973e-03  2.784442e-06  -5.000023603845e+03
900  8.918870e-03  1.314631e-03  2.941332e-03  2.277701e-06  -5.000023350893e+03
1000  6.898297e-03  9.987182e-04  2.253665e-03  1.806784e-06  -5.000023147466e+03
1100  5.299168e-03  7.577526e-04  1.720483e-03  1.411206e-06  -5.000022987423e+03
1200  4.051469e-03  5.743574e-04  1.309911e-03  1.091857e-06  -5.000022863032e+03
1300  3.087247e-03  4.350191e-04  9.953398e-04  8.393954e-07  -5.000022767106e+03
1400  2.346973e-03  3.292950e-04  7.552088e-04  6.423961e-07  -5.000022693530e+03
1500  1.781222e-03  2.491576e-04  5.723965e-04  4.900194e-07  -5.000022637315e+03
1600  1.350234e-03  1.884614e-04  4.334958e-04  3.728883e-07  -5.000022594487e+03
1700  1.022651e-03  1.425166e-04  3.281117e-04  2.832521e-07  -5.000022561926e+03
1800  7.740664e-04  1.077533e-04  2.482415e-04  2.148772e-07  -5.000022537209e+03
1900  5.856467e-04  8.145866e-05  1.877551e-04  1.628514e-07  -5.000022518466e+03
2000  4.429485e-04  6.157450e-05  1.419743e-04  1.233302e-07  -5.000022504268e+03
2100  3.349417e-04  4.654066e-05  1.073383e-04  9.335236e-08  -5.000022493517e+03
2200  2.532279e-04  3.517552e-05  8.114207e-05  7.063136e-08  -5.000022485382e+03
2300  1.914256e-04  2.658465e-05  6.133353e-05  5.342645e-08  -5.000022479227e+03
2400  1.446936e-04  2.009132e-05  4.635758e-05  4.039885e-08  -5.000022474573e+03
2500  1.093629e-04  1.518366e-05  3.503662e-05  3.054447e-08  -5.000022471054e+03
2600  8.265506e-05  1.147460e-05  2.647938e-05  2.309116e-08  -5.000022468393e+03
2700  6.246741e-05  8.671475e-06  2.001160e-05  1.745593e-08  -5.000022466381e+03
2800  4.720916e-05  6.553069e-06  1.512332e-05  1.319313e-08  -5.000022464861e+03
2900  3.567719e-05  4.952147e-06  1.142894e-05  9.973519e-09  -5.000022463712e+03
3000  2.696180e-05  3.742314e-06  8.636947e-06  7.536983e-09  -5.000022462843e+03
3100  2.037523e-05  2.828039e-06  6.526960e-06  5.696165e-09  -5.000022462187e+03
3200  1.539759e-05  2.137122e-06  4.932409e-06  4.303729e-09  -5.000022461691e+03
3300  1.163591e-05  1.615000e-06  3.727393e-06  3.253263e-09  -5.000022461316e+03
3400  8.793189e-06  1.220435e-06  2.816761e-06  2.458364e-09  -5.000022461033e+03
3500  6.644938e-06  9.222672e-07  2.128598e-06  1.856279e-09  -5.000022460819e+03
3600  5.021512e-06  6.969448e-07  1.608557e-06  1.403350e-09  -5.000022460657e+03
3700  3.794698e-06  5.266713e-07  1.215567e-06  1.064109e-09  -5.000022460535e+03
3800  2.867606e-06  3.979979e-07  9.185877e-07  8.021743e-10  -5.000022460442e+03
3900  2.167012e-06  3.007612e-07  6.941641e-07  6.075425e-10  -5.000022460372e+03
4000  1.637580e-06  2.272807e-07  5.245699e-07  4.602043e-10  -5.000022460320e+03
4100  1.237497e-06  1.717526e-07  3.964099e-07  3.456080e-10  -5.000022460280e+03
4200  9.351582e-07  1.297909e-07  2.995611e-07  2.619345e-10  -5.000022460250e+03
4300  7.066852e-07  9.808098e-08  2.263739e-07  1.955414e-10  -5.000022460227e+03
4400  5.340315e-07  7.411830e-08  1.710673e-07  1.482476e-10  -5.000022460210e+03
4500  4.035594e-07  5.601006e-08  1.292730e-07  1.118678e-10  -5.000022460197e+03
4600  3.049639e-07  4.232595e-08  9.768962e-08  8.549250e-11  -5.000022460187e+03
4700  2.304566e-07  3.198507e-08  7.382255e-08  6.457412e-11  -5.000022460179e+03
4800  1.741520e-07  2.417060e-08  5.578653e-08  4.820322e-11  -5.000022460174e+03
4900  1.316042e-07  1.826536e-08  4.215704e-08  3.637979e-11  -5.000022460169e+03
5000  9.945080e-08  1.380283e-08  3.185739e-08  3.001333e-11  -5.000022460166e+03
5100  7.515356e-08  1.043059e-08  2.407415e-08  2.273737e-11  -5.000022460164e+03
5200  5.679251e-08  7.882240e-09  1.819247e-08  1.546141e-11  -5.000022460162e+03
5300  4.291734e-08  5.956492e-09  1.374778e-08  1.000444e-11  -5.000022460161e+03
5400  3.243170e-08  4.501219e-09  1.038897e-08  9.094947e-12  -5.000022460160e+03
5500  2.450811e-08  3.401497e-09  7.850777e-09  8.185452e-12  -5.000022460159e+03
5600  1.852022e-08  2.570450e-09  5.932696e-09  7.275958e-12  -5.000022460158e+03
5700  1.399539e-08  1.942448e-09  4.483245e-09  2.728484e-12  -5.000022460158e+03
5800  1.057657e-08  1.467901e-09  3.387954e-09  3.637979e-12  -5.000022460157e+03
5900  7.992293e-09  1.109257e-09  2.560205e-09  4.547474e-12  -5.000022460157e+03
6000  6.039909e-09  8.382589e-10  1.934723e-09  9.094947e-13  -5.000022460157e+03
6100  4.564648e-09  6.334768e-10  1.462066e-09  9.094947e-13  -5.000022460157e+03
6200  3.449516e-09  4.787165e-10  1.104872e-09  1.818989e-12  -5.000022460157e+03
6300  2.606149e-09  3.617307e-10  8.348926e-10  2.728484e-12  -5.000022460157e+03
6400  1.969906e-09  2.733744e-10  6.309460e-10  9.094947e-13  -5.000022460157e+03
6500  1.488215e-09  2.065641e-10  4.767655e-10  1.818989e-12  -5.000022460156e+03
6600  1.124621e-09  1.560993e-10  3.602869e-10  9.094947e-13  -5.000022460156e+03
