0  4.415014e+00  1.235232e+00  1.922147e+00  4.997903e+03  -4.997902695845e+03
100  5.548638e-02  7.234553e-02  1.183216e-01  3.817132e-03  -4.999716075530e+03
200  3.745708e-02  3.958694e-02  6.531829e-02  8.084902e-04  -4.999908392913e+03
300  2.153124e-02  2.174711e-02  3.630092e-02  1.722062e-04  -4.999949202775e+03
400  1.220607e-02  1.176275e-02  1.970770e-02  3.663097e-05  -4.999957901001e+03
500  6.976585e-03  6.300980e-03  1.075089e-02  7.545520e-06  -4.999959736386e+03
600  4.054400e-03  3.405150e-03  5.826956e-03  1.332893e-06  -4.999960099709e+03
700  2.406339e-03  1.825332e-03  3.131942e-03  6.213759e-08  -4.999960152105e+03
800  1.462259e-03  9.728257e-04  1.673521e-03  1.499684e-07  -4.999960144111e+03
900  9.106715e-04  5.162892e-04  8.905016e-04  1.481294e-07  -4.999960128574e+03
1000  5.810223e-04  2.731461e-04  4.724714e-04  1.134722e-07  -4.999960115473e+03
1100  3.791576e-04  1.441795e-04  2.502099e-04  8.190545e-08  -4.999960105784e+03
1200  2.524467e-04  7.598291e-05  1.334123e-04  5.824859e-08  -4.999960098851e+03
1300  1.709898e-04  4.000351e-05  7.260116e-05  4.134108e-08  -4.999960093929e+03
1400  1.174663e-04  2.236518e-05  5.139258e-05  2.939032e-08  -4.999960090433e+03
1500  8.161577e-05  1.613621e-05  3.690208e-05  2.094657e-08  -4.999960087944e+03
1600  5.721107e-05  1.163458e-05  2.651598e-05  1.495937e-08  -4.999960086169e+03
1700  4.037734e-05  8.384903e-06  1.906271e-05  1.070566e-08  -4.999960084900e+03
1800  2.864367e-05  6.040852e-06  1.370939e-05  7.669769e-09  -4.999960083992e+03
1900  2.039817e-05  4.351018e-06  9.861940e-06  5.506990e-09  -4.999960083340e+03
2000  1.456782e-05  3.133321e-06  7.095517e-06  3.951754e-09  -4.999960082872e+03
2100  1.042589e-05  2.256114e-06  5.105752e-06  2.839442e-09  -4.999960082537e+03
2200  7.473155e-06  1.624332e-06  3.674286e-06  2.041816e-09  -4.999960082295e+03
2300  5.362740e-06  1.169385e-06  2.644309e-06  1.467924e-09  -4.999960082122e+03
2400  3.851488e-06  8.418161e-07  1.903135e-06  1.055923e-09  -4.999960081997e+03
2500  2.767782e-06  6.059826e-07  1.369743e-06  7.594281e-10  -4.999960081907e+03
2600  1.989874e-06  4.362052e-07  9.858649e-07  5.475158e-10  -4.999960081842e+03
2700  1.431059e-06  3.139876e-07  7.095802e-07  3.919922e-10  -4.999960081796e+03
2800  1.029414e-06  2.260099e-07  5.107280e-07  2.837623e-10  -4.999960081763e+03
2900  7.406199e-07  1.626814e-07  3.676044e-07  2.046363e-10  -4.999960081738e+03
3000  5.329091e-07  1.170966e-07  2.645901e-07  1.464286e-10  -4.999960081721e+03
3100  3.834864e-07  8.428469e-08  1.904442e-07  1.055014e-10  -4.999960081709e+03
3200  2.759781e-07  6.066680e-08  1.370765e-07  7.457857e-11  -4.999960081700e+03
3300  1.986182e-07  4.366687e-08  9.866405e-08  5.275069e-11  -4.999960081693e+03
3400  1.429478e-07  3.143053e-08  7.101581e-08  3.728928e-11  -4.999960081689e+03
3500  1.028835e-07  2.262303e-08  5.111536e-08  2.819434e-11  -4.999960081685e+03
3600  7.404969e-08  1.628356e-08  3.679157e-08  1.909939e-11  -4.999960081683e+03
3700  5.329746e-08  1.172055e-08  2.648167e-08  1.546141e-11  -4.999960081681e+03
3800  3.836128e-08  8.436181e-09  1.906086e-08  9.094947e-12  -4.999960081680e+03
3900  2.761127e-08  6.072179e-09  1.371956e-08  7.275958e-12  -4.999960081679e+03
4000  1.987386e-08  4.370622e-09  9.875018e-09  6.366463e-12  -4.999960081678e+03
4100  1.430456e-08  3.145868e-09  7.107793e-09  2.728484e-12  -4.999960081678e+03
4200  1.029582e-08  2.264311e-09  5.116004e-09  0.000000e+00  -4.999960081678e+03
4300  7.410674e-09  1.629800e-09  3.682380e-09  2.728484e-12  -4.999960081677e+03
4400  5.333884e-09  1.173084e-09  2.650479e-09  1.818989e-12  -4.999960081677e+03
4500  3.839474e-09  8.443728e-10  1.907773e-09  9.094947e-13  -4.999960081677e+03
4600  2.763222e-09  6.077397e-10  1.373139e-09  9.094947e-13  -4.999960081677e+03
4700  1.989346e-09  4.374623e-10  9.883909e-10  1.818989e-12  -4.999960081677e+03
4800  1.431941e-09  3.148788e-10  7.114254e-10  0.000000e+00  -4.999960081677e+03
4900  1.030544e-09  2.266344e-10  5.120560e-10  0.000000e+00  -4.999960081677e+03
