0  8.042487e+00  7.935903e-01  1.221933e+00  4.997398e+03  -4.997397631355e+03
100  5.693102e-02  4.906943e-02  8.016207e-02  3.926716e-03  -4.999699406392e+03
200  3.676580e-02  3.117778e-02  5.163237e-02  8.268219e-04  -4.999896561087e+03
300  2.556281e-02  1.888974e-02  3.148192e-02  1.795725e-04  -4.999938464365e+03
400  2.495098e-02  1.094654e-02  1.829924e-02  4.228817e-05  -4.999947800112e+03
500  2.435690e-02  6.122168e-03  1.155132e-02  1.181057e-05  -4.999950132429e+03
600  2.211346e-02  4.799827e-03  9.569155e-03  4.194315e-06  -4.999950849957e+03
700  1.928157e-02  3.992087e-03  8.033124e-03  1.792715e-06  -4.999951128560e+03
800  1.640298e-02  3.294735e-03  6.700231e-03  7.861217e-07  -4.999951250846e+03
900  1.373363e-02  2.703267e-03  5.541107e-03  2.740971e-07  -4.999951300964e+03
1000  1.137613e-02  2.208153e-03  4.553366e-03  3.292371e-09  -4.999951312953e+03
1100  9.353610e-03  1.797691e-03  3.723839e-03  1.489752e-07  -4.999951304437e+03
1200  7.650269e-03  1.459828e-03  3.034488e-03  2.166107e-07  -4.999951285631e+03
1300  6.233339e-03  1.183188e-03  2.466025e-03  2.382903e-07  -4.999951262590e+03
1400  5.064664e-03  9.575688e-04  1.999910e-03  2.339784e-07  -4.999951238823e+03
1500  4.106546e-03  7.741027e-04  1.619332e-03  2.160805e-07  -4.999951216253e+03
1600  3.324469e-03  6.252467e-04  1.309583e-03  1.921289e-07  -4.999951195826e+03
1700  2.688130e-03  5.046767e-04  1.058087e-03  1.665749e-07  -4.999951177903e+03
1800  2.171608e-03  4.071445e-04  8.542644e-04  1.418757e-07  -4.999951162507e+03
1900  1.753096e-03  3.283272e-04  6.893116e-04  1.192921e-07  -4.999951149480e+03
2000  1.414462e-03  2.646831e-04  5.559614e-04  9.934774e-08  -4.999951138581e+03
2100  1.140750e-03  2.133222e-04  4.482508e-04  8.213283e-08  -4.999951129538e+03
2200  9.196935e-04  1.718935e-04  3.613074e-04  6.752362e-08  -4.999951122084e+03
2300  7.412762e-04  1.384887e-04  2.911637e-04  5.527545e-08  -4.999951115968e+03
2400  5.973454e-04  1.115616e-04  2.345967e-04  4.509275e-08  -4.999951110971e+03
2500  4.812807e-04  8.986117e-05  1.889933e-04  3.669084e-08  -4.999951106900e+03
2600  3.877158e-04  7.237602e-05  1.522380e-04  2.978777e-08  -4.999951103590e+03
2700  3.123076e-04  5.828943e-05  1.226200e-04  2.414617e-08  -4.999951100906e+03
2800  2.515446e-04  4.694214e-05  9.875721e-05  1.954686e-08  -4.999951098732e+03
2900  2.025899e-04  3.780230e-05  7.953384e-05  1.580429e-08  -4.999951096972e+03
3000  1.631538e-04  3.044104e-05  6.404946e-05  1.276840e-08  -4.999951095550e+03
3100  1.313886e-04  2.451261e-05  5.157786e-05  1.030912e-08  -4.999951094402e+03
3200  1.058043e-04  1.973833e-05  4.153350e-05  8.320967e-09  -4.999951093475e+03
3300  8.519942e-05  1.589366e-05  3.344442e-05  6.709342e-09  -4.999951092727e+03
3400  6.860571e-05  1.279769e-05  2.693027e-05  5.410584e-09  -4.999951092124e+03
3500  5.524285e-05  1.030468e-05  2.168458e-05  4.362846e-09  -4.999951091638e+03
3600  4.448213e-05  8.297245e-06  1.746049e-05  3.515197e-09  -4.999951091246e+03
3700  3.581707e-05  6.680825e-06  1.405909e-05  2.833985e-09  -4.999951090930e+03
3800  2.883968e-05  5.379276e-06  1.132022e-05  2.283741e-09  -4.999951090675e+03
3900  2.322135e-05  4.331274e-06  9.114857e-06  1.840817e-09  -4.999951090470e+03
4000  1.869743e-05  3.487432e-06  7.339096e-06  1.481567e-09  -4.999951090305e+03
4100  1.505478e-05  2.807985e-06  5.909266e-06  1.193257e-09  -4.999951090172e+03
4200  1.212174e-05  2.260907e-06  4.757985e-06  9.595169e-10  -4.999951090065e+03
4300  9.760103e-06  1.820412e-06  3.830994e-06  7.730705e-10  -4.999951089979e+03
4400  7.858554e-06  1.465737e-06  3.084600e-06  6.230039e-10  -4.999951089909e+03
4500  6.327468e-06  1.180163e-06  2.483623e-06  5.038601e-10  -4.999951089853e+03
4600  5.094676e-06  9.502272e-07  1.999732e-06  4.038156e-10  -4.999951089808e+03
4700  4.102066e-06  7.650900e-07  1.610117e-06  3.265086e-10  -4.999951089772e+03
4800  3.302845e-06  6.160236e-07  1.296411e-06  2.610250e-10  -4.999951089743e+03
4900  2.659337e-06  4.960003e-07  1.043825e-06  2.119123e-10  -4.999951089719e+03
5000  2.141205e-06  3.993617e-07  8.404508e-07  1.682565e-10  -4.999951089700e+03
5100  1.724022e-06  3.215516e-07  6.767010e-07  1.364242e-10  -4.999951089685e+03
5200  1.388121e-06  2.589016e-07  5.448553e-07  1.100489e-10  -4.999951089673e+03
5300  1.117665e-06  2.084581e-07  4.386977e-07  8.731149e-11  -4.999951089663e+03
5400  8.999037e-07  1.678429e-07  3.532234e-07  7.185008e-11  -4.999951089655e+03
5500  7.245695e-07  1.351409e-07  2.844026e-07  5.820766e-11  -4.999951089649e+03
5600  5.833964e-07  1.088104e-07  2.289905e-07  4.456524e-11  -4.999951089643e+03
5700  4.697293e-07  8.761014e-08  1.843747e-07  3.819878e-11  -4.999951089639e+03
5800  3.782094e-07  7.054048e-08  1.484517e-07  3.092282e-11  -4.999951089636e+03
5900  3.045198e-07  5.679655e-08  1.195278e-07  2.455636e-11  -4.999951089633e+03
6000  2.451886e-07  4.573050e-08  9.623941e-08  2.000888e-11  -4.999951089631e+03
6100  1.974163e-07  3.682048e-08  7.748837e-08  1.637090e-11  -4.999951089629e+03
6200  1.589526e-07  2.964650e-08  6.239078e-08  1.364242e-11  -4.999951089628e+03
6300  1.279833e-07  2.387029e-08  5.023478e-08  8.185452e-12  -4.999951089627e+03
6400  1.030467e-07  1.921943e-08  4.044713e-08  8.185452e-12  -4.999951089626e+03
6500  8.296934e-08  1.547477e-08  3.256652e-08  8.185452e-12  -4.999951089625e+03
6600  6.680376e-08  1.245971e-08  2.622135e-08  5.456968e-12  -4.999951089625e+03
6700  5.378749e-08  1.003207e-08  2.111242e-08  6.366463e-12  -4.999951089624e+03
6800  4.330835e-08  8.077484e-09  1.699899e-08  2.728484e-12  -4.999951089624e+03
6900  3.487057e-08  6.503706e-09  1.368698e-08  9.094947e-13  -4.999951089623e+03
7000  2.807611e-08  5.236522e-09  1.102021e-08  1.818989e-12  -4.999951089623e+03
7100  2.260565e-08  4.216242e-09  8.873051e-09  0.000000e+00  -4.999951089623e+03
7200  1.820138e-08  3.394769e-09  7.144262e-09  2.728484e-12  -4.999951089623e+03
7300  1.465496e-08  2.733337e-09  5.752286e-09  1.818989e-12  -4.999951089623e+03
7400  1.179980e-08  2.200788e-09  4.631537e-09  9.094947e-13  -4.999951089623e+03
7500  9.500407e-09  1.771976e-09  3.729116e-09  2.728484e-12  -4.999951089622e+03
7600  7.649343e-09  1.426727e-09  3.002542e-09  9.094947e-13  -4.999951089622e+03
7700  6.159209e-09  1.148763e-09  2.417558e-09  0.000000e+00  -4.999951089622e+03
7800  4.958682e-09  9.249136e-10  1.946487e-09  0.000000e+00  -4.999951089622e+03
7900  3.992997e-09  7.447277e-10  1.567272e-09  9.094947e-13  -4.999951089622e+03
8000  3.214739e-09  5.996146e-10  1.261890e-09  0.000000e+00  -4.999951089622e+03
8100  2.588565e-09  4.827959e-10  1.016041e-09  0.000000e+00  -4.999951089622e+03
8200  2.084533e-09  3.887455e-10  8.181020e-10  3.637979e-12  -4.999951089622e+03
8300  1.678274e-09  3.129965e-10  6.586935e-10  1.818989e-12  -4.999951089622e+03
8400  1.351275e-09  2.520130e-10  5.303555e-10  9.094947e-13  -4.999951089622e+03
8500  1.088024e-09  2.029146e-10  4.270266e-10  0.000000e+00  -4.999951089622e+03
