0  1.564766e+01  1.748430e+00  2.705248e+00  5.307598e+03  -5.307598494407e+03
100  5.601550e-02  3.316147e-02  5.371368e-02  1.216792e-03  -5.312791249914e+03
200  4.264161e-02  1.510677e-02  2.510085e-02  2.411539e-04  -5.312850886555e+03
300  3.504602e-02  8.131014e-03  1.423445e-02  4.909676e-05  -5.312862836042e+03
400  2.805610e-02  5.071455e-03  1.093218e-02  9.884415e-06  -5.312865274881e+03
500  2.174549e-02  3.683484e-03  8.197822e-03  1.454344e-06  -5.312865735642e+03
600  1.645319e-02  2.657222e-03  6.059388e-03  4.275926e-07  -5.312865763137e+03
700  1.224146e-02  1.910130e-03  4.435630e-03  7.870112e-07  -5.312865696524e+03
800  9.002118e-03  1.370263e-03  3.225072e-03  7.577319e-07  -5.312865617809e+03
900  6.566070e-03  9.817288e-04  2.333610e-03  6.320006e-07  -5.312865548087e+03
1000  4.761673e-03  7.027879e-04  1.682726e-03  4.963085e-07  -5.312865491815e+03
1100  3.438996e-03  5.028333e-04  1.210361e-03  3.772820e-07  -5.312865448377e+03
1200  2.476452e-03  3.596401e-04  8.690296e-04  2.811621e-07  -5.312865415695e+03
1300  1.779566e-03  2.571620e-04  6.231459e-04  2.068446e-07  -5.312865391500e+03
1400  1.276850e-03  1.838540e-04  4.464134e-04  1.508524e-07  -5.312865373780e+03
1500  9.151471e-04  1.314284e-04  3.195882e-04  1.093604e-07  -5.312865360896e+03
1600  6.553880e-04  9.394435e-05  2.286821e-04  7.894960e-08  -5.312865351575e+03
1700  4.690913e-04  6.714717e-05  1.635765e-04  5.682796e-08  -5.312865344857e+03
1800  3.356109e-04  4.799188e-05  1.169768e-04  4.082176e-08  -5.312865340026e+03
1900  2.400402e-04  3.430013e-05  8.363718e-05  2.928391e-08  -5.312865336558e+03
2000  1.716473e-04  2.451406e-05  5.979191e-05  2.097931e-08  -5.312865334072e+03
2100  1.227216e-04  1.751979e-05  4.274101e-05  1.502030e-08  -5.312865332291e+03
2200  8.773139e-05  1.252098e-05  3.055047e-05  1.074932e-08  -5.312865331016e+03
2300  6.271226e-05  8.948384e-06  2.183585e-05  7.689778e-09  -5.312865330104e+03
2400  4.482531e-05  6.395124e-06  1.560656e-05  5.499714e-09  -5.312865329452e+03
2500  3.203869e-05  4.570375e-06  1.115408e-05  3.931746e-09  -5.312865328986e+03
2600  2.289877e-05  3.266282e-06  7.971726e-06  2.811248e-09  -5.312865328652e+03
2700  1.636588e-05  2.334290e-06  5.697254e-06  2.009983e-09  -5.312865328414e+03
2800  1.169659e-05  1.668228e-06  4.071692e-06  1.436092e-09  -5.312865328244e+03
2900  8.359365e-06  1.192218e-06  2.909922e-06  1.025910e-09  -5.312865328122e+03
3000  5.974252e-06  8.520314e-07  2.079629e-06  7.339622e-10  -5.312865328035e+03
3100  4.269635e-06  6.089132e-07  1.486240e-06  5.256879e-10  -5.312865327972e+03
3200  3.051378e-06  4.351661e-07  1.062162e-06  3.738023e-10  -5.312865327928e+03
3300  2.180719e-06  3.109959e-07  7.590878e-07  2.683009e-10  -5.312865327896e+03
3400  1.558484e-06  2.222564e-07  5.424913e-07  1.900844e-10  -5.312865327873e+03
3500  1.113791e-06  1.588377e-07  3.876976e-07  1.355147e-10  -5.312865327857e+03
3600  7.959850e-07  1.135150e-07  2.770723e-07  9.640644e-11  -5.312865327846e+03
3700  5.688598e-07  8.112458e-08  1.980127e-07  7.003109e-11  -5.312865327837e+03
3800  4.065420e-07  5.797648e-08  1.415118e-07  5.184120e-11  -5.312865327831e+03
3900  2.905399e-07  4.143348e-08  1.011329e-07  3.547029e-11  -5.312865327827e+03
4000  2.076374e-07  2.961084e-08  7.227564e-08  2.273737e-11  -5.312865327824e+03
4100  1.483902e-07  2.116168e-08  5.165251e-08  1.818989e-11  -5.312865327822e+03
4200  1.060486e-07  1.512340e-08  3.691399e-08  1.364242e-11  -5.312865327820e+03
4300  7.578893e-08  1.080810e-08  2.638096e-08  9.094947e-12  -5.312865327819e+03
4400  5.416276e-08  7.724089e-09  1.885338e-08  5.456968e-12  -5.312865327819e+03
4500  3.870846e-08  5.520119e-09  1.347379e-08  3.637979e-12  -5.312865327818e+03
4600  2.766328e-08  3.945002e-09  9.629166e-09  3.637979e-12  -5.312865327818e+03
4700  1.976983e-08  2.819335e-09  6.881580e-09  1.818989e-12  -5.312865327817e+03
4800  1.412831e-08  2.014848e-09  4.917962e-09  3.637979e-12  -5.312865327817e+03
4900  1.009729e-08  1.439945e-09  3.514693e-09  3.637979e-12  -5.312865327817e+03
5000  7.215829e-09  1.029060e-09  2.511792e-09  1.818989e-12  -5.312865327817e+03
5100  5.157113e-09  7.354384e-10  1.795093e-09  2.728484e-12  -5.312865327817e+03
5200  3.685484e-09  5.255836e-10  1.282874e-09  0.000000e+00  -5.312865327817e+03
5300  2.633761e-09  3.756090e-10  9.168120e-10  9.094947e-13  -5.312865327817e+03
5400  1.882584e-09  2.684474e-10  6.552311e-10  1.818989e-12  -5.312865327817e+03
5500  1.345460e-09  1.918516e-10  4.682720e-10  9.094947e-13  -5.312865327817e+03
