0  1.424553e+01  1.167524e+00  1.806415e+00  5.116855e+03  -5.116854847855e+03
100  3.429030e-02  2.197635e-02  3.376126e-02  2.410737e-04  -5.143523902083e+03
200  2.338147e-03  6.444245e-03  1.151086e-02  4.642348e-05  -5.143513018852e+03
300  2.391941e-03  1.736364e-03  3.761427e-03  1.489073e-05  -5.143510322810e+03
400  1.765174e-03  6.870315e-04  1.382623e-03  5.890931e-06  -5.143509370204e+03
500  1.096245e-03  3.380215e-04  6.966471e-04  2.704282e-06  -5.143508966875e+03
600  6.548469e-04  1.953692e-04  3.637977e-04  1.387731e-06  -5.143508771717e+03
700  3.887857e-04  1.120815e-04  2.059413e-04  7.686522e-07  -5.143508667765e+03
800  2.317953e-04  6.393103e-05  1.178112e-04  4.468211e-07  -5.143508608783e+03
900  1.392291e-04  3.636554e-05  6.722316e-05  2.674769e-07  -5.143508573987e+03
1000  8.430346e-05  2.066890e-05  3.832978e-05  1.629951e-07  -5.143508552969e+03
1100  5.143472e-05  1.175276e-05  2.186566e-05  1.004437e-07  -5.143508540090e+03
1200  3.159372e-05  6.691503e-06  1.253923e-05  6.235405e-08  -5.143508532124e+03
1300  1.951984e-05  3.817097e-06  7.896954e-06  3.890636e-08  -5.143508527166e+03
1400  1.211986e-05  2.182589e-06  4.989685e-06  2.436991e-08  -5.143508524067e+03
1500  7.556496e-06  1.251432e-06  3.160435e-06  1.530771e-08  -5.143508522123e+03
1600  4.727674e-06  7.254125e-07  2.005418e-06  9.636096e-09  -5.143508520901e+03
1700  2.966391e-06  4.626953e-07  1.274208e-06  6.077244e-09  -5.143508520130e+03
1800  1.865753e-06  2.951549e-07  8.103984e-07  3.838068e-09  -5.143508519644e+03
1900  1.175851e-06  1.882898e-07  5.157808e-07  2.428351e-09  -5.143508519337e+03
2000  7.423010e-07  1.201181e-07  3.284397e-07  1.537956e-09  -5.143508519142e+03
2100  4.692682e-07  7.662751e-08  2.092221e-07  9.767973e-10  -5.143508519019e+03
2200  2.970151e-07  4.888188e-08  1.333138e-07  6.193659e-10  -5.143508518941e+03
2300  1.881795e-07  3.118127e-08  8.496207e-08  3.901732e-10  -5.143508518891e+03
2400  1.193259e-07  1.988931e-08  5.415424e-08  2.501110e-10  -5.143508518860e+03
2500  7.572087e-08  1.268604e-08  3.452076e-08  1.573426e-10  -5.143508518840e+03
2600  4.807968e-08  8.091161e-09  2.200669e-08  1.018634e-10  -5.143508518827e+03
2700  3.054526e-08  5.160332e-09  1.402969e-08  6.184564e-11  -5.143508518819e+03
2800  1.941410e-08  3.290966e-09  8.944403e-09  4.183676e-11  -5.143508518814e+03
2900  1.234400e-08  2.098699e-09  5.702438e-09  2.637535e-11  -5.143508518810e+03
3000  7.851623e-09  1.338341e-09  3.635602e-09  1.546141e-11  -5.143508518808e+03
3100  4.995409e-09  8.534197e-10  2.317874e-09  1.091394e-11  -5.143508518807e+03
3200  3.179148e-09  5.441909e-10  1.477769e-09  7.275958e-12  -5.143508518806e+03
3300  2.023708e-09  3.469988e-10  9.421537e-10  4.547474e-12  -5.143508518806e+03
3400  1.288371e-09  2.212509e-10  6.006626e-10  9.094947e-13  -5.143508518805e+03
