0  2.451038e+00  2.482761e-01  3.857647e-01  5.149455e+03  -5.149455336858e+03
100  4.062643e-03  2.728301e-03  4.540059e-03  7.621516e-06  -5.149582983668e+03
200  3.828965e-03  1.372313e-03  2.722031e-03  1.810210e-06  -5.149583379107e+03
300  3.826894e-03  9.870975e-04  2.021989e-03  5.402617e-07  -5.149583481150e+03
400  3.269167e-03  7.745175e-04  1.593819e-03  2.177494e-07  -5.149583515625e+03
500  2.699945e-03  6.202026e-04  1.276262e-03  1.116787e-07  -5.149583531224e+03
600  2.202908e-03  4.987651e-04  1.026317e-03  6.459140e-08  -5.149583539750e+03
700  1.786703e-03  4.013165e-04  8.260794e-04  3.893638e-08  -5.149583544797e+03
800  1.444106e-03  3.228013e-04  6.648240e-04  2.361139e-08  -5.149583547854e+03
900  1.164610e-03  2.595253e-04  5.348125e-04  1.417629e-08  -5.149583549702e+03
1000  9.378141e-04  2.085630e-04  4.300171e-04  8.337338e-09  -5.149583550801e+03
1100  7.544153e-04  1.675487e-04  3.456046e-04  4.739377e-09  -5.149583551438e+03
1200  6.064521e-04  1.345625e-04  2.776611e-04  2.548404e-09  -5.149583551792e+03
1300  4.872659e-04  1.080473e-04  2.230101e-04  1.237822e-09  -5.149583551975e+03
1400  3.913650e-04  8.674264e-05  1.790753e-04  4.729372e-10  -5.149583552057e+03
1500  3.142591e-04  6.963017e-05  1.437712e-04  4.456524e-11  -5.149583552080e+03
1600  2.522982e-04  5.588836e-05  1.154118e-04  1.809894e-10  -5.149583552072e+03
1700  2.025267e-04  4.485535e-05  9.263710e-05  2.846718e-10  -5.149583552048e+03
1800  1.625576e-04  3.599842e-05  7.435090e-05  3.155947e-10  -5.149583552018e+03
1900  1.304670e-04  2.888913e-05  5.967083e-05  3.110472e-10  -5.149583551986e+03
2000  1.047056e-04  2.318310e-05  4.788709e-05  2.874003e-10  -5.149583551956e+03
2100  8.402742e-05  1.860364e-05  3.842906e-05  2.537490e-10  -5.149583551929e+03
2200  6.743079e-05  1.492850e-05  3.083823e-05  2.200977e-10  -5.149583551905e+03
2300  5.411089e-05  1.197920e-05  2.474629e-05  1.837179e-10  -5.149583551885e+03
2400  4.342131e-05  9.612452e-06  1.985747e-05  1.555236e-10  -5.149583551868e+03
2500  3.484293e-05  7.713238e-06  1.593426e-05  1.300577e-10  -5.149583551854e+03
2600  2.795898e-05  6.189223e-06  1.278603e-05  1.064109e-10  -5.149583551842e+03
2700  2.243489e-05  4.966302e-06  1.025974e-05  8.913048e-11  -5.149583551832e+03
2800  1.800212e-05  3.984998e-06  8.232546e-06  7.003109e-11  -5.149583551825e+03
2900  1.444510e-05  3.197581e-06  6.605867e-06  5.547918e-11  -5.149583551818e+03
3000  1.159086e-05  2.565746e-06  5.300585e-06  4.638423e-11  -5.149583551813e+03
3100  9.300565e-06  2.058756e-06  4.253206e-06  3.819878e-11  -5.149583551809e+03
3200  7.462797e-06  1.651944e-06  3.412778e-06  3.001333e-11  -5.149583551805e+03
3300  5.988154e-06  1.325517e-06  2.738412e-06  2.455636e-11  -5.149583551803e+03
3400  4.804890e-06  1.063591e-06  2.197297e-06  1.818989e-11  -5.149583551800e+03
3500  3.855434e-06  8.534213e-07  1.763105e-06  1.728040e-11  -5.149583551799e+03
3600  3.093590e-06  6.847816e-07  1.414710e-06  1.091394e-11  -5.149583551797e+03
3700  2.482285e-06  5.494655e-07  1.135157e-06  1.091394e-11  -5.149583551796e+03
3800  1.991775e-06  4.408883e-07  9.108451e-07  8.185452e-12  -5.149583551795e+03
3900  1.598191e-06  3.537664e-07  7.308576e-07  8.185452e-12  -5.149583551794e+03
4000  1.282380e-06  2.838601e-07  5.864362e-07  5.456968e-12  -5.149583551794e+03
4100  1.028975e-06  2.277677e-07  4.705532e-07  3.637979e-12  -5.149583551793e+03
4200  8.256437e-07  1.827595e-07  3.775692e-07  2.728484e-12  -5.149583551793e+03
4300  6.624917e-07  1.466451e-07  3.029592e-07  3.637979e-12  -5.149583551793e+03
4400  5.315795e-07  1.176671e-07  2.430927e-07  9.094947e-13  -5.149583551792e+03
4500  4.265363e-07  9.441534e-08  1.950561e-07  1.818989e-12  -5.149583551792e+03
4600  3.422497e-07  7.575825e-08  1.565117e-07  9.094947e-13  -5.149583551792e+03
4700  2.746198e-07  6.078797e-08  1.255841e-07  1.818989e-12  -5.149583551792e+03
4800  2.203525e-07  4.877584e-08  1.007678e-07  1.818989e-12  -5.149583551792e+03
4900  1.768097e-07  3.913743e-08  8.085546e-08  1.818989e-12  -5.149583551792e+03
5000  1.418708e-07  3.140361e-08  6.487789e-08  2.728484e-12  -5.149583551792e+03
5100  1.138362e-07  2.519805e-08  5.205759e-08  0.000000e+00  -5.149583551792e+03
5200  9.134137e-08  2.021875e-08  4.177066e-08  1.818989e-12  -5.149583551792e+03
5300  7.329209e-08  1.622341e-08  3.351654e-08  0.000000e+00  -5.149583551792e+03
5400  5.880871e-08  1.301754e-08  2.689342e-08  9.094947e-13  -5.149583551792e+03
5500  4.718749e-08  1.044517e-08  2.157908e-08  1.818989e-12  -5.149583551792e+03
5600  3.786306e-08  8.381145e-09  1.731492e-08  9.094947e-13  -5.149583551792e+03
5700  3.038129e-08  6.724987e-09  1.389340e-08  9.094947e-13  -5.149583551791e+03
5800  2.437796e-08  5.396096e-09  1.114799e-08  2.728484e-12  -5.149583551791e+03
5900  1.956041e-08  4.329776e-09  8.945048e-09  0.000000e+00  -5.149583551791e+03
6000  1.569500e-08  3.474176e-09  7.177435e-09  2.728484e-12  -5.149583551791e+03
6100  1.259369e-08  2.787664e-09  5.759139e-09  1.818989e-12  -5.149583551791e+03
6200  1.010516e-08  2.236807e-09  4.621100e-09  1.818989e-12  -5.149583551791e+03
6300  8.108270e-09  1.794795e-09  3.707934e-09  9.094947e-13  -5.149583551791e+03
6400  6.505799e-09  1.440121e-09  2.975206e-09  9.094947e-13  -5.149583551791e+03
6500  5.220239e-09  1.155545e-09  2.387288e-09  1.818989e-12  -5.149583551791e+03
6600  4.188699e-09  9.272012e-10  1.915544e-09  0.000000e+00  -5.149583551791e+03
6700  3.360912e-09  7.439777e-10  1.537016e-09  9.094947e-13  -5.149583551791e+03
6800  2.696817e-09  5.969639e-10  1.233293e-09  9.094947e-13  -5.149583551791e+03
6900  2.163902e-09  4.790000e-10  9.895862e-10  2.728484e-12  -5.149583551791e+03
7000  1.737068e-09  3.843885e-10  7.941012e-10  9.094947e-13  -5.149583551791e+03
7100  1.393286e-09  3.084025e-10  6.371383e-10  0.000000e+00  -5.149583551791e+03
7200  1.117619e-09  2.474398e-10  5.112046e-10  9.094947e-13  -5.149583551791e+03
