0  6.147311e+00  1.680382e+00  2.616499e+00  5.309512e+03  -5.309512206383e+03
100  2.330305e-02  3.027971e-02  4.951628e-02  6.333469e-04  -5.313318584253e+03
200  1.414667e-02  1.365797e-02  2.262311e-02  1.235956e-04  -5.313349344263e+03
300  8.600923e-03  6.721294e-03  1.123146e-02  2.608289e-05  -5.313355516072e+03
400  5.814737e-03  3.333203e-03  5.569358e-03  6.221542e-06  -5.313356875710e+03
500  4.020623e-03  1.645421e-03  2.746188e-03  1.731250e-06  -5.313357220237e+03
600  2.825130e-03  8.073870e-04  1.618419e-03  5.361626e-07  -5.313357321170e+03
700  2.170692e-03  5.545723e-04  1.192674e-03  1.549006e-07  -5.313357352229e+03
800  1.690103e-03  4.101661e-04  8.891714e-04  1.806166e-08  -5.313357359685e+03
900  1.287745e-03  3.024424e-04  6.616455e-04  3.060995e-08  -5.313357358595e+03
1000  9.678396e-04  2.224971e-04  4.898187e-04  4.400954e-08  -5.313357354678e+03
1100  7.209500e-04  1.634061e-04  3.613075e-04  4.320191e-08  -5.313357350248e+03
1200  5.338718e-04  1.198608e-04  2.658354e-04  3.730020e-08  -5.313357346205e+03
1300  3.937694e-04  8.784214e-05  1.952398e-04  3.025525e-08  -5.313357342831e+03
1400  2.896523e-04  6.433619e-05  1.432100e-04  2.368688e-08  -5.313357340144e+03
1500  2.126744e-04  4.709928e-05  1.049519e-04  1.814442e-08  -5.313357338065e+03
1600  1.559585e-04  3.446962e-05  7.686599e-05  1.370154e-08  -5.313357336484e+03
1700  1.142693e-04  2.522100e-05  5.627114e-05  1.024819e-08  -5.313357335295e+03
1800  8.367462e-05  1.845102e-05  4.118149e-05  7.615199e-09  -5.313357334409e+03
1900  6.124660e-05  1.349680e-05  3.013169e-05  5.635229e-09  -5.313357333753e+03
2000  4.481766e-05  9.872060e-06  2.204338e-05  4.157300e-09  -5.313357333267e+03
2100  3.278936e-05  7.220402e-06  1.612450e-05  3.054993e-09  -5.313357332910e+03
2200  2.398608e-05  5.280785e-06  1.179401e-05  2.246452e-09  -5.313357332648e+03
2300  1.754471e-05  3.862105e-06  8.626089e-06  1.646185e-09  -5.313357332455e+03
2400  1.283233e-05  2.824500e-06  6.308850e-06  1.205990e-09  -5.313357332313e+03
2500  9.385258e-06  2.065635e-06  4.613974e-06  8.822099e-10  -5.313357332210e+03
2600  6.863947e-06  1.510641e-06  3.374367e-06  6.475602e-10  -5.313357332134e+03
2700  5.019872e-06  1.104756e-06  2.467765e-06  4.747562e-10  -5.313357332078e+03
2800  3.671176e-06  8.079224e-07  1.804727e-06  3.474270e-10  -5.313357332038e+03
2900  2.684808e-06  5.908421e-07  1.319825e-06  2.564775e-10  -5.313357332008e+03
3000  1.963445e-06  4.320881e-07  9.652049e-07  1.864464e-10  -5.313357331986e+03
3100  1.435892e-06  3.159893e-07  7.058643e-07  1.346052e-10  -5.313357331970e+03
3200  1.050083e-06  2.310852e-07  5.162047e-07  9.822543e-11  -5.313357331959e+03
3300  7.679348e-07  1.689940e-07  3.775045e-07  7.185008e-11  -5.313357331950e+03
3400  5.615964e-07  1.235863e-07  2.760716e-07  5.366019e-11  -5.313357331944e+03
3500  4.106994e-07  9.037938e-08  2.018929e-07  3.637979e-11  -5.313357331939e+03
3600  3.003474e-07  6.609495e-08  1.476455e-07  2.546585e-11  -5.313357331936e+03
3700  2.196457e-07  4.833558e-08  1.079740e-07  2.091838e-11  -5.313357331934e+03
3800  1.606285e-07  3.534808e-08  7.896198e-08  1.728040e-11  -5.313357331932e+03
3900  1.174685e-07  2.585024e-08  5.774531e-08  1.182343e-11  -5.313357331931e+03
4000  8.590535e-08  1.890441e-08  4.222945e-08  9.094947e-12  -5.313357331930e+03
4100  6.282310e-08  1.382489e-08  3.088262e-08  7.275958e-12  -5.313357331929e+03
4200  4.594235e-08  1.011019e-08  2.258458e-08  4.547474e-12  -5.313357331928e+03
4300  3.359835e-08  7.393657e-09  1.651625e-08  7.275958e-12  -5.313357331928e+03
4400  2.457060e-08  5.407016e-09  1.207842e-08  9.094947e-13  -5.313357331928e+03
4500  1.796876e-08  3.954186e-09  8.833018e-09  0.000000e+00  -5.313357331928e+03
4600  1.314042e-08  2.891704e-09  6.459612e-09  9.094947e-13  -5.313357331927e+03
4700  9.609799e-09  2.114725e-09  4.723959e-09  3.637979e-12  -5.313357331927e+03
4800  7.027445e-09  1.546495e-09  3.454634e-09  1.818989e-12  -5.313357331927e+03
4900  5.139582e-09  1.130980e-09  2.526422e-09  9.094947e-13  -5.313357331927e+03
5000  3.758178e-09  8.270673e-10  1.847548e-09  9.094947e-13  -5.313357331927e+03
5100  2.748603e-09  6.048537e-10  1.351144e-09  0.000000e+00  -5.313357331927e+03
5200  2.010301e-09  4.423424e-10  9.881134e-10  9.094947e-13  -5.313357331927e+03
5300  1.470070e-09  3.234840e-10  7.226078e-10  3.637979e-12  -5.313357331927e+03
5400  1.074787e-09  2.365512e-10  5.284249e-10  9.094947e-13  -5.313357331927e+03
