0  4.246727e+00  2.081886e-01  3.224612e-01  5.133563e+03  -5.133563389646e+03
100  8.403795e-02  1.155680e-01  2.035169e-01  1.157150e-03  -5.134009973150e+03
200  1.054883e-01  4.504691e-02  8.461380e-02  3.329429e-04  -5.134072068805e+03
300  7.614688e-02  2.089144e-02  4.063912e-02  1.425600e-04  -5.134094052233e+03
400  5.100391e-02  1.102532e-02  2.196308e-02  6.923087e-05  -5.134104104522e+03
500  3.424634e-02  6.204410e-03  1.517538e-02  3.544278e-05  -5.134109119135e+03
600  2.339358e-02  4.501966e-03  1.067792e-02  1.864372e-05  -5.134111721410e+03
700  1.627271e-02  3.280113e-03  7.610370e-03  9.962688e-06  -5.134113100947e+03
800  1.149619e-02  2.397272e-03  5.476455e-03  5.377596e-06  -5.134113841750e+03
900  8.221540e-03  1.756626e-03  3.969484e-03  2.923439e-06  -5.134114242981e+03
1000  5.934218e-03  1.289969e-03  2.892740e-03  1.598381e-06  -5.134114461686e+03
1100  4.312545e-03  9.489178e-04  2.116470e-03  8.784882e-07  -5.134114581549e+03
1200  3.149600e-03  6.989720e-04  1.553033e-03  4.854282e-07  -5.134114647586e+03
1300  2.308484e-03  5.153878e-04  1.142017e-03  2.698589e-07  -5.134114684174e+03
1400  1.696322e-03  3.803135e-04  8.410776e-04  1.511007e-07  -5.134114704579e+03
1500  1.248770e-03  2.808005e-04  6.201373e-04  8.534244e-08  -5.134114716048e+03
1600  9.204963e-04  2.074142e-04  4.576086e-04  4.871617e-08  -5.134114722556e+03
1700  6.791484e-04  1.532552e-04  3.378768e-04  2.817433e-08  -5.134114726293e+03
1800  5.014122e-04  1.132641e-04  2.495800e-04  1.654826e-08  -5.134114728469e+03
1900  3.703654e-04  8.372277e-05  1.844156e-04  9.896212e-09  -5.134114729757e+03
2000  2.736609e-04  6.189411e-05  1.362966e-04  6.037226e-09  -5.134114730535e+03
2100  2.022554e-04  4.576095e-05  1.007499e-04  3.764399e-09  -5.134114731014e+03
2200  1.495075e-04  3.383532e-05  7.448306e-05  2.402885e-09  -5.134114731316e+03
2300  1.105299e-04  2.501884e-05  5.506921e-05  1.567969e-09  -5.134114731511e+03
2400  8.172137e-05  1.850035e-05  4.071819e-05  1.043190e-09  -5.134114731639e+03
2500  6.042539e-05  1.368058e-05  3.010847e-05  7.094059e-10  -5.134114731726e+03
2600  4.468107e-05  1.011668e-05  2.226405e-05  4.929461e-10  -5.134114731785e+03
2700  3.304017e-05  7.481306e-06  1.646382e-05  3.465175e-10  -5.134114731826e+03
2800  2.443270e-05  5.532503e-06  1.217490e-05  2.419256e-10  -5.134114731855e+03
2900  1.806793e-05  4.091375e-06  9.003392e-06  1.746230e-10  -5.134114731876e+03
3000  1.336137e-05  3.025656e-06  6.658115e-06  1.264198e-10  -5.134114731891e+03
3100  9.880919e-06  2.237544e-06  4.923791e-06  9.185896e-11  -5.134114731902e+03
3200  7.307129e-06  1.654722e-06  3.641248e-06  6.821210e-11  -5.134114731910e+03
3300  5.403788e-06  1.223713e-06  2.692792e-06  5.002221e-11  -5.134114731915e+03
3400  3.996239e-06  9.049713e-07  1.991391e-06  3.637979e-11  -5.134114731920e+03
3500  2.955328e-06  6.692534e-07  1.472689e-06  2.910383e-11  -5.134114731923e+03
3600  2.185550e-06  4.949334e-07  1.089097e-06  2.000888e-11  -5.134114731925e+03
3700  1.616279e-06  3.660187e-07  8.054201e-07  1.364242e-11  -5.134114731927e+03
3800  1.195288e-06  2.706823e-07  5.956329e-07  1.000444e-11  -5.134114731928e+03
3900  8.839526e-07  2.001782e-07  4.404892e-07  6.366463e-12  -5.134114731929e+03
4000  6.537104e-07  1.480382e-07  3.257557e-07  8.185452e-12  -5.134114731930e+03
4100  4.834392e-07  1.094790e-07  2.409067e-07  2.728484e-12  -5.134114731930e+03
4200  3.575194e-07  8.096328e-08  1.781583e-07  3.637979e-12  -5.134114731930e+03
4300  2.643966e-07  5.987493e-08  1.317537e-07  2.728484e-12  -5.134114731931e+03
4400  1.955301e-07  4.427947e-08  9.743616e-08  9.094947e-13  -5.134114731931e+03
4500  1.446008e-07  3.274610e-08  7.205719e-08  1.818989e-12  -5.134114731931e+03
4600  1.069365e-07  2.421678e-08  5.328859e-08  9.094947e-13  -5.134114731931e+03
4700  7.908376e-08  1.790914e-08  3.940871e-08  2.728484e-12  -5.134114731931e+03
4800  5.848486e-08  1.324438e-08  2.914401e-08  0.000000e+00  -5.134114731931e+03
4900  4.325171e-08  9.794668e-09  2.155297e-08  3.637979e-12  -5.134114731931e+03
5000  3.198562e-08  7.243451e-09  1.593908e-08  1.818989e-12  -5.134114731931e+03
5100  2.365442e-08  5.356770e-09  1.178747e-08  0.000000e+00  -5.134114731931e+03
5200  1.749334e-08  3.961512e-09  8.717229e-09  9.094947e-13  -5.134114731931e+03
5300  1.293699e-08  2.929673e-09  6.446683e-09  0.000000e+00  -5.134114731931e+03
5400  9.566874e-09  2.166565e-09  4.767497e-09  9.094947e-13  -5.134114731931e+03
5500  7.075437e-09  1.602268e-09  3.525754e-09  1.818989e-12  -5.134114731931e+03
5600  5.231889e-09  1.184895e-09  2.607358e-09  3.637979e-12  -5.134114731931e+03
5700  3.869819e-09  8.763043e-10  1.928280e-09  9.094947e-13  -5.134114731931e+03
5800  2.861434e-09  6.480337e-10  1.425993e-09  1.818989e-12  -5.134114731931e+03
5900  2.116014e-09  4.792360e-10  1.054560e-09  0.000000e+00  -5.134114731931e+03
6000  1.564951e-09  3.544150e-10  7.798877e-10  2.728484e-12  -5.134114731931e+03
6100  1.157361e-09  2.621036e-10  5.767551e-10  9.094947e-13  -5.134114731931e+03
