0  7.074875e-01  8.443887e-01  1.314448e+00  4.998746e+03  -4.998746110219e+03
100  5.756229e-02  7.140358e-02  1.148219e-01  3.816728e-03  -4.999997962745e+03
200  2.830676e-02  3.675063e-02  5.980160e-02  7.973879e-04  -5.000189160818e+03
300  1.332017e-02  1.948040e-02  3.207606e-02  1.680170e-04  -5.000229230289e+03
400  6.150568e-03  1.024600e-02  1.693412e-02  3.584712e-05  -5.000237709582e+03
500  3.463947e-03  5.332102e-03  8.935932e-03  7.806419e-06  -5.000239531364e+03
600  2.100966e-03  2.803926e-03  4.718545e-03  1.756920e-06  -5.000239932691e+03
700  1.380060e-03  1.468028e-03  2.473098e-03  4.123685e-07  -5.000240024486e+03
800  9.473306e-04  7.656244e-04  1.289835e-03  9.755877e-08  -5.000240046240e+03
900  6.732842e-04  3.986760e-04  6.708020e-04  1.785065e-08  -5.000240051117e+03
1000  4.909650e-04  2.077739e-04  3.485759e-04  3.965397e-09  -5.000240051574e+03
1100  3.911568e-04  1.117831e-04  2.502301e-04  9.785253e-09  -5.000240050816e+03
1200  3.228708e-04  8.655734e-05  1.924691e-04  1.058106e-08  -5.000240049775e+03
1300  2.596493e-04  6.689731e-05  1.481041e-04  9.687028e-09  -5.000240048754e+03
1400  2.055195e-04  5.163095e-05  1.139792e-04  8.283678e-09  -5.000240047855e+03
1500  1.610577e-04  3.980850e-05  8.771543e-05  6.833034e-09  -5.000240047100e+03
1600  1.254078e-04  3.067116e-05  6.749847e-05  5.515176e-09  -5.000240046485e+03
1700  9.724247e-05  2.361911e-05  5.193660e-05  4.390131e-09  -5.000240045992e+03
1800  7.519678e-05  1.818196e-05  3.995920e-05  3.462446e-09  -5.000240045602e+03
1900  5.804424e-05  1.399292e-05  3.074179e-05  2.709385e-09  -5.000240045295e+03
2000  4.475078e-05  1.076711e-05  2.364920e-05  2.110937e-09  -5.000240045055e+03
2100  3.447452e-05  8.283926e-06  1.819217e-05  1.640728e-09  -5.000240044869e+03
2200  2.654406e-05  6.372877e-06  1.399386e-05  1.272383e-09  -5.000240044724e+03
2300  2.043076e-05  4.902397e-06  1.076414e-05  9.822543e-10  -5.000240044612e+03
2400  1.572173e-05  3.771057e-06  8.279665e-06  7.594281e-10  -5.000240044525e+03
2500  1.209619e-05  2.900713e-06  6.368545e-06  5.848051e-10  -5.000240044459e+03
2600  9.305758e-06  2.231194e-06  4.898501e-06  4.520189e-10  -5.000240044407e+03
2700  7.158544e-06  1.716184e-06  3.767758e-06  3.465175e-10  -5.000240044367e+03
2800  5.506525e-06  1.320036e-06  2.898013e-06  2.673914e-10  -5.000240044337e+03
2900  4.235619e-06  1.015324e-06  2.229031e-06  2.055458e-10  -5.000240044313e+03
3000  3.257970e-06  7.809462e-07  1.714472e-06  1.600711e-10  -5.000240044295e+03
3100  2.505943e-06  6.006703e-07  1.318694e-06  1.246008e-10  -5.000240044281e+03
3200  1.927485e-06  4.620087e-07  1.014278e-06  9.276846e-11  -5.000240044270e+03
3300  1.482547e-06  3.553557e-07  7.801344e-07  7.094059e-11  -5.000240044262e+03
3400  1.140312e-06  2.733229e-07  6.000418e-07  5.638867e-11  -5.000240044255e+03
3500  8.770772e-07  2.102269e-07  4.615231e-07  4.365575e-11  -5.000240044251e+03
3600  6.746073e-07  1.616963e-07  3.549810e-07  3.001333e-11  -5.000240044247e+03
3700  5.188761e-07  1.243690e-07  2.730340e-07  2.637535e-11  -5.000240044244e+03
3800  3.990948e-07  9.565852e-08  2.100043e-07  1.909939e-11  -5.000240044242e+03
3900  3.069635e-07  7.357578e-08  1.615249e-07  1.637090e-11  -5.000240044240e+03
4000  2.361022e-07  5.659091e-08  1.242370e-07  1.182343e-11  -5.000240044239e+03
4100  1.815977e-07  4.352691e-08  9.555694e-08  9.094947e-12  -5.000240044238e+03
4200  1.396759e-07  3.347873e-08  7.349765e-08  7.275958e-12  -5.000240044237e+03
4300  1.074320e-07  2.575020e-08  5.653077e-08  6.366463e-12  -5.000240044236e+03
4400  8.263105e-08  1.980576e-08  4.348064e-08  2.728484e-12  -5.000240044236e+03
4500  6.355562e-08  1.523360e-08  3.344315e-08  3.637979e-12  -5.000240044235e+03
4600  4.888448e-08  1.171697e-08  2.572285e-08  1.818989e-12  -5.000240044235e+03
4700  3.759879e-08  9.012069e-09  1.978470e-08  2.728484e-12  -5.000240044235e+03
4800  2.891944e-08  6.931653e-09  1.521742e-08  0.000000e+00  -5.000240044235e+03
4900  2.224358e-08  5.331493e-09  1.170450e-08  9.094947e-13  -5.000240044235e+03
5000  1.710835e-08  4.100701e-09  9.002497e-09  9.094947e-13  -5.000240044235e+03
5100  1.315925e-08  3.154077e-09  6.924296e-09  2.728484e-12  -5.000240044235e+03
5200  1.012154e-08  2.425965e-09  5.325831e-09  9.094947e-13  -5.000240044234e+03
5300  7.785024e-09  1.865935e-09  4.096369e-09  1.818989e-12  -5.000240044234e+03
5400  5.987513e-09  1.435165e-09  3.150702e-09  2.728484e-12  -5.000240044234e+03
5500  4.605175e-09  1.103849e-09  2.423355e-09  9.094947e-13  -5.000240044234e+03
5600  3.542164e-09  8.490331e-10  1.863933e-09  1.818989e-12  -5.000240044234e+03
5700  2.724338e-09  6.530265e-10  1.433636e-09  9.094947e-13  -5.000240044234e+03
5800  2.095717e-09  5.022930e-10  1.102701e-09  9.094947e-13  -5.000240044234e+03
5900  1.612212e-09  3.863542e-10  8.481583e-10  2.728484e-12  -5.000240044234e+03
6000  1.240087e-09  2.971673e-10  6.523639e-10  9.094947e-13  -5.000240044234e+03
