0  2.119303e+00  1.843018e+00  2.869718e+00  5.309444e+03  -5.309444391451e+03
100  2.255751e-02  2.857638e-02  4.719820e-02  5.405762e-04  -5.313284898113e+03
200  1.352144e-02  1.322112e-02  2.230512e-02  1.067062e-04  -5.313311179183e+03
300  7.973061e-03  6.646509e-03  1.121913e-02  2.399618e-05  -5.313316610197e+03
400  5.169518e-03  3.351188e-03  5.652972e-03  6.609472e-06  -5.313317924117e+03
500  3.415913e-03  1.683528e-03  2.836207e-03  2.343901e-06  -5.313318325047e+03
600  2.291281e-03  8.421071e-04  1.415738e-03  1.037477e-06  -5.313318482243e+03
700  1.561778e-03  4.193312e-04  8.408640e-04  5.327202e-07  -5.313318557000e+03
800  1.112068e-03  2.719256e-04  6.086766e-04  2.997122e-07  -5.313318597153e+03
900  8.215522e-04  1.926244e-04  4.367695e-04  1.790486e-07  -5.313318620418e+03
1000  5.998814e-04  1.361624e-04  3.115181e-04  1.116841e-07  -5.313318634613e+03
1100  4.329391e-04  9.609736e-05  2.212394e-04  7.196104e-08  -5.313318643609e+03
1200  3.099855e-04  6.774143e-05  1.566502e-04  4.751018e-08  -5.313318649476e+03
1300  2.207370e-04  4.771161e-05  1.106797e-04  3.194145e-08  -5.313318653385e+03
1400  1.565837e-04  3.358336e-05  7.808035e-05  2.176239e-08  -5.313318656030e+03
1500  1.107768e-04  2.362821e-05  5.502280e-05  1.496210e-08  -5.313318657840e+03
1600  7.822114e-05  1.661879e-05  3.874419e-05  1.035824e-08  -5.313318659090e+03
1700  5.515858e-05  1.168610e-05  2.726656e-05  7.204108e-09  -5.313318659956e+03
1800  3.885840e-05  8.216185e-06  1.918152e-05  5.025868e-09  -5.313318660560e+03
1900  2.735644e-05  5.775924e-06  1.349007e-05  3.512469e-09  -5.313318660982e+03
2000  1.924962e-05  4.060110e-06  9.485465e-06  2.461093e-09  -5.313318661277e+03
2100  1.354047e-05  2.853840e-06  6.668708e-06  1.726221e-09  -5.313318661484e+03
2200  9.522193e-06  2.005876e-06  4.687930e-06  1.209628e-09  -5.313318661629e+03
2300  6.695195e-06  1.409828e-06  3.295259e-06  8.485586e-10  -5.313318661730e+03
2400  4.706893e-06  9.908772e-07  2.316200e-06  5.975380e-10  -5.313318661802e+03
2500  3.308767e-06  6.964139e-07  1.627972e-06  4.174581e-10  -5.313318661852e+03
2600  2.325786e-06  4.894527e-07  1.144213e-06  2.964953e-10  -5.313318661887e+03
2700  1.634757e-06  3.439941e-07  8.041904e-07  2.055458e-10  -5.313318661912e+03
2800  1.149006e-06  2.417626e-07  5.652043e-07  1.446097e-10  -5.313318661929e+03
2900  8.075722e-07  1.699127e-07  3.972356e-07  1.027729e-10  -5.313318661942e+03
3000  5.675877e-07  1.194158e-07  2.791824e-07  7.366907e-11  -5.313318661950e+03
3100  3.989139e-07  8.392600e-08  1.962122e-07  5.002221e-11  -5.313318661956e+03
3200  2.803639e-07  5.898358e-08  1.378995e-07  3.365130e-11  -5.313318661961e+03
3300  1.970433e-07  4.145387e-08  9.691660e-08  2.637535e-11  -5.313318661963e+03
3400  1.384840e-07  2.913392e-08  6.811348e-08  1.728040e-11  -5.313318661966e+03
3500  9.732766e-08  2.047541e-08  4.787045e-08  1.364242e-11  -5.313318661967e+03
3600  6.840254e-08  1.439018e-08  3.364353e-08  7.275958e-12  -5.313318661968e+03
3700  4.807383e-08  1.011347e-08  2.364480e-08  5.456968e-12  -5.313318661969e+03
3800  3.378624e-08  7.107758e-09  1.661762e-08  3.637979e-12  -5.313318661969e+03
3900  2.374540e-08  4.995366e-09  1.167893e-08  2.728484e-12  -5.313318661970e+03
4000  1.668792e-08  3.510732e-09  8.207951e-09  3.637979e-12  -5.313318661970e+03
4100  1.172858e-08  2.467366e-09  5.768592e-09  5.456968e-12  -5.313318661970e+03
4200  8.243108e-09  1.734083e-09  4.054199e-09  1.818989e-12  -5.313318661970e+03
4300  5.793163e-09  1.218713e-09  2.849293e-09  0.000000e+00  -5.313318661970e+03
4400  4.071218e-09  8.565008e-10  2.002470e-09  9.094947e-13  -5.313318661970e+03
4500  2.861633e-09  6.019713e-10  1.407372e-09  9.094947e-13  -5.313318661970e+03
4600  2.011045e-09  4.230598e-10  9.890935e-10  9.094947e-13  -5.313318661970e+03
4700  1.413227e-09  2.973204e-10  6.951266e-10  0.000000e+00  -5.313318661970e+03
