0  8.386120e+01  5.902561e+00  9.191098e+00  2.382574e+00  5.000000e-03 -5.343949740691e+03
1000  6.186696e-02  1.247750e-02  2.702400e-02  9.925782e-01  5.000000e-03 -5.495718078280e+03
2000  2.492926e-03  4.384527e-04  1.041219e-03  9.757328e-01  5.000000e-03 -5.495725609108e+03
3000  8.525078e-05  1.488766e-05  3.555236e-05  9.751460e-01  5.000000e-03 -5.495725621916e+03
4000  2.894015e-06  5.052555e-07  1.206845e-06  9.751261e-01  5.000000e-03 -5.495725622030e+03
5000  9.821491e-08  1.714688e-08  4.095711e-08  9.751254e-01  5.000000e-03 -5.495725622033e+03
6000  3.333589e-09  5.819354e-10  1.389997e-09  9.751254e-01  5.000000e-03 -5.495725622033e+03
0  1.050572e+01  5.371299e-01  8.361851e-01  9.146170e-01  5.000000e-03 -5.493653527953e+03
1000  8.570892e-03  1.581896e-03  3.720836e-03  1.122602e+00  5.000000e-03 -5.495766909255e+03
2000  3.447879e-04  6.612455e-05  1.520250e-04  1.125216e+00  5.000000e-03 -5.495767199118e+03
3000  1.448003e-05  2.780361e-06  6.386708e-06  1.125326e+00  5.000000e-03 -5.495767204850e+03
4000  6.089994e-07  1.169414e-07  2.686140e-07  1.125330e+00  5.000000e-03 -5.495767205080e+03
5000  2.561454e-08  4.918584e-09  1.129796e-08  1.125330e+00  5.000000e-03 -5.495767205089e+03
6000  1.076973e-09  2.068588e-10  4.751671e-10  1.125330e+00  5.000000e-03 -5.495767205090e+03
