0  1.050572e+01  5.371299e-01  8.361851e-01  5.493654e+03  -5.493653527953e+03
100  1.549477e-01  1.748612e-01  2.997002e-01  1.117277e-03  -5.495671648137e+03
200  1.593157e-01  6.993096e-02  1.265125e-01  3.013447e-04  -5.495729698475e+03
300  1.134783e-01  3.235680e-02  5.980719e-02  1.255092e-04  -5.495749336876e+03
400  7.585487e-02  1.610440e-02  2.990109e-02  5.968728e-05  -5.495758102193e+03
500  5.091108e-02  8.393623e-03  2.029789e-02  3.005433e-05  -5.495762391538e+03
600  3.472220e-02  5.654218e-03  1.424691e-02  1.565701e-05  -5.495764587045e+03
700  2.406421e-02  4.115312e-03  1.009353e-02  8.367141e-06  -5.495765744548e+03
800  1.690012e-02  2.992515e-03  7.201615e-03  4.572784e-06  -5.495766369524e+03
900  1.199014e-02  2.175584e-03  5.165990e-03  2.554649e-06  -5.495766714512e+03
1000  8.570892e-03  1.581896e-03  3.720836e-03  1.460261e-06  -5.495766909255e+03
1100  6.160201e-03  1.150541e-03  2.688082e-03  8.552925e-07  -5.495767021811e+03
1200  4.444857e-03  8.370613e-04  1.946327e-03  5.139991e-07  -5.495767088517e+03
1300  3.216063e-03  6.091592e-04  1.411567e-03  3.171544e-07  -5.495767129098e+03
1400  2.331544e-03  4.434071e-04  1.024962e-03  2.008710e-07  -5.495767154446e+03
1500  1.692641e-03  3.228143e-04  7.448917e-04  1.304088e-07  -5.495767170690e+03
1600  1.230019e-03  2.350517e-04  5.416934e-04  8.658481e-08  -5.495767181350e+03
1700  8.944577e-04  1.711669e-04  3.941067e-04  5.862057e-08  -5.495767188495e+03
1800  6.507599e-04  1.246553e-04  2.868262e-04  4.034700e-08  -5.495767193371e+03
1900  4.736230e-04  9.078776e-05  2.087992e-04  2.814159e-08  -5.495767196750e+03
2000  3.447879e-04  6.612455e-05  1.520250e-04  1.983881e-08  -5.495767199118e+03
2100  2.510427e-04  4.816284e-05  1.107023e-04  1.409899e-08  -5.495767200795e+03
2200  1.828089e-04  3.508098e-05  8.061910e-05  1.008448e-08  -5.495767201991e+03
2300  1.331331e-04  2.555281e-05  5.871491e-05  7.248673e-09  -5.495767202848e+03
2400  9.696224e-05  1.861278e-05  4.276415e-05  5.227776e-09  -5.495767203465e+03
2500  7.062184e-05  1.355776e-05  3.114774e-05  3.780769e-09  -5.495767203910e+03
2600  5.143866e-05  9.875686e-06  2.268738e-05  2.737579e-09  -5.495767204233e+03
2700  3.746713e-05  7.193642e-06  1.652534e-05  1.986336e-09  -5.495767204467e+03
2800  2.729095e-05  5.240008e-06  1.203710e-05  1.442459e-09  -5.495767204637e+03
2900  1.987889e-05  3.816948e-06  8.767949e-06  1.049557e-09  -5.495767204760e+03
3000  1.448003e-05  2.780361e-06  6.386708e-06  7.630661e-10  -5.495767204850e+03
3100  1.054750e-05  2.025289e-06  4.652200e-06  5.557013e-10  -5.495767204915e+03
3200  7.683014e-06  1.475275e-06  3.388764e-06  4.056346e-10  -5.495767204962e+03
3300  5.596481e-06  1.074631e-06  2.468456e-06  2.937668e-10  -5.495767204997e+03
3400  4.076613e-06  7.827914e-07  1.798085e-06  2.137313e-10  -5.495767205022e+03
3500  2.969510e-06  5.702074e-07  1.309773e-06  1.582521e-10  -5.495767205041e+03
3600  2.163070e-06  4.153554e-07  9.540738e-07  1.145963e-10  -5.495767205054e+03
3700  1.575640e-06  3.025568e-07  6.949737e-07  8.185452e-11  -5.495767205064e+03
3800  1.147740e-06  2.203910e-07  5.062383e-07  6.093615e-11  -5.495767205071e+03
3900  8.360458e-07  1.605392e-07  3.687583e-07  4.547474e-11  -5.495767205076e+03
4000  6.089994e-07  1.169414e-07  2.686140e-07  3.001333e-11  -5.495767205080e+03
4100  4.436132e-07  8.518351e-08  1.956662e-07  2.273737e-11  -5.495767205082e+03
4200  3.231407e-07  6.205015e-08  1.425289e-07  1.546141e-11  -5.495767205084e+03
4300  2.353849e-07  4.519912e-08  1.038221e-07  1.273293e-11  -5.495767205086e+03
4400  1.714613e-07  3.292436e-08  7.562706e-08  8.185452e-12  -5.495767205087e+03
4500  1.248967e-07  2.398302e-08  5.508889e-08  7.275958e-12  -5.495767205088e+03
4600  9.097821e-08  1.746992e-08  4.012833e-08  8.185452e-12  -5.495767205088e+03
4700  6.627142e-08  1.272561e-08  2.923066e-08  2.728484e-12  -5.495767205089e+03
4800  4.827384e-08  9.269697e-09  2.129245e-08  2.728484e-12  -5.495767205089e+03
4900  3.516513e-08  6.752367e-09  1.551011e-08  9.094947e-13  -5.495767205089e+03
5000  2.561454e-08  4.918584e-09  1.129796e-08  1.818989e-12  -5.495767205089e+03
5100  1.865822e-08  3.582833e-09  8.229752e-09  9.094947e-13  -5.495767205089e+03
5200  1.359149e-08  2.609853e-09  5.994812e-09  9.094947e-13  -5.495767205089e+03
5300  9.899529e-09  1.901051e-09  4.366730e-09  9.094947e-13  -5.495767205089e+03
5400  7.211646e-09  1.384806e-09  3.180893e-09  9.094947e-13  -5.495767205090e+03
5500  5.253291e-09  1.008738e-09  2.317062e-09  2.728484e-12  -5.495767205090e+03
5600  3.827051e-09  7.348128e-10  1.687844e-09  0.000000e+00  -5.495767205090e+03
5700  2.787417e-09  5.352451e-10  1.229453e-09  1.818989e-12  -5.495767205090e+03
5800  2.030141e-09  3.898737e-10  8.955474e-10  9.094947e-13  -5.495767205090e+03
5900  1.478644e-09  2.839873e-10  6.523305e-10  1.818989e-12  -5.495767205090e+03
6000  1.076973e-09  2.068588e-10  4.751671e-10  0.000000e+00  -5.495767205090e+03
