0  2.450825e+00  2.851427e-01  4.435342e-01  5.133607e+03  -5.133606675657e+03
100  8.059900e-03  3.307396e-03  5.069616e-03  3.357406e-05  -5.134049749941e+03
200  5.564848e-03  1.790313e-03  3.039505e-03  8.541740e-06  -5.134051536213e+03
300  3.788439e-03  9.735315e-04  2.145319e-03  2.750526e-06  -5.134052033417e+03
400  2.622837e-03  6.755904e-04  1.536850e-03  1.152980e-06  -5.134052212691e+03
500  2.002889e-03  4.925012e-04  1.107176e-03  5.906732e-07  -5.134052295408e+03
600  1.505805e-03  3.584275e-04  7.998389e-04  3.400819e-07  -5.134052340356e+03
700  1.119853e-03  2.605782e-04  5.791446e-04  2.089037e-07  -5.134052367100e+03
800  8.265201e-04  1.892961e-04  4.219853e-04  1.336066e-07  -5.134052383861e+03
900  6.067817e-04  1.374331e-04  3.070760e-04  8.795814e-08  -5.134052394735e+03
1000  4.437968e-04  9.973500e-05  2.232290e-04  5.921538e-08  -5.134052401973e+03
1100  3.237334e-04  7.235323e-05  1.621491e-04  4.057802e-08  -5.134052406888e+03
1200  2.357105e-04  5.247586e-05  1.177122e-04  2.819979e-08  -5.134052410280e+03
1300  1.713939e-04  3.805232e-05  8.541563e-05  1.980516e-08  -5.134052412650e+03
1400  1.245099e-04  2.758952e-05  6.196023e-05  1.402805e-08  -5.134052414321e+03
1500  9.039051e-05  2.000159e-05  4.493517e-05  9.994437e-09  -5.134052415508e+03
1600  6.558984e-05  1.449954e-05  3.258259e-05  7.155904e-09  -5.134052416355e+03
1700  4.757782e-05  1.051046e-05  2.362280e-05  5.136826e-09  -5.134052416963e+03
1800  3.450397e-05  7.618564e-06  1.712532e-05  3.699824e-09  -5.134052417400e+03
1900  2.501843e-05  5.522215e-06  1.241420e-05  2.668457e-09  -5.134052417715e+03
2000  1.813840e-05  4.002629e-06  8.998681e-06  1.927219e-09  -5.134052417943e+03
2100  1.314925e-05  2.901159e-06  6.522665e-06  1.393346e-09  -5.134052418107e+03
2200  9.531835e-06  2.102779e-06  4.727825e-06  1.004992e-09  -5.134052418226e+03
2300  6.909292e-06  1.524098e-06  3.426814e-06  7.275958e-10  -5.134052418312e+03
2400  5.008151e-06  1.104663e-06  2.483789e-06  5.302354e-10  -5.134052418374e+03
2500  3.630045e-06  8.006548e-07  1.800260e-06  3.819878e-10  -5.134052418419e+03
2600  2.631115e-06  5.803095e-07  1.304828e-06  2.801244e-10  -5.134052418452e+03
2700  1.907054e-06  4.206040e-07  9.457349e-07  2.000888e-10  -5.134052418476e+03
2800  1.382238e-06  3.048502e-07  6.854635e-07  1.455192e-10  -5.134052418493e+03
2900  1.001845e-06  2.209527e-07  4.968191e-07  1.055014e-10  -5.134052418505e+03
3000  7.261331e-07  1.601444e-07  3.600905e-07  7.821654e-11  -5.134052418514e+03
3100  5.262969e-07  1.160711e-07  2.609904e-07  5.547918e-11  -5.134052418521e+03
3200  3.814563e-07  8.412713e-08  1.891634e-07  3.910827e-11  -5.134052418525e+03
3300  2.764763e-07  6.097448e-08  1.371038e-07  2.819434e-11  -5.134052418529e+03
3400  2.003873e-07  4.419365e-08  9.937143e-08  2.000888e-11  -5.134052418531e+03
3500  1.452394e-07  3.203113e-08  7.202345e-08  1.637090e-11  -5.134052418533e+03
3600  1.052674e-07  2.321578e-08  5.220179e-08  1.182343e-11  -5.134052418534e+03
3700  7.629686e-08  1.682656e-08  3.783532e-08  8.185452e-12  -5.134052418535e+03
3800  5.529946e-08  1.219573e-08  2.742266e-08  6.366463e-12  -5.134052418536e+03
3900  4.008014e-08  8.839316e-09  1.987563e-08  3.637979e-12  -5.134052418536e+03
4000  2.904970e-08  6.406643e-09  1.440565e-08  3.637979e-12  -5.134052418537e+03
4100  2.105504e-08  4.643473e-09  1.044107e-08  9.094947e-13  -5.134052418537e+03
4200  1.525999e-08  3.365513e-09  7.567537e-09  2.728484e-12  -5.134052418537e+03
4300  1.106060e-08  2.439306e-09  5.484896e-09  9.094947e-13  -5.134052418537e+03
4400  8.016463e-09  1.767975e-09  3.975382e-09  9.094947e-13  -5.134052418538e+03
4500  5.810269e-09  1.281411e-09  2.881318e-09  0.000000e+00  -5.134052418538e+03
4600  4.211554e-09  9.287727e-10  2.088377e-09  1.818989e-12  -5.134052418538e+03
4700  3.052534e-09  6.731669e-10  1.513637e-09  1.818989e-12  -5.134052418538e+03
4800  2.212069e-09  4.878819e-10  1.097035e-09  0.000000e+00  -5.134052418538e+03
4900  1.603201e-09  3.536070e-10  7.951120e-10  0.000000e+00  -5.134052418538e+03
5000  1.161912e-09  2.562866e-10  5.762828e-10  0.000000e+00  -5.134052418538e+03
