0  8.305093e+00  5.794765e-01  8.816112e-01  4.823339e+03  -4.823339329996e+03
100  2.387711e-02  3.833283e-02  6.314031e-02  1.125954e-03  -4.826219105977e+03
200  2.344057e-02  2.258680e-02  3.755298e-02  2.441804e-04  -4.826276648307e+03
300  1.503655e-02  1.302799e-02  2.198382e-02  5.069254e-05  -4.826288915587e+03
400  9.069468e-03  7.449139e-03  1.263136e-02  9.148026e-06  -4.826291370287e+03
500  5.444755e-03  4.182476e-03  7.121030e-03  5.999609e-07  -4.826291741393e+03
600  3.301747e-03  2.320288e-03  4.017569e-03  8.441566e-07  -4.826291704927e+03
700  2.032137e-03  1.295265e-03  2.257904e-03  8.482330e-07  -4.826291616056e+03
800  1.271223e-03  7.206575e-04  1.260340e-03  6.331238e-07  -4.826291541858e+03
900  8.081971e-04  3.989823e-04  7.000354e-04  4.402827e-07  -4.826291488716e+03
1000  5.217390e-04  2.200612e-04  3.874254e-04  3.005152e-07  -4.826291452167e+03
1100  3.415371e-04  1.210230e-04  2.138664e-04  2.045927e-07  -4.826291427268e+03
1200  2.263455e-04  6.640580e-05  1.178567e-04  1.396511e-07  -4.826291410300e+03
1300  1.516080e-04  3.637283e-05  6.488597e-05  9.570249e-08  -4.826291398696e+03
1400  1.024648e-04  1.989577e-05  4.422326e-05  6.585105e-08  -4.826291390729e+03
1500  6.977009e-05  1.323203e-05  3.100677e-05  4.547383e-08  -4.826291385237e+03
1600  4.779916e-05  9.303845e-06  2.174439e-05  3.149762e-08  -4.826291381439e+03
1700  3.290956e-05  6.538359e-06  1.525079e-05  2.187517e-08  -4.826291378805e+03
1800  2.274833e-05  4.592994e-06  1.069721e-05  1.522221e-08  -4.826291376973e+03
1900  1.577434e-05  3.225394e-06  7.503561e-06  1.060835e-08  -4.826291375698e+03
2000  1.096580e-05  2.264437e-06  5.263495e-06  7.406015e-09  -4.826291374809e+03
2100  7.638125e-06  1.589469e-06  3.692199e-06  5.173206e-09  -4.826291374187e+03
2200  5.328507e-06  1.115518e-06  2.589982e-06  3.617060e-09  -4.826291373753e+03
2300  3.721782e-06  7.827974e-07  1.816800e-06  2.530214e-09  -4.826291373449e+03
2400  2.601999e-06  5.492640e-07  1.274428e-06  1.773515e-09  -4.826291373237e+03
2500  1.820472e-06  3.853730e-07  8.939666e-07  1.244189e-09  -4.826291373088e+03
2600  1.274413e-06  2.703689e-07  6.270825e-07  8.722054e-10  -4.826291372984e+03
2700  8.925448e-07  1.896762e-07  4.398715e-07  6.093615e-10  -4.826291372911e+03
2800  6.253177e-07  1.330621e-07  3.085495e-07  4.274625e-10  -4.826291372859e+03
2900  4.382160e-07  9.334349e-08  2.164324e-07  3.010427e-10  -4.826291372823e+03
3000  3.071613e-07  6.547942e-08  1.518162e-07  2.110028e-10  -4.826291372798e+03
3100  2.153354e-07  4.593236e-08  1.064910e-07  1.464286e-10  -4.826291372781e+03
3200  1.509792e-07  3.222010e-08  7.469759e-08  1.009539e-10  -4.826291372768e+03
3300  1.058675e-07  2.260119e-08  5.239618e-08  7.275958e-11  -4.826291372760e+03
3400  7.424050e-08  1.585377e-08  3.675293e-08  5.093170e-11  -4.826291372753e+03
3500  5.206473e-08  1.112067e-08  2.578005e-08  3.456080e-11  -4.826291372749e+03
3600  3.651447e-08  7.800585e-09  1.808319e-08  2.546585e-11  -4.826291372746e+03
3700  2.560974e-08  5.471707e-09  1.268430e-08  1.546141e-11  -4.826291372744e+03
3800  1.796203e-08  3.838108e-09  8.897287e-09  9.094947e-12  -4.826291372743e+03
3900  1.259806e-08  2.692200e-09  6.240889e-09  1.000444e-11  -4.826291372742e+03
4000  8.836347e-09  1.888429e-09  4.377616e-09  4.547474e-12  -4.826291372741e+03
4100  6.198438e-09  1.324655e-09  3.070680e-09  4.547474e-12  -4.826291372740e+03
4200  4.347411e-09  9.291517e-10  2.153873e-09  5.456968e-12  -4.826291372740e+03
4300  3.049248e-09  6.517397e-10  1.510804e-09  2.728484e-12  -4.826291372740e+03
4400  2.138885e-09  4.571626e-10  1.059746e-09  0.000000e+00  -4.826291372740e+03
4500  1.500002e-09  3.206549e-10  7.433216e-10  9.094947e-13  -4.826291372739e+03
4600  1.052607e-09  2.249451e-10  5.214318e-10  1.818989e-12  -4.826291372739e+03
