0  1.278279e+01  1.071360e+00  1.658605e+00  5.126608e+03  -5.126607753181e+03
100  2.828166e-02  1.804293e-02  2.768400e-02  1.397708e-04  -5.145687229396e+03
200  1.538634e-03  5.311932e-03  9.441534e-03  2.647523e-05  -5.145680971498e+03
300  1.709022e-03  1.437527e-03  3.082834e-03  8.387588e-06  -5.145679440664e+03
400  1.287733e-03  5.771613e-04  1.142062e-03  3.250148e-06  -5.145678908566e+03
500  7.993132e-04  2.841774e-04  5.710295e-04  1.459431e-06  -5.145678688240e+03
600  4.754990e-04  1.625759e-04  2.956506e-04  7.367216e-07  -5.145678583760e+03
700  2.813047e-04  9.209040e-05  1.671249e-04  4.048070e-07  -5.145678528813e+03
800  1.674896e-04  5.184123e-05  9.438331e-05  2.352608e-07  -5.145678497772e+03
900  1.007578e-04  2.909273e-05  5.314657e-05  1.416438e-07  -5.145678479410e+03
1000  6.128952e-05  1.631098e-05  2.990123e-05  8.717961e-08  -5.145678468232e+03
1100  3.767655e-05  9.149956e-06  1.683396e-05  5.442507e-08  -5.145678461303e+03
1200  2.338070e-05  5.141546e-06  9.494382e-06  3.430159e-08  -5.145678456956e+03
1300  1.462839e-05  2.896696e-06  6.016615e-06  2.176694e-08  -5.145678454208e+03
1400  9.216120e-06  1.637542e-06  3.870106e-06  1.388253e-08  -5.145678452459e+03
1500  5.840076e-06  9.330645e-07  2.497657e-06  8.887582e-09  -5.145678451342e+03
1600  3.718569e-06  6.071933e-07  1.615855e-06  5.706170e-09  -5.145678450626e+03
1700  2.377126e-06  3.952746e-07  1.047242e-06  3.675268e-09  -5.145678450165e+03
1800  1.524543e-06  2.573783e-07  6.796058e-07  2.369234e-09  -5.145678449868e+03
1900  9.803542e-07  1.676126e-07  4.414452e-07  1.528861e-09  -5.145678449677e+03
2000  6.317905e-07  1.091630e-07  2.869411e-07  9.931682e-10  -5.145678449553e+03
2100  4.078860e-07  7.109843e-08  1.866044e-07  6.421033e-10  -5.145678449473e+03
2200  2.637180e-07  4.630707e-08  1.213958e-07  4.129106e-10  -5.145678449421e+03
2300  1.707114e-07  3.015990e-08  7.899402e-08  2.673914e-10  -5.145678449387e+03
2400  1.106147e-07  1.964276e-08  5.141169e-08  1.755325e-10  -5.145678449366e+03
2500  7.173277e-08  1.279274e-08  3.346447e-08  1.118678e-10  -5.145678449351e+03
2600  4.654933e-08  8.331271e-09  2.178432e-08  7.457857e-11  -5.145678449342e+03
2700  3.022388e-08  5.425576e-09  1.418177e-08  4.729372e-11  -5.145678449336e+03
2800  1.963307e-08  3.533201e-09  9.232829e-09  3.183231e-11  -5.145678449332e+03
2900  1.275799e-08  2.300786e-09  6.011040e-09  1.909939e-11  -5.145678449330e+03
3000  8.293252e-09  1.498223e-09  3.913579e-09  1.091394e-11  -5.145678449328e+03
3100  5.392046e-09  9.755700e-10  2.547996e-09  1.091394e-11  -5.145678449327e+03
3200  3.507026e-09  6.352578e-10  1.658962e-09  5.456968e-12  -5.145678449326e+03
3300  2.281146e-09  4.136360e-10  1.080107e-09  4.547474e-12  -5.145678449326e+03
3400  1.484099e-09  2.693346e-10  7.032426e-10  2.728484e-12  -5.145678449326e+03
