0  9.759135e+00  1.462906e+00  2.277700e+00  5.309504e+03  -5.309503816132e+03
100  2.720715e-02  3.209622e-02  5.152937e-02  7.388295e-04  -5.312857806801e+03
200  1.787808e-02  1.376172e-02  2.239441e-02  1.477670e-04  -5.312894040048e+03
300  1.248884e-02  6.603833e-03  1.076331e-02  3.230083e-05  -5.312901504312e+03
400  9.174644e-03  3.209618e-03  5.632933e-03  8.295329e-06  -5.312903230255e+03
500  7.906592e-03  2.094925e-03  4.383792e-03  2.625443e-06  -5.312903712195e+03
600  6.565728e-03  1.632352e-03  3.393145e-03  9.624418e-07  -5.312903875988e+03
700  5.285932e-03  1.265908e-03  2.644452e-03  3.433979e-07  -5.312903936467e+03
800  4.178358e-03  9.778145e-04  2.057963e-03  7.593917e-08  -5.312903955526e+03
900  3.265312e-03  7.529976e-04  1.593211e-03  4.240974e-08  -5.312903956319e+03
1000  2.533044e-03  5.785845e-04  1.228815e-03  8.930965e-08  -5.312903949303e+03
1100  1.955483e-03  4.438595e-04  9.452365e-04  1.010740e-07  -5.312903939581e+03
1200  1.504730e-03  3.401163e-04  7.257152e-04  9.630548e-08  -5.312903929626e+03
1300  1.155349e-03  2.604083e-04  5.564172e-04  8.468942e-08  -5.312903920551e+03
1400  8.857718e-04  1.992644e-04  4.261989e-04  7.117887e-08  -5.312903912761e+03
1500  6.784021e-04  1.524137e-04  3.262286e-04  5.816037e-08  -5.312903906310e+03
1600  5.192144e-04  1.165439e-04  2.495832e-04  4.663889e-08  -5.312903901090e+03
1700  3.971860e-04  8.909694e-05  1.908770e-04  3.691730e-08  -5.312903896932e+03
1800  3.037335e-04  6.810354e-05  1.459421e-04  2.895922e-08  -5.312903893657e+03
1900  2.322134e-04  5.205097e-05  1.115647e-04  2.256093e-08  -5.312903891096e+03
2000  1.775040e-04  3.977897e-05  8.527372e-05  1.749322e-08  -5.312903889106e+03
2100  1.356677e-04  3.039857e-05  6.517207e-05  1.351054e-08  -5.312903887565e+03
2200  1.036830e-04  2.322922e-05  4.980549e-05  1.041371e-08  -5.312903886377e+03
2300  7.923400e-05  1.775018e-05  3.806016e-05  8.003553e-09  -5.312903885462e+03
2400  6.054749e-05  1.356317e-05  2.908357e-05  6.149094e-09  -5.312903884760e+03
2500  4.626649e-05  1.036364e-05  2.222352e-05  4.713911e-09  -5.312903884220e+03
2600  3.535304e-05  7.918781e-06  1.698123e-05  3.615241e-09  -5.312903883807e+03
2700  2.701340e-05  6.050627e-06  1.297534e-05  2.766683e-09  -5.312903883491e+03
2800  2.064079e-05  4.623167e-06  9.914337e-06  2.117304e-09  -5.312903883248e+03
2900  1.577136e-05  3.532455e-06  7.575390e-06  1.621629e-09  -5.312903883063e+03
3000  1.205060e-05  2.699057e-06  5.788201e-06  1.239641e-09  -5.312903882921e+03
3100  9.207597e-06  2.062274e-06  4.422627e-06  9.495125e-10  -5.312903882812e+03
3200  7.035291e-06  1.575722e-06  3.379212e-06  7.239578e-10  -5.312903882730e+03
3300  5.375472e-06  1.203961e-06  2.581960e-06  5.557013e-10  -5.312903882666e+03
3400  4.107240e-06  9.199080e-07  1.972798e-06  4.229150e-10  -5.312903882618e+03
3500  3.138216e-06  7.028718e-07  1.507354e-06  3.219611e-10  -5.312903882581e+03
3600  2.397812e-06  5.370412e-07  1.151721e-06  2.473826e-10  -5.312903882552e+03
3700  1.832091e-06  4.103353e-07  8.799925e-07  1.900844e-10  -5.312903882531e+03
3800  1.399840e-06  3.135234e-07  6.723731e-07  1.437002e-10  -5.312903882514e+03
3900  1.069572e-06  2.395526e-07  5.137379e-07  1.136868e-10  -5.312903882502e+03
4000  8.172239e-07  1.830340e-07  3.925298e-07  8.276402e-11  -5.312903882492e+03
4100  6.244125e-07  1.398500e-07  2.999187e-07  6.366463e-11  -5.312903882485e+03
4200  4.770929e-07  1.068546e-07  2.291577e-07  4.911271e-11  -5.312903882479e+03
4300  3.645305e-07  8.164396e-08  1.750916e-07  3.910827e-11  -5.312903882475e+03
4400  2.785250e-07  6.238133e-08  1.337815e-07  3.092282e-11  -5.312903882471e+03
4500  2.128112e-07  4.766342e-08  1.022178e-07  2.182787e-11  -5.312903882469e+03
4600  1.626019e-07  3.641798e-08  7.810112e-08  1.637090e-11  -5.312903882467e+03
4700  1.242386e-07  2.782573e-08  5.967439e-08  1.182343e-11  -5.312903882465e+03
4800  9.492643e-08  2.126068e-08  4.559515e-08  8.185452e-12  -5.312903882464e+03
4900  7.253031e-08  1.624457e-08  3.483770e-08  6.366463e-12  -5.312903882463e+03
5000  5.541762e-08  1.241190e-08  2.661826e-08  7.275958e-12  -5.312903882463e+03
5100  4.234252e-08  9.483494e-09  2.033808e-08  6.366463e-12  -5.312903882462e+03
5200  3.235298e-08  7.246038e-09  1.553967e-08  5.456968e-12  -5.312903882462e+03
5300  2.471961e-08  5.536438e-09  1.187331e-08  1.818989e-12  -5.312903882462e+03
5400  1.888748e-08  4.230205e-09  9.071992e-09  1.818989e-12  -5.312903882461e+03
5500  1.443141e-08  3.232162e-09  6.931609e-09  3.637979e-12  -5.312903882461e+03
5600  1.102626e-08  2.469569e-09  5.296181e-09  0.000000e+00  -5.312903882461e+03
5700  8.424898e-09  1.886917e-09  4.046637e-09  1.818989e-12  -5.312903882461e+03
5800  6.436964e-09  1.441719e-09  3.091881e-09  1.818989e-12  -5.312903882461e+03
5900  4.918161e-09  1.101562e-09  2.362391e-09  9.094947e-13  -5.312903882461e+03
6000  3.757909e-09  8.416704e-10  1.805029e-09  2.728484e-12  -5.312903882461e+03
6100  2.871498e-09  6.431021e-10  1.379177e-09  9.094947e-13  -5.312903882461e+03
6200  2.193952e-09  4.913694e-10  1.053777e-09  9.094947e-13  -5.312903882461e+03
6300  1.676688e-09  3.754570e-10  8.051828e-10  1.818989e-12  -5.312903882461e+03
6400  1.281042e-09  2.868706e-10  6.152077e-10  0.000000e+00  -5.312903882461e+03
