0  1.831497e+01  1.712819e+00  2.647002e+00  5.128027e+03  -5.128027471565e+03
100  4.481343e-02  4.026709e-02  6.264416e-02  9.206729e-05  -5.133679267578e+03
200  3.739904e-03  1.189015e-02  2.022851e-02  1.772638e-05  -5.133683589936e+03
300  3.731800e-03  5.687277e-03  1.001183e-02  4.305829e-06  -5.133684522146e+03
400  2.530500e-03  3.233316e-03  5.746023e-03  1.125972e-06  -5.133684757120e+03
500  1.440554e-03  1.858826e-03  3.312560e-03  2.755951e-07  -5.133684818009e+03
600  7.745129e-04  1.047202e-03  1.871060e-03  3.177593e-08  -5.133684830806e+03
700  4.066370e-04  5.780841e-04  1.036144e-03  3.663990e-08  -5.133684829780e+03
800  2.108843e-04  3.137192e-04  5.643083e-04  5.037964e-08  -5.133684825184e+03
900  1.086662e-04  1.676496e-04  3.027333e-04  4.691356e-08  -5.133684820249e+03
1000  1.041725e-04  8.818344e-05  1.599210e-04  3.882178e-08  -5.133684815953e+03
1100  8.869823e-05  4.553477e-05  8.299121e-05  3.045443e-08  -5.133684812500e+03
1200  7.105618e-05  2.295369e-05  4.209985e-05  2.321121e-08  -5.133684809832e+03
1300  5.495960e-05  1.117859e-05  2.068388e-05  1.738681e-08  -5.133684807816e+03
1400  4.159318e-05  5.711566e-06  1.350892e-05  1.288208e-08  -5.133684806316e+03
1500  3.103486e-05  4.141706e-06  9.909372e-06  9.473297e-09  -5.133684805208e+03
1600  2.293812e-05  3.001218e-06  7.237943e-06  6.929440e-09  -5.133684804395e+03
1700  1.684417e-05  2.173610e-06  5.271036e-06  5.054062e-09  -5.133684803802e+03
1800  1.231372e-05  1.573578e-06  3.830684e-06  3.675268e-09  -5.133684803369e+03
1900  8.973488e-06  1.138839e-06  2.779865e-06  2.668457e-09  -5.133684803055e+03
2000  6.524824e-06  8.240199e-07  2.015230e-06  1.936314e-09  -5.133684802827e+03
2100  4.736877e-06  5.961286e-07  1.459853e-06  1.402441e-09  -5.133684802662e+03
2200  3.435014e-06  4.312097e-07  1.056987e-06  1.014996e-09  -5.133684802542e+03
2300  2.488955e-06  3.118872e-07  7.650160e-07  7.339622e-10  -5.133684802455e+03
2400  1.802422e-06  2.255682e-07  5.535515e-07  5.338734e-10  -5.133684802392e+03
2500  1.304721e-06  1.631313e-07  4.004650e-07  3.838068e-10  -5.133684802347e+03
2600  9.441701e-07  1.179726e-07  2.896765e-07  2.783054e-10  -5.133684802314e+03
2700  6.831109e-07  8.531276e-08  2.095178e-07  2.009983e-10  -5.133684802290e+03
2800  4.941579e-07  6.169341e-08  1.515302e-07  1.446097e-10  -5.133684802273e+03
2900  3.574315e-07  4.461263e-08  1.095863e-07  1.036824e-10  -5.133684802261e+03
3000  2.585147e-07  3.226061e-08  7.924979e-08  7.730705e-11  -5.133684802252e+03
3100  1.869620e-07  2.332837e-08  5.730986e-08  5.366019e-11  -5.133684802245e+03
3200  1.352079e-07  1.686916e-08  4.144313e-08  4.183676e-11  -5.133684802240e+03
3300  9.777733e-08  1.219834e-08  2.996885e-08  3.092282e-11  -5.133684802237e+03
3400  7.070778e-08  8.820800e-09  2.167126e-08  2.182787e-11  -5.133684802235e+03
3500  5.113163e-08  6.378437e-09  1.567096e-08  1.455192e-11  -5.133684802233e+03
3600  3.697512e-08  4.612336e-09  1.133197e-08  1.273293e-11  -5.133684802232e+03
3700  2.673692e-08  3.335202e-09  8.194276e-09  9.094947e-12  -5.133684802231e+03
3800  1.933429e-08  2.411731e-09  5.925409e-09  4.547474e-12  -5.133684802230e+03
3900  1.398124e-08  1.743958e-09  4.284753e-09  2.728484e-12  -5.133684802229e+03
4000  1.010975e-08  1.261061e-09  3.098335e-09  9.094947e-13  -5.133684802229e+03
4100  7.310323e-09  9.118784e-10  2.240430e-09  2.728484e-12  -5.133684802229e+03
4200  5.286187e-09  6.593872e-10  1.620077e-09  1.818989e-12  -5.133684802229e+03
4300  3.822831e-09  4.768240e-10  1.171516e-09  0.000000e+00  -5.133684802229e+03
4400  2.763971e-09  3.447797e-10  8.471098e-10  1.818989e-12  -5.133684802228e+03
4500  1.998926e-09  2.493248e-10  6.125707e-10  0.000000e+00  -5.133684802228e+03
4600  1.445287e-09  1.802833e-10  4.429469e-10  0.000000e+00  -5.133684802228e+03
4700  1.045330e-09  1.303730e-10  3.203116e-10  9.094947e-13  -5.133684802228e+03
