0  8.119159e+00  2.851427e-01  4.435342e-01  5.132534e+03  -5.132533890787e+03
100  9.232500e-02  1.194072e-01  2.216036e-01  1.539871e-03  -5.133711042172e+03
200  1.069582e-01  4.283559e-02  8.120204e-02  4.090219e-04  -5.133791049106e+03
300  7.618814e-02  2.005031e-02  3.946397e-02  1.604817e-04  -5.133817092633e+03
400  4.991977e-02  1.095719e-02  2.108989e-02  6.988863e-05  -5.133827900001e+03
500  3.258492e-02  6.054909e-03  1.410521e-02  3.120532e-05  -5.133832676288e+03
600  2.153749e-02  3.840532e-03  9.587657e-03  1.378057e-05  -5.133834804087e+03
700  1.444817e-02  2.703373e-03  6.590673e-03  5.812491e-06  -5.133835728299e+03
800  9.822382e-03  1.905858e-03  4.569020e-03  2.198066e-06  -5.133836103098e+03
900  6.750833e-03  1.345611e-03  3.187912e-03  6.104547e-07  -5.133836231599e+03
1000  4.679513e-03  9.513389e-04  2.235042e-03  3.878904e-08  -5.133836254756e+03
1100  3.264837e-03  6.733586e-04  1.572609e-03  2.635179e-07  -5.133836237272e+03
1200  2.288914e-03  4.770400e-04  1.109429e-03  3.054492e-07  -5.133836207877e+03
1300  1.610479e-03  3.381980e-04  7.841755e-04  2.763754e-07  -5.133836178478e+03
1400  1.136119e-03  2.398947e-04  5.550526e-04  2.262032e-07  -5.133836153314e+03
1500  8.030208e-04  1.702334e-04  3.932736e-04  1.757271e-07  -5.133836133285e+03
1600  5.683768e-04  1.208365e-04  2.788519e-04  1.324061e-07  -5.133836117971e+03
1700  4.027041e-04  8.579189e-05  1.978254e-04  9.787527e-08  -5.133836106547e+03
1800  2.855320e-04  6.092056e-05  1.403965e-04  7.145354e-08  -5.133836098156e+03
1900  2.025603e-04  4.326456e-05  9.966673e-05  5.172933e-08  -5.133836092056e+03
2000  1.437543e-04  3.072823e-05  7.076691e-05  3.723835e-08  -5.133836087653e+03
2100  1.020488e-04  2.182577e-05  5.025420e-05  2.670004e-08  -5.133836084489e+03
2200  7.245736e-05  1.550319e-05  3.569105e-05  1.909211e-08  -5.133836082224e+03
2300  5.145412e-05  1.101252e-05  2.535003e-05  1.362514e-08  -5.133836080606e+03
2400  3.654293e-05  7.822803e-06  1.800616e-05  9.711584e-09  -5.133836079452e+03
2500  2.595492e-05  5.557066e-06  1.279028e-05  6.914888e-09  -5.133836078630e+03
2600  1.843570e-05  3.947608e-06  9.085555e-06  4.923095e-09  -5.133836078045e+03
2700  1.309535e-05  2.804312e-06  6.454037e-06  3.499736e-09  -5.133836077629e+03
2800  9.302222e-06  1.992147e-06  4.584771e-06  2.488378e-09  -5.133836077333e+03
2900  6.607930e-06  1.415202e-06  3.256929e-06  1.768967e-09  -5.133836077122e+03
3000  4.694083e-06  1.005350e-06  2.313675e-06  1.256922e-09  -5.133836076973e+03
3100  3.334577e-06  7.141949e-07  1.643609e-06  8.940333e-10  -5.133836076867e+03
3200  2.368831e-06  5.073610e-07  1.167607e-06  6.348273e-10  -5.133836076791e+03
3300  1.682791e-06  3.604276e-07  8.294607e-07  4.538379e-10  -5.133836076737e+03
3400  1.195439e-06  2.560468e-07  5.892449e-07  3.183231e-10  -5.133836076699e+03
3500  8.492323e-07  1.818950e-07  4.185974e-07  2.282832e-10  -5.133836076672e+03
3600  6.032907e-07  1.292179e-07  2.973704e-07  1.618901e-10  -5.133836076653e+03
3700  4.285753e-07  9.179618e-08  2.112512e-07  1.164153e-10  -5.133836076639e+03
3800  3.044584e-07  6.521186e-08  1.500724e-07  8.276402e-11  -5.133836076630e+03
3900  2.162864e-07  4.632641e-08  1.066112e-07  5.911716e-11  -5.133836076623e+03
4000  1.536494e-07  3.291022e-08  7.573639e-08  4.274625e-11  -5.133836076618e+03
4100  1.091521e-07  2.337937e-08  5.380302e-08  2.910383e-11  -5.133836076614e+03
4200  7.754171e-08  1.660869e-08  3.822161e-08  2.000888e-11  -5.133836076612e+03
4300  5.508560e-08  1.179880e-08  2.715259e-08  1.455192e-11  -5.133836076610e+03
4400  3.913248e-08  8.381839e-09  1.928914e-08  1.091394e-11  -5.133836076609e+03
4500  2.779920e-08  5.954424e-09  1.370295e-08  8.185452e-12  -5.133836076608e+03
4600  1.974869e-08  4.230024e-09  9.734570e-09  7.275958e-12  -5.133836076607e+03
4700  1.402984e-08  3.005027e-09  6.915461e-09  2.728484e-12  -5.133836076607e+03
4800  9.966516e-09  2.134754e-09  4.912714e-09  1.818989e-12  -5.133836076606e+03
4900  7.080050e-09  1.516517e-09  3.489972e-09  2.728484e-12  -5.133836076606e+03
5000  5.029887e-09  1.077345e-09  2.479292e-09  1.818989e-12  -5.133836076606e+03
5100  3.573679e-09  7.653699e-10  1.761324e-09  9.094947e-13  -5.133836076606e+03
5200  2.538328e-09  5.436946e-10  1.251208e-09  2.728484e-12  -5.133836076606e+03
5300  1.803102e-09  3.862348e-10  8.888486e-10  1.818989e-12  -5.133836076606e+03
5400  1.280950e-09  2.743816e-10  6.314378e-10  0.000000e+00  -5.133836076606e+03
