0  5.053226e+00  3.532274e-01  5.375007e-01  3.330924e+01  5.000000e-03 -4.826075914604e+03
1000  3.444610e-04  1.587742e-04  2.766004e-04  3.163677e+01  5.000000e-03 -4.827202724619e+03
2000  1.029778e-05  2.325323e-06  5.308452e-06  3.163599e+01  5.000000e-03 -4.827202705713e+03
3000  4.527519e-07  1.041681e-07  2.378392e-07  3.163599e+01  5.000000e-03 -4.827202704934e+03
4000  2.026174e-08  4.664961e-09  1.065111e-08  3.163599e+01  5.000000e-03 -4.827202704899e+03
0  2.859197e+00  1.055584e+00  1.642801e+00  2.740217e+01  5.000000e-03 -4.998497425051e+03
1000  3.811407e-04  2.403232e-04  4.129807e-04  2.393339e+01  5.000000e-03 -5.000176585021e+03
2000  9.439507e-06  2.086006e-06  4.644881e-06  2.393209e+01  5.000000e-03 -5.000176577154e+03
3000  4.242887e-07  9.624781e-08  2.144586e-07  2.393209e+01  5.000000e-03 -5.000176576804e+03
4000  1.955599e-08  4.439569e-09  9.892296e-09  2.393209e+01  5.000000e-03 -5.000176576788e+03
