0  2.859197e+00  1.055584e+00  1.642801e+00  4.998497e+03  -4.998497425051e+03
100  5.634998e-02  7.118673e-02  1.158701e-01  3.810295e-03  -4.999933824042e+03
200  3.461842e-02  3.826108e-02  6.291207e-02  8.018924e-04  -5.000125276287e+03
300  1.907054e-02  2.075699e-02  3.448215e-02  1.700442e-04  -5.000165674788e+03
400  1.041125e-02  1.108707e-02  1.848893e-02  3.631638e-05  -5.000174266460e+03
500  5.716226e-03  5.883356e-03  9.986015e-03  7.765373e-06  -5.000176103728e+03
600  3.179494e-03  3.143225e-03  5.350459e-03  1.626522e-06  -5.000176494659e+03
700  1.801290e-03  1.665689e-03  2.842577e-03  3.070254e-07  -5.000176574334e+03
800  1.044208e-03  8.774093e-04  1.500845e-03  3.096193e-08  -5.000176587553e+03
900  6.217268e-04  4.600473e-04  7.887156e-04  1.975877e-08  -5.000176587333e+03
1000  3.811407e-04  2.403232e-04  4.129807e-04  2.350225e-08  -5.000176585021e+03
1100  2.407457e-04  1.251555e-04  2.156294e-04  1.894659e-08  -5.000176582883e+03
1200  1.565080e-04  6.500364e-05  1.123376e-04  1.408807e-08  -5.000176581241e+03
1300  1.044388e-04  3.367852e-05  5.982716e-05  1.026820e-08  -5.000176580034e+03
1400  7.127681e-05  1.771381e-05  3.199470e-05  7.459676e-09  -5.000176579157e+03
1500  4.955091e-05  9.697854e-06  2.184132e-05  5.428774e-09  -5.000176578519e+03
1600  3.495375e-05  7.133730e-06  1.597041e-05  3.953573e-09  -5.000176578055e+03
1700  2.493434e-05  5.246613e-06  1.169625e-05  2.889465e-09  -5.000176577716e+03
1800  1.793679e-05  3.858241e-06  8.582678e-06  2.112756e-09  -5.000176577468e+03
1900  1.298294e-05  2.837034e-06  6.314765e-06  1.547960e-09  -5.000176577287e+03
2000  9.439507e-06  2.086006e-06  4.644881e-06  1.136868e-09  -5.000176577154e+03
2100  6.885363e-06  1.533734e-06  3.415982e-06  8.321877e-10  -5.000176577057e+03
2200  5.033912e-06  1.127645e-06  2.511924e-06  6.120899e-10  -5.000176576985e+03
2300  3.686346e-06  8.290614e-07  1.846990e-06  4.520189e-10  -5.000176576932e+03
2400  2.702654e-06  6.095300e-07  1.358004e-06  3.301466e-10  -5.000176576894e+03
2500  1.983083e-06  4.481252e-07  9.984429e-07  2.437446e-10  -5.000176576865e+03
2600  1.455935e-06  3.294585e-07  7.340677e-07  1.800800e-10  -5.000176576845e+03
2700  1.069350e-06  2.422144e-07  5.396881e-07  1.309672e-10  -5.000176576829e+03
2800  7.856366e-07  1.780729e-07  3.967760e-07  9.731593e-11  -5.000176576818e+03
2900  5.773125e-07  1.309166e-07  2.917060e-07  7.185008e-11  -5.000176576810e+03
3000  4.242887e-07  9.624781e-08  2.144586e-07  5.093170e-11  -5.000176576804e+03
3100  3.118567e-07  7.075979e-08  1.576669e-07  3.728928e-11  -5.000176576799e+03
3200  2.292341e-07  5.202139e-08  1.159142e-07  3.001333e-11  -5.000176576796e+03
3300  1.685092e-07  3.824521e-08  8.521820e-08  2.000888e-11  -5.000176576793e+03
3400  1.238752e-07  2.811721e-08  6.265097e-08  1.455192e-11  -5.000176576792e+03
3500  9.106517e-08  2.067124e-08  4.605987e-08  1.182343e-11  -5.000176576790e+03
3600  6.694711e-08  1.519714e-08  3.386241e-08  9.094947e-12  -5.000176576789e+03
3700  4.921673e-08  1.117265e-08  2.489502e-08  3.637979e-12  -5.000176576789e+03
3800  3.618268e-08  8.213935e-09  1.830238e-08  4.547474e-12  -5.000176576788e+03
3900  2.660043e-08  6.038734e-09  1.345557e-08  3.637979e-12  -5.000176576788e+03
4000  1.955599e-08  4.439569e-09  9.892296e-09  1.818989e-12  -5.000176576788e+03
4100  1.437714e-08  3.263892e-09  7.272637e-09  5.456968e-12  -5.000176576787e+03
4200  1.056938e-08  2.399532e-09  5.346688e-09  3.637979e-12  -5.000176576787e+03
4300  7.770467e-09  1.764097e-09  3.930793e-09  9.094947e-13  -5.000176576787e+03
4400  5.712601e-09  1.296925e-09  2.889840e-09  2.728484e-12  -5.000176576787e+03
4500  4.200255e-09  9.535021e-10  2.124586e-09  0.000000e+00  -5.000176576787e+03
4600  3.087702e-09  7.009835e-10  1.561941e-09  2.728484e-12  -5.000176576787e+03
4700  2.270283e-09  5.153639e-10  1.148325e-09  1.818989e-12  -5.000176576787e+03
4800  1.668940e-09  3.788812e-10  8.442231e-10  0.000000e+00  -5.000176576787e+03
4900  1.227002e-09  2.785483e-10  6.206603e-10  9.094947e-13  -5.000176576787e+03
