0  7.038956e+00  1.724490e+00  2.682940e+00  4.995390e+03  -4.995390303410e+03
100  5.265074e-02  7.545966e-02  1.247145e-01  3.854919e-03  -4.998669069311e+03
200  4.227136e-02  4.302847e-02  7.162106e-02  8.326434e-04  -4.998864945851e+03
300  2.565501e-02  2.425795e-02  4.090452e-02  1.789103e-04  -4.998907172045e+03
400  1.509207e-02  1.354029e-02  2.290562e-02  3.688128e-05  -4.998916152368e+03
500  8.894644e-03  7.431598e-03  1.269393e-02  6.181356e-06  -4.998917908926e+03
600  5.300915e-03  4.090543e-03  7.070844e-03  7.213748e-08  -4.998918127669e+03
700  3.205144e-03  2.254078e-03  3.905864e-03  1.019458e-06  -4.998918055078e+03
800  1.968404e-03  1.235365e-03  2.145645e-03  9.076357e-07  -4.998917955818e+03
900  1.227953e-03  6.746293e-04  1.174462e-03  6.597083e-07  -4.998917877630e+03
1000  7.776546e-04  3.675914e-04  6.414907e-04  4.540589e-07  -4.998917822558e+03
1100  4.994176e-04  2.000602e-04  3.500460e-04  3.076930e-07  -4.998917784995e+03
1200  3.248010e-04  1.088569e-04  1.910304e-04  2.079296e-07  -4.998917759590e+03
1300  2.135920e-04  5.927014e-05  1.043683e-04  1.407352e-07  -4.998917742412e+03
1400  1.418049e-04  3.232177e-05  5.864824e-05  9.553514e-08  -4.998917730770e+03
1500  9.490477e-05  1.767086e-05  4.061075e-05  6.505252e-08  -4.998917722855e+03
1600  6.394137e-05  1.173681e-05  2.811848e-05  4.442427e-08  -4.998917717458e+03
1700  4.331599e-05  8.144794e-06  1.946725e-05  3.041350e-08  -4.998917713768e+03
1800  2.947380e-05  5.648363e-06  1.347657e-05  2.086381e-08  -4.998917711239e+03
1900  2.012641e-05  3.915091e-06  9.328646e-06  1.433636e-08  -4.998917709503e+03
2000  1.378243e-05  2.712612e-06  6.456917e-06  9.867108e-09  -4.998917708309e+03
2100  9.459305e-06  1.878878e-06  4.468924e-06  6.796654e-09  -4.998917707487e+03
2200  6.503701e-06  1.301081e-06  3.092829e-06  4.687536e-09  -4.998917706921e+03
2300  4.477807e-06  9.008004e-07  2.140365e-06  3.233254e-09  -4.998917706530e+03
2400  3.086335e-06  6.235758e-07  1.481160e-06  2.231900e-09  -4.998917706260e+03
2500  2.129071e-06  4.316190e-07  1.024947e-06  1.544322e-09  -4.998917706074e+03
2600  1.469689e-06  2.987263e-07  7.092333e-07  1.068656e-09  -4.998917705945e+03
2700  1.015045e-06  2.067363e-07  4.907575e-07  7.376002e-10  -4.998917705856e+03
2800  7.013265e-07  1.430661e-07  3.395760e-07  5.102265e-10  -4.998917705795e+03
2900  4.847196e-07  9.900079e-08  2.349637e-07  3.519744e-10  -4.998917705752e+03
3000  3.350940e-07  6.850570e-08  1.625771e-07  2.446541e-10  -4.998917705723e+03
3100  2.316989e-07  4.740278e-08  1.124900e-07  1.691660e-10  -4.998917705702e+03
3200  1.602309e-07  3.279994e-08  7.783335e-08  1.182343e-10  -4.998917705688e+03
3300  1.108194e-07  2.269525e-08  5.385357e-08  8.185452e-11  -4.998917705679e+03
3400  7.665202e-08  1.570334e-08  3.726160e-08  5.547918e-11  -4.998917705672e+03
3500  5.302333e-08  1.086543e-08  2.578148e-08  3.637979e-11  -4.998917705667e+03
3600  3.667967e-08  7.517899e-09  1.783823e-08  2.819434e-11  -4.998917705664e+03
3700  2.537510e-08  5.201702e-09  1.234228e-08  1.546141e-11  -4.998917705662e+03
3800  1.755461e-08  3.599062e-09  8.539584e-09  1.455192e-11  -4.998917705660e+03
3900  1.214494e-08  2.490200e-09  5.908521e-09  9.094947e-12  -4.998917705659e+03
4000  8.402872e-09  1.722993e-09  4.088122e-09  7.275958e-12  -4.998917705658e+03
4100  5.813763e-09  1.192147e-09  2.828571e-09  6.366463e-12  -4.998917705658e+03
4200  4.022170e-09  8.248346e-10  1.957063e-09  2.728484e-12  -4.998917705658e+03
4300  2.782430e-09  5.706793e-10  1.354052e-09  1.818989e-12  -4.998917705657e+03
4400  1.925805e-09  3.948886e-10  9.369172e-10  2.728484e-12  -4.998917705657e+03
4500  1.332105e-09  2.732042e-10  6.482224e-10  2.728484e-12  -4.998917705657e+03
