0  8.572727e+00  3.943204e-01  5.974559e-01  3.718187e+03  -3.718186933648e+03
100  4.222627e-02  1.022780e-01  1.817857e-01  3.312769e-04  -3.719728817638e+03
200  6.375434e-02  2.922867e-02  6.190219e-02  1.012991e-04  -3.719746926454e+03
300  4.769345e-02  1.101321e-02  2.667749e-02  4.775089e-05  -3.719753908461e+03
400  3.243702e-02  7.335522e-03  1.730948e-02  2.484666e-05  -3.719757391892e+03
500  2.208687e-02  5.160559e-03  1.211377e-02  1.311146e-05  -3.719759222537e+03
600  1.534647e-02  3.798146e-03  9.030858e-03  6.792291e-06  -3.719760182715e+03
700  1.090399e-02  2.883238e-03  6.780562e-03  3.347918e-06  -3.719760670682e+03
800  7.902676e-03  2.196988e-03  5.125419e-03  1.481762e-06  -3.719760901631e+03
900  5.821306e-03  1.680396e-03  3.896881e-03  4.932522e-07  -3.719760994535e+03
1000  4.343375e-03  1.289521e-03  2.976994e-03  6.867140e-09  -3.719761015637e+03
1100  3.272807e-03  9.922657e-04  2.282947e-03  2.379506e-07  -3.719761001662e+03
1200  2.484709e-03  7.651977e-04  1.755967e-03  3.241175e-07  -3.719760972661e+03
1300  1.897126e-03  5.911038e-04  1.353789e-03  3.354044e-07  -3.719760939253e+03
1400  1.454704e-03  4.572288e-04  1.045611e-03  3.108471e-07  -3.719760906764e+03
1500  1.119054e-03  3.540401e-04  8.087110e-04  2.717798e-07  -3.719760877589e+03
1600  8.629397e-04  2.743582e-04  6.261539e-04  2.294055e-07  -3.719760852552e+03
1700  6.666587e-04  2.127407e-04  4.852053e-04  1.892413e-07  -3.719760831672e+03
1800  5.157347e-04  1.650399e-04  3.762217e-04  1.536732e-07  -3.719760814587e+03
1900  3.993955e-04  1.280813e-04  2.918585e-04  1.234066e-07  -3.719760800792e+03
2000  3.095455e-04  9.942712e-05  2.264971e-04  9.830637e-08  -3.719760789760e+03
2100  2.400533e-04  7.720019e-05  1.758236e-04  7.784547e-08  -3.719760780999e+03
2200  1.862476e-04  5.995215e-05  1.365173e-04  6.136952e-08  -3.719760774077e+03
2300  1.445526e-04  4.656372e-05  1.060162e-04  4.821413e-08  -3.719760768629e+03
2400  1.122220e-04  3.616882e-05  8.234058e-05  3.778177e-08  -3.719760764355e+03
2500  8.714040e-05  2.809669e-05  6.395876e-05  2.955630e-08  -3.719760761008e+03
2600  6.767524e-05  2.182742e-05  4.968445e-05  2.307934e-08  -3.719760758393e+03
2700  5.256455e-05  1.695783e-05  3.859827e-05  1.800800e-08  -3.719760756351e+03
2800  4.083164e-05  1.317512e-05  2.998720e-05  1.403760e-08  -3.719760754759e+03
2900  3.171993e-05  1.023649e-05  2.329809e-05  1.092940e-08  -3.719760753519e+03
3000  2.464290e-05  7.953496e-06  1.810163e-05  8.510597e-09  -3.719760752553e+03
3100  1.914567e-05  6.179776e-06  1.406452e-05  6.619757e-09  -3.719760751802e+03
3200  1.487523e-05  4.801685e-06  1.092798e-05  5.150014e-09  -3.719760751217e+03
3300  1.155762e-05  3.730951e-06  8.491048e-06  4.002231e-09  -3.719760750762e+03
3400  8.980114e-06  2.899007e-06  6.597623e-06  3.112291e-09  -3.719760750408e+03
3500  6.977538e-06  2.252590e-06  5.126461e-06  2.416073e-09  -3.719760750133e+03
3600  5.421607e-06  1.750320e-06  3.983372e-06  1.881290e-09  -3.719760749920e+03
3700  4.212676e-06  1.360050e-06  3.095185e-06  1.465651e-09  -3.719760749753e+03
3800  3.273343e-06  1.056803e-06  2.405051e-06  1.134595e-09  -3.719760749624e+03
3900  2.543474e-06  8.211721e-07  1.868803e-06  8.858478e-10  -3.719760749524e+03
4000  1.976358e-06  6.380807e-07  1.452126e-06  6.889422e-10  -3.719760749446e+03
4100  1.535695e-06  4.958128e-07  1.128355e-06  5.352376e-10  -3.719760749385e+03
4200  1.193290e-06  3.852660e-07  8.767749e-07  4.160938e-10  -3.719760749338e+03
4300  9.272314e-07  2.993672e-07  6.812887e-07  3.233254e-10  -3.719760749301e+03
4400  7.204942e-07  2.326205e-07  5.293888e-07  2.478373e-10  -3.719760749273e+03
4500  5.598528e-07  1.807558e-07  4.113569e-07  1.914486e-10  -3.719760749251e+03
4600  4.350293e-07  1.404549e-07  3.196416e-07  1.500666e-10  -3.719760749234e+03
4700  3.380351e-07  1.091394e-07  2.483750e-07  1.195986e-10  -3.719760749220e+03
4800  2.626674e-07  8.480604e-08  1.929980e-07  9.094947e-11  -3.719760749210e+03
4900  2.041046e-07  6.589801e-08  1.499679e-07  6.912160e-11  -3.719760749202e+03
5000  1.585983e-07  5.120564e-08  1.165316e-07  5.547918e-11  -3.719760749196e+03
5100  1.232377e-07  3.978903e-08  9.055013e-08  4.274625e-11  -3.719760749191e+03
5200  9.576198e-08  3.091787e-08  7.036149e-08  3.637979e-11  -3.719760749187e+03
5300  7.440953e-08  2.402447e-08  5.467386e-08  2.455636e-11  -3.719760749184e+03
5400  5.781875e-08  1.866804e-08  4.248396e-08  2.273737e-11  -3.719760749182e+03
5500  4.492955e-08  1.450598e-08  3.301205e-08  1.364242e-11  -3.719760749180e+03
5600  3.491184e-08  1.127178e-08  2.565180e-08  1.364242e-11  -3.719760749179e+03
5700  2.712788e-08  8.758666e-09  1.993259e-08  4.092726e-12  -3.719760749178e+03
5800  2.107932e-08  6.805860e-09  1.548849e-08  8.640200e-12  -3.719760749177e+03
5900  1.637963e-08  5.288463e-09  1.203526e-08  8.640200e-12  -3.719760749176e+03
6000  1.272795e-08  4.109385e-09  9.351950e-09  5.002221e-12  -3.719760749176e+03
6100  9.889150e-09  3.193117e-09  7.266802e-09  4.547474e-12  -3.719760749175e+03
6200  7.685595e-09  2.481270e-09  5.646735e-09  0.000000e+00  -3.719760749175e+03
6300  5.971233e-09  1.928011e-09  4.387701e-09  4.547474e-13  -3.719760749175e+03
6400  4.639629e-09  1.498136e-09  3.409420e-09  1.818989e-12  -3.719760749174e+03
6500  3.605144e-09  1.164119e-09  2.649271e-09  4.547474e-12  -3.719760749174e+03
6600  2.801622e-09  9.045841e-10  2.058619e-09  9.094947e-13  -3.719760749174e+03
6700  2.176924e-09  7.028980e-10  1.599632e-09  2.273737e-12  -3.719760749174e+03
6800  1.691632e-09  5.461839e-10  1.242987e-09  1.364242e-12  -3.719760749174e+03
6900  1.314419e-09  4.244118e-10  9.658608e-10  9.094947e-13  -3.719760749174e+03
7000  1.021936e-09  3.298169e-10  7.505601e-10  1.364242e-12  -3.719760749174e+03
