0  2.157925e+00  2.074374e+00  3.229890e+00  5.307592e+03  -5.307591688501e+03
100  2.337240e-02  2.467078e-02  4.193476e-02  4.197290e-04  -5.312374899842e+03
200  1.409870e-02  1.182233e-02  2.023008e-02  8.910987e-05  -5.312395700415e+03
300  8.513893e-03  6.127588e-03  1.046805e-02  2.374865e-05  -5.312400506942e+03
400  5.364463e-03  3.179091e-03  5.419130e-03  8.413042e-06  -5.312401942573e+03
500  3.417212e-03  1.642643e-03  2.793771e-03  3.840975e-06  -5.312402513337e+03
600  2.199403e-03  8.457286e-04  1.434743e-03  2.066441e-06  -5.312402795832e+03
700  1.495350e-03  4.342508e-04  7.343739e-04  1.218973e-06  -5.312402955072e+03
800  1.016802e-03  2.224946e-04  5.044791e-04  7.573371e-07  -5.312403051519e+03
900  6.891499e-04  1.449627e-04  3.463576e-04  4.852200e-07  -5.312403112384e+03
1000  4.659386e-04  9.782764e-05  2.363391e-04  3.168052e-07  -5.312403151756e+03
1100  3.144554e-04  6.593817e-05  1.605670e-04  2.092793e-07  -5.312403177616e+03
1200  2.119420e-04  4.440295e-05  1.087489e-04  1.392546e-07  -5.312403194763e+03
1300  1.448577e-04  2.988067e-05  7.348879e-05  9.306768e-08  -5.312403206199e+03
1400  9.858171e-05  2.009799e-05  4.958088e-05  6.236223e-08  -5.312403213851e+03
1500  6.687243e-05  1.351324e-05  3.341169e-05  4.184676e-08  -5.312403218983e+03
1600  4.525383e-05  9.083536e-06  2.249643e-05  2.810884e-08  -5.312403222429e+03
1700  3.056927e-05  6.104806e-06  1.513774e-05  1.888657e-08  -5.312403224743e+03
1800  2.062203e-05  4.102358e-06  1.018155e-05  1.269382e-08  -5.312403226299e+03
1900  1.389758e-05  2.756491e-06  6.845833e-06  8.531970e-09  -5.312403227344e+03
2000  9.358709e-06  1.852051e-06  4.601891e-06  5.735274e-09  -5.312403228047e+03
2100  6.298586e-06  1.244317e-06  3.092945e-06  3.854439e-09  -5.312403228519e+03
2200  4.237221e-06  8.359813e-07  2.078521e-06  2.588422e-09  -5.312403228837e+03
2300  2.849549e-06  5.616343e-07  1.396683e-06  1.740773e-09  -5.312403229050e+03
2400  1.915855e-06  3.773158e-07  9.384544e-07  1.169610e-09  -5.312403229193e+03
2500  1.287854e-06  2.534852e-07  6.305334e-07  7.876224e-10  -5.312403229289e+03
2600  8.655814e-07  1.702933e-07  4.236315e-07  5.284164e-10  -5.312403229354e+03
2700  5.817038e-07  1.144040e-07  2.846151e-07  3.547029e-10  -5.312403229398e+03
2800  3.908947e-07  7.685709e-08  1.912140e-07  2.382876e-10  -5.312403229427e+03
2900  2.626577e-07  5.163284e-08  1.284624e-07  1.600711e-10  -5.312403229446e+03
3000  1.764814e-07  3.468707e-08  8.630350e-08  1.091394e-10  -5.312403229460e+03
3100  1.185745e-07  2.330284e-08  5.797993e-08  7.366907e-11  -5.312403229469e+03
3200  7.966597e-08  1.565491e-08  3.895159e-08  5.002221e-11  -5.312403229474e+03
3300  5.352328e-08  1.051699e-08  2.616801e-08  3.456080e-11  -5.312403229478e+03
3400  3.595910e-08  7.065346e-09  1.757987e-08  2.455636e-11  -5.312403229481e+03
3500  2.415828e-08  4.746510e-09  1.181026e-08  1.455192e-11  -5.312403229483e+03
3600  1.623058e-08  3.188742e-09  7.934231e-09  1.000444e-11  -5.312403229484e+03
3700  1.090378e-08  2.142194e-09  5.330236e-09  4.547474e-12  -5.312403229485e+03
3800  7.325178e-09  1.439124e-09  3.580864e-09  5.456968e-12  -5.312403229486e+03
3900  4.920939e-09  9.667968e-10  2.405623e-09  2.728484e-12  -5.312403229486e+03
4000  3.306162e-09  6.495085e-10  1.616124e-09  0.000000e+00  -5.312403229486e+03
4100  2.221238e-09  4.363482e-10  1.085728e-09  3.637979e-12  -5.312403229486e+03
4200  1.492049e-09  2.931305e-10  7.293810e-10  0.000000e+00  -5.312403229486e+03
4300  1.002326e-09  1.969231e-10  4.899967e-10  1.818989e-12  -5.312403229486e+03
