0  8.323955e+00  3.531398e-01  5.479074e-01  5.132257e+03  -5.132257052217e+03
100  9.069017e-02  1.294247e-01  2.239933e-01  4.570521e-04  -5.133487592709e+03
200  1.306263e-01  5.183126e-02  9.622322e-02  1.387547e-04  -5.133512448410e+03
300  9.727357e-02  2.734193e-02  4.788161e-02  6.635876e-05  -5.133522037740e+03
400  6.875801e-02  1.485153e-02  2.767408e-02  3.693866e-05  -5.133527006703e+03
500  4.936266e-02  8.948498e-03  2.050432e-02  2.194353e-05  -5.133529867948e+03
600  3.634997e-02  7.003229e-03  1.554069e-02  1.347924e-05  -5.133531597027e+03
700  2.739884e-02  5.519047e-03  1.197426e-02  8.446844e-06  -5.133532669862e+03
800  2.104138e-02  4.374037e-03  9.341706e-03  5.364862e-06  -5.133533346650e+03
900  1.638955e-02  3.483007e-03  7.356722e-03  3.441452e-06  -5.133533778596e+03
1000  1.290039e-02  2.784262e-03  5.834635e-03  2.225182e-06  -5.133534056748e+03
1100  1.023199e-02  2.232640e-03  4.652116e-03  1.448416e-06  -5.133534237175e+03
1200  8.160978e-03  1.794736e-03  3.724126e-03  9.484247e-07  -5.133534354953e+03
1300  6.535870e-03  1.445532e-03  2.990275e-03  6.244718e-07  -5.133534432276e+03
1400  5.250251e-03  1.166056e-03  2.406558e-03  4.133799e-07  -5.133534483317e+03
1500  4.227066e-03  9.417460e-04  1.940198e-03  2.751331e-07  -5.133534517190e+03
1600  3.409095e-03  7.613069e-04  1.566336e-03  1.841563e-07  -5.133534539795e+03
1700  2.752987e-03  6.159009e-04  1.265847e-03  1.240105e-07  -5.133534554967e+03
1800  2.225379e-03  4.985623e-04  1.023846e-03  8.405550e-08  -5.133534565215e+03
1900  1.800286e-03  4.037686e-04  8.286448e-04  5.738184e-08  -5.133534572185e+03
2000  1.457281e-03  3.271212e-04  6.710019e-04  3.948389e-08  -5.133534576960e+03
2100  1.180192e-03  2.651032e-04  5.435690e-04  2.740671e-08  -5.133534580260e+03
2200  9.561522e-04  2.148946e-04  4.404791e-04  1.919943e-08  -5.133534582560e+03
2300  7.748761e-04  1.742286e-04  3.570324e-04  1.358785e-08  -5.133534584179e+03
2400  6.281192e-04  1.412800e-04  2.894537e-04  9.714313e-09  -5.133534585330e+03
2500  5.092554e-04  1.145766e-04  2.347050e-04  7.023118e-09  -5.133534586158e+03
2600  4.129490e-04  9.292979e-05  1.903370e-04  5.134098e-09  -5.133534586759e+03
2700  3.348971e-04  7.537877e-05  1.543727e-04  3.793502e-09  -5.133534587202e+03
2800  2.716251e-04  6.114649e-05  1.252147e-04  2.834895e-09  -5.133534587530e+03
2900  2.203249e-04  4.960403e-05  1.015711e-04  2.140041e-09  -5.133534587777e+03
3000  1.787252e-04  4.024213e-05  8.239663e-05  1.630724e-09  -5.133534587964e+03
3100  1.449876e-04  3.264826e-05  6.684494e-05  1.252374e-09  -5.133534588107e+03
3200  1.176237e-04  2.648813e-05  5.423049e-05  9.704308e-10  -5.133534588217e+03
3300  9.542751e-05  2.149079e-05  4.399786e-05  7.576091e-10  -5.133534588303e+03
3400  7.742205e-05  1.743658e-05  3.569686e-05  5.948095e-10  -5.133534588370e+03
3500  6.281532e-05  1.414741e-05  2.896256e-05  4.692993e-10  -5.133534588423e+03
3600  5.096529e-05  1.147883e-05  2.349907e-05  3.738023e-10  -5.133534588465e+03
3700  4.135137e-05  9.313710e-06  1.906646e-05  2.974048e-10  -5.133534588499e+03
3800  3.355139e-05  7.557031e-06  1.547013e-05  2.373781e-10  -5.133534588525e+03
3900  2.722297e-05  6.131722e-06  1.255225e-05  1.900844e-10  -5.133534588546e+03
4000  2.208838e-05  4.975263e-06  1.018479e-05  1.509761e-10  -5.133534588563e+03
4100  1.792236e-05  4.036931e-06  8.263899e-06  1.227818e-10  -5.133534588577e+03
4200  1.454215e-05  3.275580e-06  6.705325e-06  1.000444e-10  -5.133534588588e+03
4300  1.179951e-05  2.657825e-06  5.440719e-06  8.094503e-11  -5.133534588597e+03
4400  9.574163e-06  2.156579e-06  4.414628e-06  6.548362e-11  -5.133534588604e+03
4500  7.768531e-06  1.749868e-06  3.582060e-06  5.184120e-11  -5.133534588610e+03
4600  6.303444e-06  1.419861e-06  2.906515e-06  4.092726e-11  -5.133534588615e+03
4700  5.114672e-06  1.152091e-06  2.358375e-06  3.637979e-11  -5.133534588618e+03
4800  4.150097e-06  9.348205e-07  1.913611e-06  2.546585e-11  -5.133534588622e+03
4900  3.367435e-06  7.585252e-07  1.552727e-06  2.000888e-11  -5.133534588624e+03
5000  2.732378e-06  6.154774e-07  1.259902e-06  1.637090e-11  -5.133534588626e+03
5100  2.217086e-06  4.994068e-07  1.022301e-06  1.637090e-11  -5.133534588628e+03
5200  1.798972e-06  4.052256e-07  8.295089e-07  1.000444e-11  -5.133534588629e+03
5300  1.459711e-06  3.288059e-07  6.730751e-07  9.094947e-12  -5.133534588630e+03
5400  1.184430e-06  2.667978e-07  5.461426e-07  9.094947e-12  -5.133534588631e+03
5500  9.610634e-07  2.164837e-07  4.431481e-07  9.094947e-12  -5.133534588632e+03
5600  7.798207e-07  1.756581e-07  3.595768e-07  4.547474e-12  -5.133534588632e+03
5700  6.327580e-07  1.425316e-07  2.917659e-07  3.637979e-12  -5.133534588633e+03
5800  5.134289e-07  1.156523e-07  2.367432e-07  0.000000e+00  -5.133534588633e+03
5900  4.166041e-07  9.384201e-08  1.920970e-07  4.547474e-12  -5.133534588633e+03
6000  3.380385e-07  7.614481e-08  1.558704e-07  3.637979e-12  -5.133534588634e+03
6100  2.742899e-07  6.178508e-08  1.264756e-07  2.728484e-12  -5.133534588634e+03
6200  2.225631e-07  5.013337e-08  1.026243e-07  1.818989e-12  -5.133534588634e+03
6300  1.805908e-07  4.067896e-08  8.327087e-08  9.094947e-13  -5.133534588634e+03
6400  1.465345e-07  3.300756e-08  6.756729e-08  1.818989e-12  -5.133534588634e+03
6500  1.189000e-07  2.678282e-08  5.482511e-08  0.000000e+00  -5.133534588634e+03
6600  9.647740e-08  2.173200e-08  4.448594e-08  9.094947e-13  -5.133534588634e+03
6700  7.828337e-08  1.763369e-08  3.609659e-08  2.728484e-12  -5.133534588634e+03
6800  6.352049e-08  1.430825e-08  2.928934e-08  1.818989e-12  -5.133534588634e+03
6900  5.154095e-08  1.160991e-08  2.376578e-08  3.637979e-12  -5.133534588635e+03
7000  4.182152e-08  9.420477e-09  1.928395e-08  9.094947e-13  -5.133534588635e+03
7100  3.393427e-08  7.643904e-09  1.564727e-08  9.094947e-13  -5.133534588635e+03
7200  2.753492e-08  6.202388e-09  1.269644e-08  3.637979e-12  -5.133534588635e+03
7300  2.234211e-08  5.032705e-09  1.030208e-08  9.094947e-13  -5.133534588635e+03
7400  1.812879e-08  4.083617e-09  8.359270e-09  0.000000e+00  -5.133534588635e+03
7500  1.470983e-08  3.313502e-09  6.782829e-09  0.000000e+00  -5.133534588635e+03
7600  1.193600e-08  2.688640e-09  5.503711e-09  2.728484e-12  -5.133534588635e+03
7700  9.685103e-09  2.181605e-09  4.465798e-09  0.000000e+00  -5.133534588635e+03
7800  7.858526e-09  1.770183e-09  3.623609e-09  9.094947e-13  -5.133534588635e+03
7900  6.376694e-09  1.436362e-09  2.940266e-09  9.094947e-13  -5.133534588635e+03
8000  5.174182e-09  1.165486e-09  2.385777e-09  9.094947e-13  -5.133534588635e+03
8100  4.198468e-09  9.456990e-10  1.935864e-09  9.094947e-13  -5.133534588635e+03
8200  3.406848e-09  7.673616e-10  1.570801e-09  2.728484e-12  -5.133534588635e+03
8300  2.764052e-09  6.226316e-10  1.274546e-09  0.000000e+00  -5.133534588635e+03
8400  2.242725e-09  5.052089e-10  1.034180e-09  0.000000e+00  -5.133534588635e+03
8500  1.820033e-09  4.099493e-10  8.391721e-10  9.094947e-13  -5.133534588635e+03
8600  1.476955e-09  3.326474e-10  6.809291e-10  1.818989e-12  -5.133534588635e+03
8700  1.198441e-09  2.699164e-10  5.525187e-10  1.818989e-12  -5.133534588635e+03
