0  1.904072e+01  9.850398e-01  1.510911e+00  4.593154e+03  -4.593154290909e+03
100  2.342507e-01  2.550210e-01  5.131998e-01  1.536378e-02  -4.603262708925e+03
200  3.091216e-01  7.782296e-02  1.782874e-01  3.601741e-03  -4.604016499823e+03
300  2.034756e-01  5.139716e-02  1.039210e-01  1.157613e-03  -4.604230110141e+03
400  1.247131e-01  3.561295e-02  7.080289e-02  3.396104e-04  -4.604297515914e+03
500  7.605353e-02  2.651043e-02  4.718617e-02  5.850919e-05  -4.604314748578e+03
600  4.678078e-02  2.133617e-02  3.678409e-02  2.818114e-05  -4.604315305438e+03
700  2.909327e-02  1.711463e-02  2.964699e-02  4.591523e-05  -4.604311280985e+03
800  1.828464e-02  1.367389e-02  2.379250e-02  4.157283e-05  -4.604306821800e+03
900  1.160043e-02  1.087895e-02  1.900581e-02  3.213893e-05  -4.604303131689e+03
1000  7.421630e-03  8.618474e-03  1.511070e-02  2.321628e-05  -4.604300382006e+03
1100  4.784082e-03  6.799089e-03  1.195824e-02  1.621661e-05  -4.604298430919e+03
1200  3.105363e-03  5.342068e-03  9.421273e-03  1.113473e-05  -4.604297080449e+03
1300  2.028960e-03  4.181113e-03  7.391189e-03  7.583357e-06  -4.604296157272e+03
1400  1.334110e-03  3.260625e-03  5.775671e-03  5.150198e-06  -4.604295529589e+03
1500  9.725237e-04  2.534255e-03  4.496822e-03  3.499603e-06  -4.604295103288e+03
1600  7.761121e-04  1.963633e-03  3.489479e-03  2.384460e-06  -4.604294813285e+03
1700  6.145858e-04  1.517236e-03  2.699631e-03  1.631432e-06  -4.604294615320e+03
1800  4.834807e-04  1.169366e-03  2.082914e-03  1.121965e-06  -4.604294479553e+03
1900  3.782149e-04  8.992274e-04  1.603211e-03  7.760727e-07  -4.604294385931e+03
2000  2.944561e-04  6.901166e-04  1.231357e-03  5.401498e-07  -4.604294320983e+03
2100  2.283134e-04  5.287059e-04  9.439845e-04  3.783662e-07  -4.604294275641e+03
2200  1.764141e-04  4.044285e-04  7.225000e-04  2.667684e-07  -4.604294243782e+03
2300  1.359098e-04  3.089542e-04  5.522021e-04  1.892986e-07  -4.604294221250e+03
2400  1.044425e-04  2.357499e-04  4.215329e-04  1.351682e-07  -4.604294205214e+03
2500  8.009004e-05  1.797158e-04  3.214509e-04  9.710402e-08  -4.604294193729e+03
2600  6.130526e-05  1.368871e-04  2.449154e-04  7.016024e-08  -4.604294185456e+03
2700  4.685518e-05  1.041927e-04  1.864643e-04  5.096626e-08  -4.604294179463e+03
2800  3.576543e-05  7.926100e-05  1.418751e-04  3.720470e-08  -4.604294175099e+03
2900  2.727129e-05  6.026610e-05  1.078931e-04  2.728848e-08  -4.604294171906e+03
3000  2.077598e-05  4.580524e-05  8.201570e-05  2.009710e-08  -4.604294169560e+03
3100  1.581602e-05  3.480310e-05  6.232334e-05  1.485478e-08  -4.604294167828e+03
3200  1.203286e-05  2.643679e-05  4.734604e-05  1.102035e-08  -4.604294166546e+03
3300  9.150067e-06  2.007756e-05  3.596008e-05  8.198185e-09  -4.604294165594e+03
3400  6.955105e-06  1.524559e-05  2.730752e-05  6.114533e-09  -4.604294164885e+03
3500  5.284955e-06  1.157511e-05  2.073414e-05  4.572030e-09  -4.604294164355e+03
3600  4.014816e-06  8.787529e-06  1.574151e-05  3.426976e-09  -4.604294163958e+03
3700  3.049304e-06  6.670847e-06  1.195021e-05  2.572961e-09  -4.604294163661e+03
3800  2.315616e-06  5.063802e-06  9.071586e-06  1.934495e-09  -4.604294163437e+03
3900  1.758246e-06  3.843806e-06  6.886163e-06  1.456101e-09  -4.604294163269e+03
4000  1.334914e-06  2.917704e-06  5.227142e-06  1.097760e-09  -4.604294163143e+03
4100  1.013443e-06  2.214730e-06  3.967795e-06  8.276402e-10  -4.604294163047e+03
4200  7.693537e-07  1.681139e-06  3.011870e-06  6.257324e-10  -4.604294162975e+03
4300  5.840380e-07  1.276124e-06  2.286274e-06  4.729372e-10  -4.604294162921e+03
4400  4.433537e-07  9.687019e-07  1.735512e-06  3.583409e-10  -4.604294162879e+03
4500  3.365567e-07  7.353555e-07  1.317456e-06  2.683009e-10  -4.604294162848e+03
4600  2.554868e-07  5.582328e-07  1.000126e-06  2.046363e-10  -4.604294162825e+03
4700  1.939472e-07  4.237842e-07  7.592490e-07  1.564331e-10  -4.604294162807e+03
4800  1.472332e-07  3.217258e-07  5.764016e-07  1.164153e-10  -4.604294162793e+03
4900  1.117729e-07  2.442524e-07  4.376003e-07  8.640200e-11  -4.604294162783e+03
5000  8.485478e-08  1.854400e-07  3.322321e-07  6.821210e-11  -4.604294162775e+03
5100  6.442085e-08  1.407924e-07  2.522416e-07  5.002221e-11  -4.604294162769e+03
5200  4.890879e-08  1.068972e-07  1.915150e-07  3.819878e-11  -4.604294162765e+03
5300  3.713280e-08  8.116408e-08  1.454117e-07  3.001333e-11  -4.604294162762e+03
5400  2.819285e-08  6.162705e-08  1.104093e-07  2.091838e-11  -4.604294162759e+03
5500  2.140575e-08  4.679380e-08  8.383431e-08  1.546141e-11  -4.604294162757e+03
5600  1.625294e-08  3.553154e-08  6.365705e-08  1.273293e-11  -4.604294162756e+03
5700  1.234078e-08  2.698038e-08  4.833699e-08  1.091394e-11  -4.604294162754e+03
5800  9.370500e-09  2.048754e-08  3.670460e-08  5.456968e-12  -4.604294162754e+03
5900  7.115254e-09  1.555749e-08  2.787206e-08  4.547474e-12  -4.604294162753e+03
6000  5.402894e-09  1.181396e-08  2.116529e-08  5.456968e-12  -4.604294162752e+03
6100  4.102701e-09  8.971345e-09  1.607258e-08  2.728484e-12  -4.604294162752e+03
6200  3.115458e-09  6.812776e-09  1.220539e-08  2.728484e-12  -4.604294162752e+03
6300  2.365793e-09  5.173673e-09  9.268840e-09  1.818989e-12  -4.604294162752e+03
6400  1.796551e-09  3.928954e-09  7.038865e-09  1.818989e-12  -4.604294162751e+03
6500  1.364282e-09  2.983749e-09  5.345483e-09  9.094947e-13  -4.604294162751e+03
6600  1.036050e-09  2.265928e-09  4.059481e-09  2.728484e-12  -4.604294162751e+03
6700  7.867881e-10  1.720827e-09  3.082911e-09  9.094947e-13  -4.604294162751e+03
6800  5.975090e-10  1.306855e-09  2.341267e-09  1.818989e-12  -4.604294162751e+03
6900  4.537563e-10  9.924997e-10  1.778085e-09  1.818989e-12  -4.604294162751e+03
7000  3.446015e-10  7.537467e-10  1.350354e-09  0.000000e+00  -4.604294162751e+03
7100  2.617132e-10  5.724204e-10  1.025508e-09  9.094947e-13  -4.604294162751e+03
