0  1.143161e+01  3.984379e+00  6.204140e+00  5.480800e+03  -5.480799694635e+03
100  1.329311e-01  1.673201e-01  2.871457e-01  1.376865e-03  -5.498194321657e+03
200  1.364425e-01  6.537120e-02  1.184324e-01  3.802762e-04  -5.498266660504e+03
300  9.780103e-02  2.967260e-02  5.498240e-02  1.612413e-04  -5.498291631337e+03
400  6.533855e-02  1.449514e-02  2.701666e-02  7.847562e-05  -5.498303002019e+03
500  4.378694e-02  7.408745e-03  1.855716e-02  4.073442e-05  -5.498308715612e+03
600  2.982102e-02  5.263541e-03  1.300813e-02  2.204464e-05  -5.498311741054e+03
700  2.064306e-02  3.818463e-03  9.206608e-03  1.233853e-05  -5.498313404298e+03
800  1.448337e-02  2.770009e-03  6.563163e-03  7.121898e-06  -5.498314348574e+03
900  1.026695e-02  2.010066e-03  4.704269e-03  4.235159e-06  -5.498314901180e+03
1000  7.333515e-03  1.459307e-03  3.385665e-03  2.593007e-06  -5.498315234284e+03
1100  5.266996e-03  1.059980e-03  2.444053e-03  1.632725e-06  -5.498315440933e+03
1200  3.797596e-03  7.702658e-04  1.768251e-03  1.055286e-06  -5.498315572678e+03
1300  2.745698e-03  5.599408e-04  1.281396e-03  6.982555e-07  -5.498315658794e+03
1400  1.989028e-03  4.071639e-04  9.296877e-04  4.714930e-07  -5.498315716338e+03
1500  1.442855e-03  2.961374e-04  6.750930e-04  3.238074e-07  -5.498315755518e+03
1600  1.047663e-03  2.154222e-04  4.905240e-04  2.254656e-07  -5.498315782609e+03
1700  7.612268e-04  1.567264e-04  3.565762e-04  1.587041e-07  -5.498315801574e+03
1800  5.533674e-04  1.140341e-04  2.592901e-04  1.126564e-07  -5.498315814979e+03
1900  4.024009e-04  8.297688e-05  1.885913e-04  8.048301e-08  -5.498315824525e+03
2000  2.926899e-04  6.038115e-05  1.371928e-04  5.777656e-08  -5.498315831362e+03
2100  2.129264e-04  4.394018e-05  9.981469e-05  4.163030e-08  -5.498315836279e+03
2200  1.549185e-04  3.197672e-05  7.262670e-05  3.007426e-08  -5.498315839827e+03
2300  1.127234e-04  2.327097e-05  5.284771e-05  2.177148e-08  -5.498315842392e+03
2400  8.202593e-05  1.693563e-05  3.845708e-05  1.577973e-08  -5.498315844250e+03
2500  5.969074e-05  1.232517e-05  2.798602e-05  1.145327e-08  -5.498315845598e+03
2600  4.343864e-05  8.969900e-06  2.036651e-05  8.320058e-09  -5.498315846577e+03
2700  3.161223e-05  6.528069e-06  1.482176e-05  6.043592e-09  -5.498315847287e+03
2800  2.300599e-05  4.750985e-06  1.078670e-05  4.391040e-09  -5.498315847804e+03
2900  1.674294e-05  3.457672e-06  7.850210e-06  3.196874e-09  -5.498315848180e+03
3000  1.218501e-05  2.516430e-06  5.713168e-06  2.323759e-09  -5.498315848453e+03
3100  8.867942e-06  1.831414e-06  4.157908e-06  1.689841e-09  -5.498315848652e+03
3200  6.453889e-06  1.332873e-06  3.026037e-06  1.227818e-09  -5.498315848796e+03
3300  4.697011e-06  9.700438e-07  2.202291e-06  8.931238e-10  -5.498315848901e+03
3400  3.418398e-06  7.059828e-07  1.602788e-06  6.511982e-10  -5.498315848978e+03
3500  2.487850e-06  5.138036e-07  1.166482e-06  4.738467e-10  -5.498315849034e+03
3600  1.810616e-06  3.739386e-07  8.489467e-07  3.410605e-10  -5.498315849074e+03
3700  1.317737e-06  2.721470e-07  6.178500e-07  2.510205e-10  -5.498315849104e+03
3800  9.590287e-07  1.980646e-07  4.496618e-07  1.846274e-10  -5.498315849125e+03
3900  6.979671e-07  1.441485e-07  3.272571e-07  1.336957e-10  -5.498315849141e+03
4000  5.079698e-07  1.049092e-07  2.381728e-07  9.640644e-11  -5.498315849152e+03
4100  3.696932e-07  7.635142e-08  1.733387e-07  7.094059e-11  -5.498315849160e+03
4200  2.690570e-07  5.556745e-08  1.261534e-07  4.820322e-11  -5.498315849166e+03
4300  1.958151e-07  4.044116e-08  9.181253e-08  3.819878e-11  -5.498315849171e+03
4400  1.425130e-07  2.943257e-08  6.681995e-08  2.910383e-11  -5.498315849174e+03
4500  1.037186e-07  2.142059e-08  4.863058e-08  1.818989e-11  -5.498315849176e+03
4600  7.548512e-08  1.558961e-08  3.539265e-08  1.273293e-11  -5.498315849178e+03
4700  5.493655e-08  1.134587e-08  2.575823e-08  1.182343e-11  -5.498315849179e+03
4800  3.998259e-08  8.257390e-09  1.874651e-08  6.366463e-12  -5.498315849180e+03
4900  2.909893e-08  6.009618e-09  1.364345e-08  5.456968e-12  -5.498315849181e+03
5000  2.117738e-08  4.373695e-09  9.929479e-09  3.637979e-12  -5.498315849181e+03
5100  1.541287e-08  3.183125e-09  7.226552e-09  2.728484e-12  -5.498315849182e+03
5200  1.121665e-08  2.316603e-09  5.259336e-09  2.728484e-12  -5.498315849182e+03
5300  8.163022e-09  1.685977e-09  3.827648e-09  0.000000e+00  -5.498315849182e+03
5400  5.942043e-09  1.227083e-09  2.785790e-09  3.637979e-12  -5.498315849182e+03
5500  4.323259e-09  8.929925e-10  2.027364e-09  2.728484e-12  -5.498315849182e+03
5600  3.146633e-09  6.499183e-10  1.475505e-09  3.637979e-12  -5.498315849182e+03
5700  2.289546e-09  4.729754e-10  1.073811e-09  9.094947e-13  -5.498315849182e+03
5800  1.667178e-09  3.442671e-10  7.815695e-10  1.818989e-12  -5.498315849182e+03
5900  1.212709e-09  2.505223e-10  5.687688e-10  1.818989e-12  -5.498315849182e+03
