0  4.339657e+00  2.195863e+00  3.419006e+00  5.305655e+03  -5.305654576476e+03
100  2.432857e-02  2.176214e-02  3.742444e-02  3.475107e-04  -5.311350443907e+03
200  1.462702e-02  1.066970e-02  1.843201e-02  8.017080e-05  -5.311368086139e+03
300  8.989083e-03  5.678452e-03  9.770371e-03  2.438444e-05  -5.311372635282e+03
400  5.578925e-03  3.011100e-03  5.162828e-03  9.868922e-06  -5.311374198694e+03
500  3.486817e-03  1.587768e-03  2.714251e-03  4.929909e-06  -5.311374898399e+03
600  2.248508e-03  8.340327e-04  1.421633e-03  2.779629e-06  -5.311375269879e+03
700  1.498399e-03  4.370666e-04  7.426374e-04  1.673815e-06  -5.311375486473e+03
800  9.942601e-04  2.287151e-04  4.693764e-04  1.046039e-06  -5.311375619392e+03
900  6.576430e-04  1.274564e-04  3.147064e-04  6.681257e-07  -5.311375703388e+03
1000  4.339744e-04  8.392261e-05  2.097320e-04  4.323138e-07  -5.311375757395e+03
1100  2.858891e-04  5.520278e-05  1.391729e-04  2.818679e-07  -5.311375792478e+03
1200  1.881033e-04  3.628349e-05  9.206581e-05  1.845747e-07  -5.311375815403e+03
1300  1.236550e-04  2.383460e-05  6.076675e-05  1.211465e-07  -5.311375830434e+03
1400  8.123701e-05  1.565036e-05  4.004263e-05  7.960534e-08  -5.311375840305e+03
1500  5.334615e-05  1.027330e-05  2.635480e-05  5.233505e-08  -5.311375846793e+03
1600  3.502002e-05  6.742225e-06  1.733073e-05  3.440891e-08  -5.311375851059e+03
1700  2.298449e-05  4.424176e-06  1.138926e-05  2.262004e-08  -5.311375853864e+03
1800  1.513525e-05  2.902804e-06  7.481190e-06  1.486660e-08  -5.311375855707e+03
1900  9.971645e-06  1.904468e-06  4.912430e-06  9.768883e-09  -5.311375856918e+03
2000  6.563656e-06  1.249426e-06  3.224874e-06  6.415576e-09  -5.311375857714e+03
2100  4.317314e-06  8.196626e-07  2.116650e-06  4.212779e-09  -5.311375858237e+03
2200  2.838168e-06  5.377153e-07  1.389079e-06  2.767592e-09  -5.311375858580e+03
2300  1.864969e-06  3.527487e-07  9.115108e-07  1.818080e-09  -5.311375858806e+03
2400  1.225054e-06  2.314070e-07  5.980887e-07  1.191438e-09  -5.311375858954e+03
2500  8.044903e-07  1.518053e-07  3.924158e-07  7.821654e-10  -5.311375859051e+03
2600  5.281939e-07  9.958577e-08  2.574606e-07  5.138645e-10  -5.311375859114e+03
2700  3.467311e-07  6.532936e-08  1.689130e-07  3.383320e-10  -5.311375859156e+03
2800  2.275796e-07  4.285683e-08  1.108170e-07  2.228262e-10  -5.311375859184e+03
2900  1.493582e-07  2.811467e-08  7.270148e-08  1.446097e-10  -5.311375859202e+03
3000  9.801380e-08  1.844363e-08  4.769528e-08  9.367795e-11  -5.311375859214e+03
3100  6.431577e-08  1.209932e-08  3.128990e-08  6.275513e-11  -5.311375859221e+03
3200  4.220128e-08  7.937367e-09  2.052724e-08  4.001777e-11  -5.311375859226e+03
3300  2.768975e-08  5.207072e-09  1.346653e-08  2.455636e-11  -5.311375859230e+03
3400  1.816706e-08  3.415920e-09  8.834412e-09  1.818989e-11  -5.311375859232e+03
3500  1.191953e-08  2.240927e-09  5.795642e-09  1.000444e-11  -5.311375859233e+03
3600  7.819950e-09  1.470086e-09  3.802083e-09  6.366463e-12  -5.311375859234e+03
3700  5.130457e-09  9.644108e-10  2.494271e-09  4.547474e-12  -5.311375859235e+03
3800  3.365969e-09  6.326796e-10  1.636313e-09  3.637979e-12  -5.311375859235e+03
3900  2.208570e-09  4.150693e-10  1.073488e-09  2.728484e-12  -5.311375859236e+03
4000  1.448986e-09  2.722979e-10  7.042392e-10  2.728484e-12  -5.311375859236e+03
