0  1.565375e+01  9.850398e-01  1.510911e+00  4.595351e+03  -4.595350691010e+03
100  6.388157e-02  1.434048e-01  2.590209e-01  2.415949e-03  -4.610003579456e+03
200  9.393380e-02  3.786212e-02  8.552031e-02  4.093170e-04  -4.610113766417e+03
300  6.626922e-02  1.283890e-02  2.897672e-02  5.736915e-05  -4.610132497539e+03
400  4.199769e-02  8.474300e-03  1.619720e-02  1.736295e-05  -4.610133514195e+03
500  2.615215e-02  5.466312e-03  1.046415e-02  2.912665e-05  -4.610130949670e+03
600  1.631115e-02  3.573683e-03  6.657475e-03  2.552344e-05  -4.610128166674e+03
700  1.023514e-02  2.310528e-03  4.250298e-03  1.917753e-05  -4.610125932923e+03
800  6.464307e-03  1.478270e-03  2.727330e-03  1.350546e-05  -4.610124312144e+03
900  4.106336e-03  9.821284e-04  1.737706e-03  9.198145e-06  -4.610123190577e+03
1000  2.621001e-03  6.930726e-04  1.172179e-03  6.146714e-06  -4.610122434175e+03
1100  1.679406e-03  4.851059e-04  8.216487e-04  4.061484e-06  -4.610121931624e+03
1200  1.079379e-03  3.370627e-04  5.717245e-04  2.665382e-06  -4.610121600719e+03
1300  6.954106e-04  2.326803e-04  3.952093e-04  1.741945e-06  -4.610121384020e+03
1400  4.488848e-04  1.597026e-04  2.715972e-04  1.135614e-06  -4.610121242578e+03
1500  2.901892e-04  1.090593e-04  1.856832e-04  7.392600e-07  -4.610121150438e+03
1600  1.878219e-04  7.414322e-05  1.263658e-04  4.808535e-07  -4.610121090482e+03
1700  1.216820e-04  5.020712e-05  8.564998e-05  3.126488e-07  -4.610121051491e+03
1800  7.889372e-05  3.387997e-05  5.784525e-05  2.032475e-07  -4.610121026142e+03
1900  5.118386e-05  2.279173e-05  3.894289e-05  1.321268e-07  -4.610121009664e+03
2000  3.322393e-05  1.529042e-05  2.614348e-05  8.589541e-08  -4.610120998951e+03
2100  2.157544e-05  1.023294e-05  1.750687e-05  5.585207e-08  -4.610120991986e+03
2200  1.401621e-05  6.833389e-06  1.169721e-05  3.631976e-08  -4.610120987457e+03
2300  9.108376e-06  4.554353e-06  7.799876e-06  2.362594e-08  -4.610120984511e+03
2400  5.920704e-06  3.030125e-06  5.191780e-06  1.536864e-08  -4.610120982596e+03
2500  3.849580e-06  2.012868e-06  3.450227e-06  9.998985e-09  -4.610120981349e+03
2600  2.503511e-06  1.335241e-06  2.289562e-06  6.503797e-09  -4.610120980538e+03
2700  1.628442e-06  8.846138e-07  1.517374e-06  4.235517e-09  -4.610120980010e+03
2800  1.059434e-06  5.853975e-07  1.004438e-06  2.755769e-09  -4.610120979667e+03
2900  6.893634e-07  3.869890e-07  6.641907e-07  1.792614e-09  -4.610120979443e+03
3000  4.486316e-07  2.555870e-07  4.387777e-07  1.166882e-09  -4.610120979298e+03
3100  2.920065e-07  1.686588e-07  2.896125e-07  7.612471e-10  -4.610120979203e+03
3200  1.900881e-07  1.112095e-07  1.910049e-07  4.947651e-10  -4.610120979141e+03
3300  1.237576e-07  7.327706e-08  1.258801e-07  3.228706e-10  -4.610120979101e+03
3400  8.058226e-08  4.825186e-08  8.290548e-08  2.082743e-10  -4.610120979075e+03
3500  5.247551e-08  3.175433e-08  5.456900e-08  1.373337e-10  -4.610120979058e+03
3600  3.417564e-08  2.088610e-08  3.589789e-08  8.822099e-11  -4.610120979047e+03
3700  2.225916e-08  1.373084e-08  2.360325e-08  6.002665e-11  -4.610120979040e+03
3800  1.450020e-08  9.022638e-09  1.551199e-08  4.092726e-11  -4.610120979035e+03
3900  9.446046e-09  5.926420e-09  1.019015e-08  2.546585e-11  -4.610120979032e+03
4000  6.154330e-09  3.891149e-09  6.691406e-09  1.546141e-11  -4.610120979030e+03
4100  4.010315e-09  2.553914e-09  4.392316e-09  1.091394e-11  -4.610120979029e+03
4200  2.612871e-09  1.675705e-09  2.882231e-09  7.275958e-12  -4.610120979028e+03
4300  1.702674e-09  1.099161e-09  1.890747e-09  4.547474e-12  -4.610120979027e+03
4400  1.109223e-09  7.207990e-10  1.240001e-09  9.094947e-13  -4.610120979027e+03
