0  3.274153e+00  4.332334e-03  6.676816e-03  7.800014e+01  5.000000e-03 -3.719920514259e+03
1000  7.560161e-03  2.629508e-03  5.463880e-03  7.803949e+01  5.000000e-03 -3.720113338086e+03
2000  1.880571e-03  7.027687e-04  1.439419e-03  7.804492e+01  5.000000e-03 -3.720114208743e+03
3000  5.295854e-04  2.002738e-04  4.090853e-04  7.804649e+01  5.000000e-03 -3.720114276157e+03
4000  1.520853e-04  5.769989e-05  1.177728e-04  7.804694e+01  5.000000e-03 -3.720114281506e+03
5000  4.389894e-05  1.667026e-05  3.401895e-05  7.804707e+01  5.000000e-03 -3.720114281897e+03
6000  1.268965e-05  4.820070e-06  9.835710e-06  7.804710e+01  5.000000e-03 -3.720114281915e+03
7000  3.669662e-06  1.394002e-06  2.844514e-06  7.804711e+01  5.000000e-03 -3.720114281912e+03
8000  1.061341e-06  4.031828e-07  8.227057e-07  7.804712e+01  5.000000e-03 -3.720114281910e+03
9000  3.069715e-07  1.166135e-07  2.379527e-07  7.804712e+01  5.000000e-03 -3.720114281910e+03
10000  8.878634e-08  3.372856e-08  6.882396e-08  7.804712e+01  5.000000e-03 -3.720114281909e+03
11000  2.568002e-08  9.755456e-09  1.990625e-08  7.804712e+01  5.000000e-03 -3.720114281909e+03
12000  7.427850e-09  2.821634e-09  5.757604e-09  7.804712e+01  5.000000e-03 -3.720114281909e+03
13000  2.148932e-09  8.161498e-10  1.665348e-09  7.804712e+01  5.000000e-03 -3.720114281909e+03
