0  3.274153e+00  4.332334e-03  6.676816e-03  3.719921e+03  -3.719920514259e+03
100  2.373740e-02  6.609684e-02  1.178411e-01  9.525700e-05  -3.720099660125e+03
200  5.217514e-02  2.126030e-02  4.168106e-02  3.463179e-05  -3.720105201668e+03
300  4.039243e-02  1.076965e-02  2.106674e-02  2.042445e-05  -3.720107834136e+03
400  2.925677e-02  6.981903e-03  1.539065e-02  1.390548e-05  -3.720109514875e+03
500  2.166696e-02  5.813151e-03  1.257006e-02  1.002083e-05  -3.720110695000e+03
600  1.663335e-02  4.880958e-03  1.041288e-02  7.419328e-06  -3.720111557830e+03
700  1.320154e-02  4.135962e-03  8.738186e-03  5.573343e-06  -3.720112201567e+03
800  1.076233e-02  3.533763e-03  7.412619e-03  4.222615e-06  -3.720112687299e+03
900  8.953405e-03  3.039989e-03  6.342696e-03  3.217001e-06  -3.720113056360e+03
1000  7.560161e-03  2.629508e-03  5.463880e-03  2.460409e-06  -3.720113338086e+03
1100  6.453006e-03  2.284174e-03  4.731349e-03  1.887247e-06  -3.720113553871e+03
1200  5.551288e-03  1.990781e-03  4.113437e-03  1.450929e-06  -3.720113719579e+03
1300  4.802965e-03  1.739548e-03  3.587265e-03  1.117571e-06  -3.720113847095e+03
1400  4.173122e-03  1.523077e-03  3.135883e-03  8.621319e-07  -3.720113945389e+03
1500  3.637389e-03  1.335648e-03  2.746420e-03  6.659493e-07  -3.720114021266e+03
1600  3.178102e-03  1.172744e-03  2.408867e-03  5.149841e-07  -3.720114079909e+03
1700  2.782011e-03  1.030733e-03  2.115275e-03  3.986106e-07  -3.720114125279e+03
1800  2.438877e-03  9.066440e-04  1.859213e-03  3.087798e-07  -3.720114160411e+03
1900  2.140585e-03  7.980115e-04  1.635394e-03  2.393554e-07  -3.720114187634e+03
2000  1.880571e-03  7.027687e-04  1.439419e-03  1.856420e-07  -3.720114208743e+03
2100  1.653436e-03  6.191649e-04  1.267581e-03  1.440535e-07  -3.720114225118e+03
2200  1.454679e-03  5.457064e-04  1.116738e-03  1.118201e-07  -3.720114237828e+03
2300  1.280511e-03  4.811106e-04  9.842001e-04  8.682582e-08  -3.720114247694e+03
2400  1.127715e-03  4.242709e-04  8.676568e-04  6.742994e-08  -3.720114255356e+03
2500  9.935403e-04  3.742287e-04  7.651122e-04  5.237507e-08  -3.720114261307e+03
2600  8.756225e-04  3.301508e-04  6.748365e-04  4.067851e-08  -3.720114265930e+03
2700  7.719221e-04  2.913116e-04  5.953258e-04  3.160176e-08  -3.720114269520e+03
2800  6.806723e-04  2.570771e-04  5.252694e-04  2.454271e-08  -3.720114272309e+03
2900  6.003386e-04  2.268930e-04  4.635229e-04  1.906210e-08  -3.720114274475e+03
3000  5.295854e-04  2.002738e-04  4.090853e-04  1.479839e-08  -3.720114276157e+03
3100  4.672472e-04  1.767936e-04  3.610798e-04  1.148373e-08  -3.720114277462e+03
3200  4.123057e-04  1.560785e-04  3.187375e-04  8.909410e-09  -3.720114278475e+03
3300  3.638701e-04  1.378002e-04  2.813836e-04  6.904429e-09  -3.720114279261e+03
3400  3.211595e-04  1.216697e-04  2.484251e-04  5.355105e-09  -3.720114279870e+03
3500  2.834896e-04  1.074332e-04  2.193407e-04  4.141839e-09  -3.720114280342e+03
3600  2.502591e-04  9.486681e-05  1.936721e-04  3.204150e-09  -3.720114280707e+03
3700  2.209403e-04  8.377375e-05  1.710157e-04  2.481102e-09  -3.720114280990e+03
3800  1.950691e-04  7.398048e-05  1.510161e-04  1.913577e-09  -3.720114281208e+03
3900  1.722372e-04  6.533412e-05  1.333604e-04  1.475655e-09  -3.720114281376e+03
4000  1.520853e-04  5.769989e-05  1.177728e-04  1.136868e-09  -3.720114281506e+03
4100  1.342972e-04  5.095895e-05  1.040101e-04  8.658390e-10  -3.720114281605e+03
4200  1.185943e-04  4.500652e-05  9.185802e-05  6.721166e-10  -3.720114281682e+03
4300  1.047311e-04  3.975013e-05  8.112757e-05  5.102265e-10  -3.720114281740e+03
4400  9.249123e-05  3.510823e-05  7.165204e-05  3.919922e-10  -3.720114281785e+03
4500  8.168407e-05  3.100885e-05  6.328434e-05  2.960405e-10  -3.720114281819e+03
4600  7.214139e-05  2.738849e-05  5.589470e-05  2.291927e-10  -3.720114281845e+03
4700  6.371486e-05  2.419110e-05  4.936862e-05  1.646185e-10  -3.720114281864e+03
4800  5.627364e-05  2.136719e-05  4.360502e-05  1.323315e-10  -3.720114281879e+03
4900  4.970229e-05  1.887310e-05  3.851472e-05  9.231371e-11  -3.720114281889e+03
5000  4.389894e-05  1.667026e-05  3.401895e-05  6.866685e-11  -3.720114281897e+03
5100  3.877370e-05  1.472463e-05  3.004822e-05  5.593392e-11  -3.720114281903e+03
5200  3.424722e-05  1.300617e-05  2.654115e-05  4.047251e-11  -3.720114281907e+03
5300  3.024947e-05  1.148832e-05  2.344356e-05  2.182787e-11  -3.720114281910e+03
5400  2.671862e-05  1.014766e-05  2.070761e-05  9.549694e-12  -3.720114281912e+03
5500  2.360008e-05  8.963485e-06  1.829104e-05  1.318767e-11  -3.720114281913e+03
5600  2.084568e-05  7.917528e-06  1.615656e-05  8.185452e-12  -3.720114281914e+03
5700  1.841286e-05  6.993649e-06  1.427122e-05  1.364242e-12  -3.720114281915e+03
5800  1.626405e-05  6.177592e-06  1.260592e-05  4.547474e-13  -3.720114281915e+03
5900  1.436608e-05  5.456772e-06  1.113498e-05  3.183231e-12  -3.720114281915e+03
6000  1.268965e-05  4.820070e-06  9.835710e-06  3.637979e-12  -3.720114281915e+03
6100  1.120889e-05  4.257668e-06  8.688061e-06  2.273737e-12  -3.720114281914e+03
6200  9.900951e-06  3.760893e-06  7.674339e-06  6.366463e-12  -3.720114281914e+03
6300  8.745658e-06  3.322086e-06  6.778910e-06  9.094947e-13  -3.720114281914e+03
6400  7.725190e-06  2.934481e-06  5.987968e-06  4.547474e-13  -3.720114281913e+03
6500  6.823809e-06  2.592103e-06  5.289319e-06  2.273737e-12  -3.720114281913e+03
6600  6.027613e-06  2.289675e-06  4.672190e-06  5.456968e-12  -3.720114281913e+03
6700  5.324326e-06  2.022533e-06  4.127070e-06  2.728484e-12  -3.720114281912e+03
6800  4.703104e-06  1.786561e-06  3.645554e-06  5.456968e-12  -3.720114281912e+03
6900  4.154371e-06  1.578122e-06  3.220221e-06  4.547474e-13  -3.720114281912e+03
7000  3.669662e-06  1.394002e-06  2.844514e-06  2.728484e-12  -3.720114281912e+03
7100  3.241513e-06  1.231364e-06  2.512644e-06  2.273737e-12  -3.720114281911e+03
7200  2.863319e-06  1.087702e-06  2.219494e-06  2.728484e-12  -3.720114281911e+03
7300  2.529251e-06  9.608008e-07  1.960546e-06  4.547474e-12  -3.720114281911e+03
7400  2.234162e-06  8.487057e-07  1.731812e-06  5.002221e-12  -3.720114281911e+03
7500  1.973502e-06  7.496886e-07  1.529763e-06  3.637979e-12  -3.720114281911e+03
7600  1.743254e-06  6.622240e-07  1.351288e-06  1.364242e-12  -3.720114281910e+03
7700  1.539870e-06  5.849639e-07  1.193636e-06  2.273737e-12  -3.720114281910e+03
7800  1.360215e-06  5.167176e-07  1.054377e-06  2.728484e-12  -3.720114281910e+03
7900  1.201521e-06  4.564336e-07  9.313657e-07  1.818989e-12  -3.720114281910e+03
8000  1.061341e-06  4.031828e-07  8.227057e-07  3.637979e-12  -3.720114281910e+03
8100  9.375161e-07  3.561446e-07  7.267229e-07  1.818989e-12  -3.720114281910e+03
8200  8.281390e-07  3.145944e-07  6.419384e-07  7.730705e-12  -3.720114281910e+03
8300  7.315221e-07  2.778917e-07  5.670454e-07  9.094947e-13  -3.720114281910e+03
8400  6.461768e-07  2.454710e-07  5.008900e-07  9.094947e-13  -3.720114281910e+03
8500  5.707902e-07  2.168328e-07  4.424529e-07  4.547474e-13  -3.720114281910e+03
8600  5.041978e-07  1.915357e-07  3.908335e-07  4.092726e-12  -3.720114281910e+03
8700  4.453751e-07  1.691899e-07  3.452363e-07  5.456968e-12  -3.720114281910e+03
8800  3.934140e-07  1.494511e-07  3.049588e-07  9.094947e-13  -3.720114281910e+03
8900  3.475157e-07  1.320152e-07  2.693804e-07  9.094947e-13  -3.720114281910e+03
9000  3.069715e-07  1.166135e-07  2.379527e-07  1.818989e-12  -3.720114281910e+03
9100  2.711593e-07  1.030087e-07  2.101917e-07  0.000000e+00  -3.720114281909e+03
9200  2.395235e-07  9.099102e-08  1.856694e-07  4.547474e-13  -3.720114281909e+03
9300  2.115798e-07  8.037548e-08  1.640081e-07  2.728484e-12  -3.720114281909e+03
9400  1.868948e-07  7.099835e-08  1.448739e-07  9.094947e-13  -3.720114281909e+03
9500  1.650903e-07  6.271525e-08  1.279720e-07  1.818989e-12  -3.720114281909e+03
9600  1.458300e-07  5.539851e-08  1.130420e-07  1.818989e-12  -3.720114281909e+03
9700  1.288168e-07  4.893541e-08  9.985388e-08  9.094947e-13  -3.720114281909e+03
9800  1.137879e-07  4.322629e-08  8.820430e-08  2.273737e-12  -3.720114281909e+03
9900  1.005132e-07  3.818328e-08  7.791390e-08  3.183231e-12  -3.720114281909e+03
10000  8.878634e-08  3.372856e-08  6.882396e-08  9.094947e-13  -3.720114281909e+03
10100  7.842801e-08  2.979359e-08  6.079455e-08  4.547474e-13  -3.720114281909e+03
10200  6.927887e-08  2.631774e-08  5.370196e-08  4.547474e-13  -3.720114281909e+03
10300  6.119672e-08  2.324737e-08  4.743679e-08  0.000000e+00  -3.720114281909e+03
10400  5.405620e-08  2.053515e-08  4.190247e-08  9.094947e-13  -3.720114281909e+03
10500  4.774958e-08  1.813939e-08  3.701388e-08  4.547474e-13  -3.720114281909e+03
10600  4.217935e-08  1.602317e-08  3.269565e-08  9.094947e-13  -3.720114281909e+03
10700  3.725764e-08  1.415377e-08  2.888112e-08  9.094947e-13  -3.720114281909e+03
10800  3.291076e-08  1.250249e-08  2.551165e-08  4.547474e-13  -3.720114281909e+03
10900  2.907256e-08  1.104395e-08  2.253543e-08  7.275958e-12  -3.720114281909e+03
11000  2.568002e-08  9.755456e-09  1.990625e-08  2.728484e-12  -3.720114281909e+03
11100  2.268362e-08  8.617308e-09  1.758384e-08  9.094947e-13  -3.720114281909e+03
11200  2.003717e-08  7.611966e-09  1.553241e-08  1.818989e-12  -3.720114281909e+03
11300  1.769982e-08  6.723918e-09  1.372032e-08  0.000000e+00  -3.720114281909e+03
11400  1.563446e-08  5.939450e-09  1.211960e-08  3.183231e-12  -3.720114281909e+03
11500  1.380997e-08  5.246488e-09  1.070561e-08  2.273737e-12  -3.720114281909e+03
11600  1.220026e-08  4.634486e-09  9.456757e-09  1.364242e-12  -3.720114281909e+03
11700  1.077678e-08  4.093791e-09  8.353463e-09  4.092726e-12  -3.720114281909e+03
11800  9.519165e-09  3.616167e-09  7.378874e-09  0.000000e+00  -3.720114281909e+03
11900  8.407120e-09  3.194195e-09  6.517882e-09  4.547474e-12  -3.720114281909e+03
12000  7.427850e-09  2.821634e-09  5.757604e-09  1.818989e-12  -3.720114281909e+03
12100  6.560721e-09  2.492414e-09  5.085840e-09  0.000000e+00  -3.720114281909e+03
12200  5.797054e-09  2.201738e-09  4.492647e-09  9.094947e-13  -3.720114281909e+03
12300  5.119536e-09  1.944797e-09  3.968401e-09  1.818989e-12  -3.720114281909e+03
12400  4.522958e-09  1.717937e-09  3.505471e-09  9.094947e-13  -3.720114281909e+03
12500  3.994945e-09  1.517506e-09  3.096492e-09  4.547474e-13  -3.720114281909e+03
12600  3.527729e-09  1.340402e-09  2.735145e-09  3.183231e-12  -3.720114281909e+03
12700  3.116652e-09  1.184047e-09  2.416084e-09  0.000000e+00  -3.720114281909e+03
12800  2.752794e-09  1.045894e-09  2.134188e-09  9.094947e-13  -3.720114281909e+03
12900  2.431159e-09  9.238452e-10  1.885158e-09  4.547474e-13  -3.720114281909e+03
13000  2.148932e-09  8.161498e-10  1.665348e-09  2.728484e-12  -3.720114281909e+03
13100  1.897366e-09  7.208806e-10  1.470984e-09  1.364242e-12  -3.720114281909e+03
13200  1.674969e-09  6.367143e-10  1.299278e-09  4.547474e-13  -3.720114281909e+03
13300  1.481215e-09  5.625292e-10  1.147838e-09  1.818989e-12  -3.720114281909e+03
13400  1.307024e-09  4.968250e-10  1.013815e-09  0.000000e+00  -3.720114281909e+03
13500  1.155030e-09  4.388824e-10  8.955643e-10  2.273737e-12  -3.720114281909e+03
13600  1.020969e-09  3.877227e-10  7.911460e-10  1.364242e-12  -3.720114281909e+03
