0  2.568948e+00  8.062739e-01  1.255175e+00  4.998534e+03  -4.998533766968e+03
100  5.804442e-02  7.369503e-02  1.178649e-01  3.828002e-03  -4.999925818824e+03
200  2.475430e-02  3.677939e-02  5.964800e-02  7.990750e-04  -5.000117512091e+03
300  1.329082e-02  1.927827e-02  3.162293e-02  1.684911e-04  -5.000157668040e+03
400  7.764315e-03  1.013420e-02  1.668187e-02  3.617516e-05  -5.000166185690e+03
500  4.850381e-03  5.287106e-03  8.721565e-03  8.041501e-06  -5.000168035695e+03
600  3.350070e-03  2.753401e-03  4.589747e-03  1.897243e-06  -5.000168455640e+03
700  2.413805e-03  1.442681e-03  2.411567e-03  4.791427e-07  -5.000168557532e+03
800  1.793358e-03  7.598388e-04  1.265460e-03  1.167082e-07  -5.000168583358e+03
900  1.507230e-03  4.350303e-04  9.715759e-04  9.863470e-09  -5.000168588638e+03
1000  1.278730e-03  3.464215e-04  7.669575e-04  2.546221e-08  -5.000168587527e+03
1100  1.054500e-03  2.749776e-04  6.053344e-04  3.653349e-08  -5.000168584302e+03
1200  8.549826e-04  2.177552e-04  4.775872e-04  3.793230e-08  -5.000168580528e+03
1300  6.859891e-04  1.721482e-04  3.766398e-04  3.524474e-08  -5.000168576849e+03
1400  5.467632e-04  1.359281e-04  2.969155e-04  3.097466e-08  -5.000168573534e+03
1500  4.339454e-04  1.072363e-04  2.339916e-04  2.634806e-08  -5.000168570670e+03
1600  3.434589e-04  8.454916e-05  1.843559e-04  2.193701e-08  -5.000168568261e+03
1700  2.713526e-04  6.663305e-05  1.452208e-04  1.800709e-08  -5.000168566270e+03
1800  2.141318e-04  5.249742e-05  1.143762e-04  1.462467e-08  -5.000168564645e+03
1900  1.688459e-04  4.135165e-05  9.007298e-05  1.179069e-08  -5.000168563330e+03
2000  1.330688e-04  3.256730e-05  7.092795e-05  9.453288e-09  -5.000168562273e+03
2100  1.048366e-04  2.564625e-05  5.584880e-05  7.547897e-09  -5.000168561427e+03
2200  8.257532e-05  2.019447e-05  4.397347e-05  6.009941e-09  -5.000168560753e+03
2300  6.503099e-05  1.590074e-05  3.462209e-05  4.771209e-09  -5.000168560217e+03
2400  5.120886e-05  1.251944e-05  2.725870e-05  3.778950e-09  -5.000168559792e+03
2500  4.032170e-05  9.856899e-06  2.146097e-05  2.988600e-09  -5.000168559455e+03
2600  3.174763e-05  7.760447e-06  1.689614e-05  2.363777e-09  -5.000168559189e+03
2700  2.499592e-05  6.109794e-06  1.330214e-05  1.864464e-09  -5.000168558979e+03
2800  1.967962e-05  4.810184e-06  1.047255e-05  1.471562e-09  -5.000168558813e+03
2900  1.549376e-05  3.786982e-06  8.244813e-06  1.162334e-09  -5.000168558682e+03
3000  1.219810e-05  2.981414e-06  6.490938e-06  9.158612e-10  -5.000168558578e+03
3100  9.603365e-06  2.347196e-06  5.110139e-06  7.221388e-10  -5.000168558497e+03
3200  7.560529e-06  1.847885e-06  4.023065e-06  5.693437e-10  -5.000168558433e+03
3300  5.952220e-06  1.454787e-06  3.167236e-06  4.474714e-10  -5.000168558382e+03
3400  4.686022e-06  1.145310e-06  2.493466e-06  3.547029e-10  -5.000168558342e+03
3500  3.689170e-06  9.016666e-07  1.963025e-06  2.764864e-10  -5.000168558311e+03
3600  2.904371e-06  7.098532e-07  1.545425e-06  2.182787e-10  -5.000168558286e+03
3700  2.286520e-06  5.588441e-07  1.216662e-06  1.728040e-10  -5.000168558267e+03
3800  1.800104e-06  4.399594e-07  9.578366e-07  1.355147e-10  -5.000168558251e+03
3900  1.417163e-06  3.463652e-07  7.540721e-07  1.064109e-10  -5.000168558239e+03
4000  1.115684e-06  2.726816e-07  5.936551e-07  8.458301e-11  -5.000168558230e+03
4100  8.783402e-07  2.146728e-07  4.673642e-07  6.821210e-11  -5.000168558222e+03
4200  6.914879e-07  1.690046e-07  3.679397e-07  4.911271e-11  -5.000168558216e+03
4300  5.443853e-07  1.330515e-07  2.896662e-07  4.456524e-11  -5.000168558212e+03
4400  4.285755e-07  1.047468e-07  2.280441e-07  3.274181e-11  -5.000168558208e+03
4500  3.374025e-07  8.246352e-08  1.795312e-07  2.637535e-11  -5.000168558205e+03
4600  2.656252e-07  6.492065e-08  1.413387e-07  1.637090e-11  -5.000168558203e+03
4700  2.091176e-07  5.110977e-08  1.112710e-07  1.637090e-11  -5.000168558201e+03
4800  1.646311e-07  4.023695e-08  8.759977e-08  1.091394e-11  -5.000168558200e+03
4900  1.296084e-07  3.167715e-08  6.896424e-08  1.000444e-11  -5.000168558199e+03
5000  1.020361e-07  2.493831e-08  5.429313e-08  8.185452e-12  -5.000168558198e+03
5100  8.032930e-08  1.963305e-08  4.274307e-08  3.637979e-12  -5.000168558197e+03
5200  6.324094e-08  1.545644e-08  3.365015e-08  3.637979e-12  -5.000168558196e+03
5300  4.978721e-08  1.216830e-08  2.649158e-08  4.547474e-12  -5.000168558196e+03
5400  3.919590e-08  9.579689e-09  2.085590e-08  3.637979e-12  -5.000168558196e+03
5500  3.085697e-08  7.541722e-09  1.641909e-08  2.728484e-12  -5.000168558195e+03
5600  2.429342e-08  5.937378e-09  1.292622e-08  2.728484e-12  -5.000168558195e+03
5700  1.912481e-08  4.674259e-09  1.017633e-08  0.000000e+00  -5.000168558195e+03
5800  1.505655e-08  3.679895e-09  8.011481e-09  9.094947e-13  -5.000168558195e+03
5900  1.185341e-08  2.897048e-09  6.307154e-09  1.818989e-12  -5.000168558195e+03
6000  9.331809e-09  2.280746e-09  4.965402e-09  0.000000e+00  -5.000168558195e+03
6100  7.346479e-09  1.795543e-09  3.909080e-09  9.094947e-13  -5.000168558195e+03
6200  5.784237e-09  1.413604e-09  3.077520e-09  1.818989e-12  -5.000168558195e+03
6300  4.553278e-09  1.112854e-09  2.422794e-09  0.000000e+00  -5.000168558195e+03
6400  3.584280e-09  8.760906e-10  1.907360e-09  9.094947e-13  -5.000168558195e+03
6500  2.822004e-09  6.897296e-10  1.501612e-09  1.818989e-12  -5.000168558195e+03
6600  2.221736e-09  5.430039e-10  1.182170e-09  9.094947e-13  -5.000168558195e+03
6700  1.748733e-09  4.274668e-10  9.306598e-10  1.818989e-12  -5.000168558195e+03
6800  1.377307e-09  3.365634e-10  7.327110e-10  9.094947e-13  -5.000168558195e+03
6900  1.083684e-09  2.649289e-10  5.767992e-10  0.000000e+00  -5.000168558195e+03
