0  4.054630e+00  5.260894e-01  8.196361e-01  2.654281e+01  5.000000e-03 -4.998318304186e+03
1000  7.687626e-03  1.891958e-03  3.983621e-03  2.366333e+01  5.000000e-03 -4.999926524497e+03
2000  1.309072e-03  3.121405e-04  6.498134e-04  2.366047e+01  5.000000e-03 -4.999926785725e+03
3000  2.065602e-04  4.911910e-05  1.021421e-04  2.366022e+01  5.000000e-03 -4.999926788075e+03
4000  3.233301e-05  7.685467e-06  1.597910e-05  2.366018e+01  5.000000e-03 -4.999926787444e+03
5000  5.054958e-06  1.201472e-06  2.497954e-06  2.366017e+01  5.000000e-03 -4.999926787321e+03
6000  7.901445e-07  1.878011e-07  3.904517e-07  2.366017e+01  5.000000e-03 -4.999926787301e+03
7000  1.235044e-07  2.935442e-08  6.102987e-08  2.366017e+01  5.000000e-03 -4.999926787298e+03
8000  1.930446e-08  4.588257e-09  9.539299e-09  2.366017e+01  5.000000e-03 -4.999926787297e+03
9000  3.017187e-09  7.171584e-10  1.491032e-09  2.366017e+01  5.000000e-03 -4.999926787297e+03
