0  4.054630e+00  5.260894e-01  8.196361e-01  4.998318e+03  -4.998318304186e+03
100  5.423115e-02  7.469153e-02  1.193557e-01  3.886635e-03  -4.999676267769e+03
200  3.154658e-02  4.159842e-02  6.701677e-02  8.181011e-04  -4.999871348112e+03
300  2.084994e-02  2.234988e-02  3.619605e-02  1.784732e-04  -4.999912850723e+03
400  1.476500e-02  1.206058e-02  1.957777e-02  4.315676e-05  -4.999922196313e+03
500  1.276484e-02  6.604121e-03  1.071739e-02  1.324881e-05  -4.999924649967e+03
600  1.263143e-02  3.709804e-03  7.803482e-03  5.764653e-06  -4.999925520164e+03
700  1.164296e-02  3.089526e-03  6.636604e-03  3.311341e-06  -4.999925954212e+03
800  1.033509e-02  2.640324e-03  5.618810e-03  2.165873e-06  -4.999926221820e+03
900  8.974538e-03  2.240788e-03  4.738603e-03  1.478830e-06  -4.999926401228e+03
1000  7.687626e-03  1.891958e-03  3.983621e-03  1.020049e-06  -4.999926524497e+03
1100  6.527528e-03  1.591372e-03  3.340514e-03  7.032677e-07  -4.999926609545e+03
1200  5.509987e-03  1.334767e-03  2.795719e-03  4.829608e-07  -4.999926668082e+03
1300  4.632291e-03  1.117170e-03  2.336182e-03  3.299037e-07  -4.999926708183e+03
1400  3.883303e-03  9.335468e-04  1.949839e-03  2.239394e-07  -4.999926735496e+03
1500  3.248706e-03  7.791474e-04  1.625856e-03  1.508915e-07  -4.999926753974e+03
1600  2.713670e-03  6.496664e-04  1.354700e-03  1.007738e-07  -4.999926766374e+03
1700  2.264146e-03  5.413004e-04  1.128101e-03  6.656865e-08  -4.999926774615e+03
1800  1.887420e-03  4.507457e-04  9.389634e-04  4.335561e-08  -4.999926780024e+03
1900  1.572294e-03  3.751649e-04  7.812410e-04  2.771139e-08  -4.999926783517e+03
2000  1.309072e-03  3.121405e-04  6.498134e-04  1.725039e-08  -4.999926785725e+03
2100  1.089445e-03  2.596253e-04  5.403617e-04  1.033095e-08  -4.999926787076e+03
2200  9.063493e-04  2.158924e-04  4.492548e-04  5.808943e-09  -4.999926787865e+03
2300  7.538125e-04  1.794903e-04  3.734471e-04  2.905836e-09  -4.999926788288e+03
2400  6.268031e-04  1.492017e-04  3.103892e-04  1.083208e-09  -4.999926788479e+03
2500  5.210953e-04  1.240076e-04  2.579501e-04  1.728040e-11  -4.999926788527e+03
2600  4.331476e-04  1.030564e-04  2.143507e-04  6.502887e-10  -4.999926788490e+03
2700  3.599975e-04  8.563718e-05  1.781071e-04  9.804353e-10  -4.999926788407e+03
2800  2.991696e-04  7.115691e-05  1.479825e-04  1.116859e-09  -4.999926788301e+03
2900  2.485980e-04  5.912142e-05  1.229467e-04  1.138687e-09  -4.999926788187e+03
3000  2.065602e-04  4.911910e-05  1.021421e-04  1.089575e-09  -4.999926788075e+03
3100  1.716208e-04  4.080727e-05  8.485500e-05  1.003173e-09  -4.999926787971e+03
3200  1.425843e-04  3.390076e-05  7.049157e-05  9.067662e-10  -4.999926787875e+03
3300  1.184557e-04  2.816233e-05  5.855802e-05  7.994458e-10  -4.999926787790e+03
3400  9.840680e-05  2.339469e-05  4.864371e-05  6.966729e-10  -4.999926787715e+03
3500  8.174896e-05  1.943378e-05  4.040730e-05  5.984475e-10  -4.999926787651e+03
3600  6.790930e-05  1.614321e-05  3.356501e-05  5.138645e-10  -4.999926787595e+03
3700  5.641152e-05  1.340963e-05  2.788103e-05  4.347385e-10  -4.999926787548e+03
3800  4.685969e-05  1.113880e-05  2.315936e-05  3.728928e-10  -4.999926787507e+03
3900  3.892469e-05  9.252435e-06  1.923716e-05  3.146852e-10  -4.999926787473e+03
4000  3.233301e-05  7.685467e-06  1.597910e-05  2.646630e-10  -4.999926787444e+03
4100  2.685735e-05  6.383834e-06  1.327277e-05  2.219167e-10  -4.999926787420e+03
4200  2.230883e-05  5.302621e-06  1.102475e-05  1.855369e-10  -4.999926787400e+03
4300  1.853053e-05  4.404510e-06  9.157439e-06  1.555236e-10  -4.999926787383e+03
4400  1.539205e-05  3.658499e-06  7.606382e-06  1.300577e-10  -4.999926787368e+03
4500  1.278507e-05  3.038834e-06  6.318021e-06  1.082299e-10  -4.999926787357e+03
4600  1.061960e-05  2.524119e-06  5.247870e-06  9.003998e-11  -4.999926787347e+03
4700  8.820881e-06  2.096582e-06  4.358974e-06  7.366907e-11  -4.999926787338e+03
4800  7.326806e-06  1.741458e-06  3.620636e-06  6.184564e-11  -4.999926787331e+03
4900  6.085784e-06  1.446484e-06  3.007356e-06  5.184120e-11  -4.999926787326e+03
5000  5.054958e-06  1.201472e-06  2.497954e-06  4.365575e-11  -4.999926787321e+03
5100  4.198730e-06  9.979599e-07  2.074835e-06  3.910827e-11  -4.999926787317e+03
5200  3.487530e-06  8.289194e-07  1.723386e-06  3.183231e-11  -4.999926787314e+03
5300  2.896792e-06  6.885114e-07  1.431467e-06  2.546585e-11  -4.999926787311e+03
5400  2.406116e-06  5.718864e-07  1.188994e-06  2.182787e-11  -4.999926787309e+03
5500  1.998552e-06  4.750159e-07  9.875927e-07  1.818989e-11  -4.999926787307e+03
5600  1.660022e-06  3.945540e-07  8.203061e-07  1.546141e-11  -4.999926787305e+03
5700  1.378835e-06  3.277212e-07  6.813557e-07  1.182343e-11  -4.999926787304e+03
5800  1.145277e-06  2.722090e-07  5.659419e-07  8.185452e-12  -4.999926787303e+03
5900  9.512805e-07  2.260999e-07  4.700776e-07  6.366463e-12  -4.999926787302e+03
6000  7.901445e-07  1.878011e-07  3.904517e-07  4.547474e-12  -4.999926787301e+03
6100  6.563033e-07  1.559897e-07  3.243135e-07  7.275958e-12  -4.999926787300e+03
6200  5.451327e-07  1.295667e-07  2.693783e-07  4.547474e-12  -4.999926787300e+03
6300  4.527929e-07  1.076195e-07  2.237485e-07  2.728484e-12  -4.999926787299e+03
6400  3.760950e-07  8.938995e-08  1.858479e-07  3.637979e-12  -4.999926787299e+03
6500  3.123888e-07  7.424826e-08  1.543673e-07  3.637979e-12  -4.999926787299e+03
6600  2.594734e-07  6.167140e-08  1.282191e-07  1.818989e-12  -4.999926787299e+03
6700  2.155214e-07  5.122491e-08  1.065001e-07  0.000000e+00  -4.999926787298e+03
6800  1.790146e-07  4.254797e-08  8.846015e-08  9.094947e-13  -4.999926787298e+03
6900  1.486914e-07  3.534080e-08  7.347594e-08  2.728484e-12  -4.999926787298e+03
7000  1.235044e-07  2.935442e-08  6.102987e-08  9.094947e-13  -4.999926787298e+03
7100  1.025843e-07  2.438211e-08  5.069207e-08  9.094947e-13  -4.999926787298e+03
7200  8.520742e-08  2.025202e-08  4.210535e-08  0.000000e+00  -4.999926787298e+03
7300  7.077427e-08  1.682155e-08  3.497315e-08  2.728484e-12  -4.999926787298e+03
7400  5.878540e-08  1.397213e-08  2.904904e-08  9.094947e-13  -4.999926787298e+03
7500  4.882774e-08  1.160539e-08  2.412843e-08  9.094947e-13  -4.999926787298e+03
7600  4.055713e-08  9.639578e-09  2.004134e-08  9.094947e-13  -4.999926787298e+03
7700  3.368710e-08  8.006728e-09  1.664655e-08  9.094947e-13  -4.999926787298e+03
7800  2.798053e-08  6.650457e-09  1.382678e-08  1.818989e-12  -4.999926787298e+03
7900  2.324116e-08  5.523951e-09  1.148468e-08  9.094947e-13  -4.999926787297e+03
8000  1.930446e-08  4.588257e-09  9.539299e-09  0.000000e+00  -4.999926787297e+03
8100  1.603473e-08  3.811068e-09  7.923457e-09  1.818989e-12  -4.999926787297e+03
8200  1.331785e-08  3.165469e-09  6.581259e-09  1.818989e-12  -4.999926787297e+03
8300  1.106250e-08  2.629304e-09  5.466496e-09  1.818989e-12  -4.999926787297e+03
8400  9.188242e-09  2.183907e-09  4.540508e-09  9.094947e-13  -4.999926787297e+03
8500  7.632058e-09  1.813986e-09  3.771403e-09  9.094947e-13  -4.999926787297e+03
8600  6.339229e-09  1.506715e-09  3.132568e-09  3.637979e-12  -4.999926787297e+03
8700  5.265418e-09  1.251491e-09  2.601939e-09  0.000000e+00  -4.999926787297e+03
8800  4.373481e-09  1.039499e-09  2.161195e-09  9.094947e-13  -4.999926787297e+03
8900  3.632326e-09  8.634013e-10  1.795093e-09  1.818989e-12  -4.999926787297e+03
9000  3.017187e-09  7.171584e-10  1.491032e-09  1.818989e-12  -4.999926787297e+03
9100  2.506386e-09  5.956949e-10  1.238485e-09  0.000000e+00  -4.999926787297e+03
9200  2.081612e-09  4.947792e-10  1.028686e-09  9.094947e-13  -4.999926787297e+03
9300  1.729165e-09  4.109787e-10  8.544488e-10  0.000000e+00  -4.999926787297e+03
9400  1.436357e-09  3.413664e-10  7.097174e-10  9.094947e-13  -4.999926787297e+03
9500  1.192716e-09  2.835226e-10  5.894758e-10  9.094947e-13  -4.999926787297e+03
