0  4.695161e+00  5.443195e-01  8.446679e-01  5.149160e+03  -5.149159728753e+03
100  9.144132e-03  3.752954e-03  5.718842e-03  7.674444e-06  -5.149594432816e+03
200  3.607008e-03  1.135784e-03  1.842252e-03  1.658336e-06  -5.149594819307e+03
300  2.778280e-03  7.119899e-04  1.426514e-03  4.007397e-07  -5.149594906279e+03
400  2.392754e-03  5.539093e-04  1.134654e-03  1.138806e-07  -5.149594928602e+03
500  2.037177e-03  4.522923e-04  9.136522e-04  3.813147e-08  -5.149594935414e+03
600  1.697297e-03  3.645813e-04  7.464860e-04  1.324315e-08  -5.149594937769e+03
700  1.391011e-03  2.921767e-04  6.038114e-04  3.169589e-09  -5.149594938517e+03
800  1.127338e-03  2.333586e-04  4.852744e-04  1.359695e-09  -5.149594938575e+03
900  9.069315e-04  1.859656e-04  3.883384e-04  3.338755e-09  -5.149594938325e+03
1000  7.260839e-04  1.479710e-04  3.098646e-04  4.024514e-09  -5.149594937948e+03
1100  5.794407e-04  1.176140e-04  2.467601e-04  4.044523e-09  -5.149594937541e+03
1200  4.614353e-04  9.341558e-05  1.962416e-04  3.735295e-09  -5.149594937150e+03
1300  3.669445e-04  7.415758e-05  1.559212e-04  3.293280e-09  -5.149594936798e+03
1400  2.915284e-04  5.884850e-05  1.238065e-04  2.821253e-09  -5.149594936493e+03
1500  2.314656e-04  4.668809e-05  9.826341e-05  2.365596e-09  -5.149594936234e+03
1600  1.836989e-04  3.703398e-05  7.796664e-05  1.960871e-09  -5.149594936018e+03
1700  1.457474e-04  2.937251e-05  6.184931e-05  1.600711e-09  -5.149594935841e+03
1800  1.156136e-04  2.329400e-05  4.905661e-05  1.302396e-09  -5.149594935696e+03
1900  9.169758e-05  1.847228e-05  3.890594e-05  1.050466e-09  -5.149594935579e+03
2000  7.272202e-05  1.464798e-05  3.085341e-05  8.494681e-10  -5.149594935484e+03
2100  5.766940e-05  1.161507e-05  2.446630e-05  6.803020e-10  -5.149594935408e+03
2200  4.573039e-05  9.209920e-06  1.940072e-05  5.466063e-10  -5.149594935347e+03
2300  3.626187e-05  7.302691e-06  1.538353e-05  4.365575e-10  -5.149594935299e+03
2400  2.875315e-05  5.790351e-06  1.219793e-05  3.456080e-10  -5.149594935260e+03
2500  2.279887e-05  4.591167e-06  9.671867e-06  2.755769e-10  -5.149594935229e+03
2600  1.807739e-05  3.640311e-06  7.668850e-06  2.200977e-10  -5.149594935204e+03
2700  1.433357e-05  2.886369e-06  6.080607e-06  1.746230e-10  -5.149594935185e+03
2800  1.136502e-05  2.288567e-06  4.821268e-06  1.373337e-10  -5.149594935169e+03
2900  9.011228e-06  1.814573e-06  3.822732e-06  1.100489e-10  -5.149594935157e+03
3000  7.144898e-06  1.438746e-06  3.030994e-06  9.003998e-11  -5.149594935147e+03
3100  5.665091e-06  1.140757e-06  2.403230e-06  7.094059e-11  -5.149594935139e+03
3200  4.491763e-06  9.044859e-07  1.905481e-06  5.547918e-11  -5.149594935133e+03
3300  3.561444e-06  7.171501e-07  1.510823e-06  4.365575e-11  -5.149594935128e+03
3400  2.823806e-06  5.686145e-07  1.197904e-06  3.365130e-11  -5.149594935124e+03
3500  2.238944e-06  4.508433e-07  9.497954e-07  2.819434e-11  -5.149594935121e+03
3600  1.775216e-06  3.574647e-07  7.530744e-07  1.909939e-11  -5.149594935118e+03
3700  1.407534e-06  2.834265e-07  5.970978e-07  1.546141e-11  -5.149594935116e+03
3800  1.116006e-06  2.247231e-07  4.734269e-07  1.455192e-11  -5.149594935115e+03
3900  8.848585e-07  1.781783e-07  3.753706e-07  1.000444e-11  -5.149594935114e+03
4000  7.015861e-07  1.412739e-07  2.976236e-07  9.094947e-12  -5.149594935113e+03
4100  5.562734e-07  1.120131e-07  2.359796e-07  5.456968e-12  -5.149594935112e+03
4200  4.410571e-07  8.881286e-08  1.871033e-07  6.366463e-12  -5.149594935111e+03
4300  3.497055e-07  7.041788e-08  1.483504e-07  2.728484e-12  -5.149594935111e+03
4400  2.772739e-07  5.583284e-08  1.176239e-07  2.728484e-12  -5.149594935110e+03
4500  2.198450e-07  4.426871e-08  9.326154e-08  3.637979e-12  -5.149594935110e+03
4600  1.743112e-07  3.509976e-08  7.394517e-08  1.818989e-12  -5.149594935110e+03
4700  1.382069e-07  2.782982e-08  5.862951e-08  0.000000e+00  -5.149594935110e+03
4800  1.095815e-07  2.206569e-08  4.648612e-08  2.728484e-12  -5.149594935110e+03
4900  8.688457e-08  1.749540e-08  3.685784e-08  9.094947e-13  -5.149594935109e+03
5000  6.888880e-08  1.387173e-08  2.922379e-08  1.818989e-12  -5.149594935109e+03
5100  5.462103e-08  1.099863e-08  2.317097e-08  0.000000e+00  -5.149594935109e+03
5200  4.330776e-08  8.720575e-09  1.837177e-08  0.000000e+00  -5.149594935109e+03
5300  3.433767e-08  6.914352e-09  1.456657e-08  1.818989e-12  -5.149594935109e+03
5400  2.722612e-08  5.482268e-09  1.154957e-08  0.000000e+00  -5.149594935109e+03
5500  2.158676e-08  4.346764e-09  9.157392e-09  9.094947e-13  -5.149594935109e+03
5600  1.711547e-08  3.446445e-09  7.260684e-09  9.094947e-13  -5.149594935109e+03
5700  1.357084e-08  2.732632e-09  5.756870e-09  9.094947e-13  -5.149594935109e+03
5800  1.075987e-08  2.166638e-09  4.564490e-09  9.094947e-13  -5.149594935109e+03
5900  8.531140e-09  1.717875e-09  3.619077e-09  9.094947e-13  -5.149594935109e+03
6000  6.764269e-09  1.362073e-09  2.869497e-09  0.000000e+00  -5.149594935109e+03
6100  5.363460e-09  1.079972e-09  2.275184e-09  0.000000e+00  -5.149594935109e+03
6200  4.252493e-09  8.562807e-10  1.803936e-09  9.094947e-13  -5.149594935109e+03
6300  3.371560e-09  6.789189e-10  1.430291e-09  9.094947e-13  -5.149594935109e+03
6400  2.673200e-09  5.382969e-10  1.134042e-09  3.637979e-12  -5.149594935109e+03
6500  2.119321e-09  4.267939e-10  8.991423e-10  9.094947e-13  -5.149594935109e+03
6600  1.680444e-09  3.384021e-10  7.129202e-10  1.818989e-12  -5.149594935109e+03
6700  1.332304e-09  2.683058e-10  5.652501e-10  0.000000e+00  -5.149594935109e+03
6800  1.056681e-09  2.127519e-10  4.482026e-10  9.094947e-13  -5.149594935109e+03
