0  1.368934e+01  8.207932e-01  1.235645e+00  3.709971e+03  -3.709970812797e+03
100  6.006895e-02  1.340732e-01  2.387189e-01  5.267486e-04  -3.717381592867e+03
200  6.987085e-02  3.722541e-02  7.988144e-02  1.123633e-04  -3.717406825299e+03
300  5.124493e-02  1.645786e-02  2.919989e-02  3.507916e-05  -3.717413405501e+03
400  3.349228e-02  1.211362e-02  2.086499e-02  7.570332e-06  -3.717415315979e+03
500  2.164036e-02  8.930461e-03  1.545956e-02  3.089694e-06  -3.717415446134e+03
600  1.411764e-02  6.581743e-03  1.143641e-02  6.418680e-06  -3.717414930395e+03
700  9.336398e-03  4.844077e-03  8.441861e-03  6.651387e-06  -3.717414261472e+03
800  6.255502e-03  3.559054e-03  6.217265e-03  5.752093e-06  -3.717413637036e+03
900  4.238626e-03  2.610427e-03  4.569127e-03  4.586775e-06  -3.717413120411e+03
1000  2.898771e-03  1.911583e-03  3.351428e-03  3.500589e-06  -3.717412717925e+03
1100  1.997366e-03  1.397792e-03  2.454031e-03  2.603039e-06  -3.717412414896e+03
1200  1.384550e-03  1.020752e-03  1.794179e-03  1.904451e-06  -3.717412191447e+03
1300  9.643688e-04  7.445257e-04  1.309960e-03  1.378899e-06  -3.717412028842e+03
1400  6.742883e-04  5.424589e-04  9.552483e-04  9.916193e-07  -3.717411911518e+03
1500  4.729223e-04  3.948386e-04  6.958076e-04  7.099561e-07  -3.717411827338e+03
1600  3.325224e-04  2.871239e-04  5.063107e-04  5.068414e-07  -3.717411767157e+03
1700  2.342826e-04  2.086131e-04  3.680723e-04  3.611822e-07  -3.717411724234e+03
1800  1.653452e-04  1.514461e-04  2.673404e-04  2.570896e-07  -3.717411693665e+03
1900  1.168566e-04  1.098594e-04  1.940145e-04  1.828853e-07  -3.717411671913e+03
2000  8.268538e-05  7.963312e-05  1.406893e-04  1.300505e-07  -3.717411656442e+03
2100  5.856539e-05  5.768222e-05  1.019442e-04  9.248197e-08  -3.717411645440e+03
2200  4.151724e-05  4.175363e-05  7.381645e-05  6.576511e-08  -3.717411637617e+03
2300  2.945378e-05  3.020384e-05  5.341296e-05  4.677486e-08  -3.717411632054e+03
2400  2.090923e-05  2.183518e-05  3.862386e-05  3.327477e-08  -3.717411628097e+03
2500  1.485201e-05  1.577571e-05  2.791209e-05  2.367733e-08  -3.717411625281e+03
2600  1.055493e-05  1.139118e-05  2.015897e-05  1.684793e-08  -3.717411623278e+03
2700  7.504534e-06  8.220660e-06  1.455106e-05  1.199760e-08  -3.717411621852e+03
2800  5.337905e-06  5.929430e-06  1.049742e-05  8.536517e-09  -3.717411620837e+03
2900  3.798212e-06  4.274620e-06  7.569067e-06  6.085429e-09  -3.717411620114e+03
3000  2.703547e-06  3.080140e-06  5.454877e-06  4.336016e-09  -3.717411619599e+03
3100  1.924963e-06  2.218408e-06  3.929349e-06  3.083187e-09  -3.717411619232e+03
3200  1.370984e-06  1.597057e-06  2.829173e-06  2.200068e-09  -3.717411618970e+03
3300  9.766844e-07  1.149255e-06  2.036157e-06  1.573426e-09  -3.717411618784e+03
3400  6.959515e-07  8.266826e-07  1.464824e-06  1.122316e-09  -3.717411618651e+03
3500  4.960201e-07  5.944243e-07  1.053395e-06  7.971721e-10  -3.717411618556e+03
3600  3.535949e-07  4.272662e-07  7.572483e-07  5.666152e-10  -3.717411618489e+03
3700  2.521124e-07  3.070105e-07  5.441700e-07  4.069989e-10  -3.717411618441e+03
3800  1.797871e-07  2.205303e-07  3.909207e-07  2.892193e-10  -3.717411618406e+03
3900  1.282302e-07  1.583624e-07  2.807428e-07  2.096385e-10  -3.717411618382e+03
4000  9.147204e-08  1.136872e-07  2.015589e-07  1.464286e-10  -3.717411618364e+03
4100  6.525878e-08  8.159339e-08  1.446694e-07  1.068656e-10  -3.717411618352e+03
4200  4.656652e-08  5.854455e-08  1.038097e-07  7.366907e-11  -3.717411618343e+03
4300  3.322917e-08  4.199684e-08  7.447239e-08  5.456968e-11  -3.717411618336e+03
4400  2.371585e-08  3.011952e-08  5.341364e-08  4.183676e-11  -3.717411618332e+03
4500  1.692855e-08  2.159671e-08  3.830149e-08  3.046807e-11  -3.717411618329e+03
4600  1.208471e-08  1.548251e-08  2.745944e-08  1.682565e-11  -3.717411618326e+03
4700  8.627444e-09  1.109724e-08  1.968277e-08  1.409717e-11  -3.717411618325e+03
4800  6.160295e-09  7.952621e-09  1.410591e-08  1.182343e-11  -3.717411618324e+03
4900  4.397611e-09  5.698290e-09  1.010770e-08  3.637979e-12  -3.717411618323e+03
5000  3.140522e-09  4.082287e-09  7.241496e-09  9.094947e-13  -3.717411618322e+03
5100  2.242339e-09  2.924200e-09  5.187365e-09  9.094947e-13  -3.717411618322e+03
5200  1.601462e-09  2.094325e-09  3.715343e-09  9.094947e-13  -3.717411618321e+03
5300  1.143765e-09  1.499786e-09  2.660710e-09  1.364242e-12  -3.717411618321e+03
5400  8.176364e-10  1.073874e-09  1.905178e-09  3.183231e-12  -3.717411618321e+03
5500  5.829006e-10  7.688888e-10  1.364125e-09  3.637979e-12  -3.717411618321e+03
