0  6.939483e+00  6.490622e-01  1.007696e+00  5.129379e+03  -5.129378602517e+03
100  1.319244e-02  6.648477e-03  9.894125e-03  1.846326e-05  -5.133406325858e+03
200  4.831460e-03  1.909253e-03  3.210940e-03  6.285560e-06  -5.133407474852e+03
300  3.071404e-03  7.510488e-04  1.455671e-03  2.477396e-06  -5.133407871010e+03
400  1.983563e-03  4.187198e-04  9.927180e-04  1.310238e-06  -5.133408050185e+03
500  1.302122e-03  2.888687e-04  6.826649e-04  8.112156e-07  -5.133408153195e+03
600  8.857822e-04  2.039947e-04  4.720681e-04  5.342399e-07  -5.133408219169e+03
700  6.128018e-04  1.431674e-04  3.274299e-04  3.604755e-07  -5.133408263192e+03
800  4.426762e-04  1.002011e-04  2.307294e-04  2.460520e-07  -5.133408293077e+03
900  3.165631e-04  7.001843e-05  1.623499e-04  1.690933e-07  -5.133408313547e+03
1000  2.247261e-04  4.887575e-05  1.138899e-04  1.167209e-07  -5.133408327645e+03
1100  1.586915e-04  3.409194e-05  7.972281e-05  8.081224e-08  -5.133408337392e+03
1200  1.116347e-04  2.376726e-05  5.572010e-05  5.606307e-08  -5.133408344147e+03
1300  7.831517e-05  1.656311e-05  3.890134e-05  3.894729e-08  -5.133408348837e+03
1400  5.483044e-05  1.153952e-05  2.713796e-05  2.707657e-08  -5.133408352096e+03
1500  3.833206e-05  8.038046e-06  1.892115e-05  1.883927e-08  -5.133408354363e+03
1600  2.676935e-05  5.598288e-06  1.318698e-05  1.311128e-08  -5.133408355941e+03
1700  1.867981e-05  3.898696e-06  9.187981e-06  9.124960e-09  -5.133408357039e+03
1800  1.302737e-05  2.714909e-06  6.400409e-06  6.353730e-09  -5.133408357803e+03
1900  9.081471e-06  1.890478e-06  4.457931e-06  4.422873e-09  -5.133408358335e+03
2000  6.328773e-06  1.316359e-06  3.104666e-06  3.080459e-09  -5.133408358706e+03
2100  4.409429e-06  9.165751e-07  2.162048e-06  2.147317e-09  -5.133408358964e+03
2200  3.071643e-06  6.381979e-07  1.505545e-06  1.492481e-09  -5.133408359143e+03
2300  2.139459e-06  4.443636e-07  1.048350e-06  1.037733e-09  -5.133408359268e+03
2400  1.490036e-06  3.093989e-07  7.299749e-07  7.248673e-10  -5.133408359355e+03
2500  1.037670e-06  2.154255e-07  5.082784e-07  5.038601e-10  -5.133408359416e+03
2600  7.226014e-07  1.499941e-07  3.539076e-07  3.492460e-10  -5.133408359458e+03
2700  5.031784e-07  1.044360e-07  2.464190e-07  2.446541e-10  -5.133408359488e+03
2800  3.503749e-07  7.271536e-08  1.715757e-07  1.709850e-10  -5.133408359508e+03
2900  2.439690e-07  5.062926e-08  1.194636e-07  1.200533e-10  -5.133408359522e+03
3000  1.698749e-07  3.525143e-08  8.317899e-08  8.185452e-11  -5.133408359532e+03
3100  1.182821e-07  2.454436e-08  5.791498e-08  5.911716e-11  -5.133408359539e+03
3200  8.235798e-08  1.708940e-08  4.032437e-08  4.001777e-11  -5.133408359544e+03
3300  5.734396e-08  1.189876e-08  2.807654e-08  2.546585e-11  -5.133408359547e+03
3400  3.992719e-08  8.284694e-09  1.954877e-08  2.000888e-11  -5.133408359550e+03
3500  2.780018e-08  5.768345e-09  1.361115e-08  1.546141e-11  -5.133408359551e+03
3600  1.935643e-08  4.016299e-09  9.476982e-09  1.000444e-11  -5.133408359552e+03
3700  1.347770e-08  2.796433e-09  6.598535e-09  8.185452e-12  -5.133408359553e+03
3800  9.383636e-09  1.947033e-09  4.594296e-09  6.366463e-12  -5.133408359554e+03
3900  6.533916e-09  1.355674e-09  3.198884e-09  2.728484e-12  -5.133408359554e+03
4000  4.549396e-09  9.439121e-10  2.227278e-09  4.547474e-12  -5.133408359554e+03
4100  3.167329e-09  6.571991e-10  1.550756e-09  9.094947e-13  -5.133408359555e+03
4200  2.205336e-09  4.575875e-10  1.079742e-09  9.094947e-13  -5.133408359555e+03
4300  1.535547e-09  3.186051e-10  7.517913e-10  0.000000e+00  -5.133408359555e+03
4400  1.069124e-09  2.218325e-10  5.234442e-10  0.000000e+00  -5.133408359555e+03
