0  1.093635e+01  2.825401e+00  4.392628e+00  4.980819e+03  -4.980819462051e+03
100  4.698339e-02  1.109500e-01  1.865123e-01  4.068066e-03  -4.992415051366e+03
200  4.329368e-02  6.735685e-02  1.135258e-01  9.814279e-04  -4.992631661039e+03
300  2.810095e-02  3.740333e-02  6.324504e-02  2.281766e-04  -4.992683124320e+03
400  1.699943e-02  2.008465e-02  3.404804e-02  4.627016e-05  -4.992694666015e+03
500  1.014905e-02  1.076718e-02  1.865060e-02  3.645880e-06  -4.992696624424e+03
600  6.057530e-03  6.320764e-03  1.096286e-02  4.637686e-06  -4.992696445231e+03
700  3.626896e-03  3.680391e-03  6.390531e-03  4.844736e-06  -4.992695944342e+03
800  2.180222e-03  2.132144e-03  3.705792e-03  3.578230e-06  -4.992695521393e+03
900  1.315854e-03  1.231305e-03  2.141876e-03  2.386921e-06  -4.992695226264e+03
1000  7.972104e-04  7.096830e-04  1.247515e-03  1.528644e-06  -4.992695033674e+03
1100  4.847252e-04  4.089063e-04  7.263506e-04  9.615251e-07  -4.992694911514e+03
1200  2.957210e-04  2.375567e-04  4.223042e-04  6.000182e-07  -4.992694835001e+03
1300  1.809895e-04  1.378859e-04  2.452965e-04  3.732721e-07  -4.992694787337e+03
1400  1.111074e-04  7.998895e-05  1.423970e-04  2.320685e-07  -4.992694757698e+03
1500  6.840609e-05  4.638868e-05  8.263738e-05  1.443741e-07  -4.992694739267e+03
1600  4.223382e-05  2.690038e-05  4.795322e-05  8.993993e-08  -4.992694727794e+03
1700  2.614538e-05  1.560079e-05  2.782969e-05  5.612310e-08  -4.992694720641e+03
1800  1.622766e-05  9.049918e-06  1.615554e-05  3.508376e-08  -4.992694716174e+03
1900  1.009719e-05  5.251860e-06  9.382589e-06  2.197703e-08  -4.992694713379e+03
2000  6.297764e-06  3.049362e-06  5.452223e-06  1.379067e-08  -4.992694711627e+03
2100  3.937029e-06  1.771685e-06  3.170535e-06  8.669303e-09  -4.992694710526e+03
2200  2.466617e-06  1.030146e-06  1.845255e-06  5.460606e-09  -4.992694709834e+03
2300  1.548598e-06  5.995123e-07  1.074982e-06  3.445166e-09  -4.992694709397e+03
2400  9.741623e-07  3.492513e-07  6.269367e-07  2.179149e-09  -4.992694709122e+03
2500  6.139464e-07  2.036912e-07  3.660838e-07  1.377884e-09  -4.992694708948e+03
2600  3.876038e-07  1.189477e-07  2.140572e-07  8.749339e-10  -4.992694708837e+03
2700  2.451062e-07  6.955771e-08  1.253517e-07  5.566108e-10  -4.992694708767e+03
2800  1.552319e-07  4.073782e-08  7.352611e-08  3.519744e-10  -4.992694708723e+03
2900  9.845168e-08  2.389865e-08  4.320412e-08  2.237357e-10  -4.992694708694e+03
3000  6.252198e-08  1.404528e-08  2.543555e-08  1.427907e-10  -4.992694708676e+03
3100  3.975319e-08  8.270519e-09  1.605283e-08  9.094947e-11  -4.992694708665e+03
3200  2.530399e-08  4.880178e-09  1.035049e-08  5.729817e-11  -4.992694708658e+03
3300  1.612368e-08  2.886094e-09  6.672341e-09  3.728928e-11  -4.992694708653e+03
3400  1.028256e-08  1.710732e-09  4.300342e-09  2.364686e-11  -4.992694708650e+03
3500  6.563617e-09  1.036461e-09  2.771140e-09  1.637090e-11  -4.992694708648e+03
3600  4.193017e-09  6.681679e-10  1.785446e-09  1.000444e-11  -4.992694708647e+03
3700  2.680764e-09  4.306714e-10  1.150223e-09  7.275958e-12  -4.992694708646e+03
3800  1.714645e-09  2.775210e-10  7.408753e-10  2.728484e-12  -4.992694708646e+03
3900  1.097586e-09  1.788160e-10  4.771731e-10  2.728484e-12  -4.992694708645e+03
