0  2.065248e+01  2.961225e+00  4.605630e+00  5.490708e+03  -5.490707964199e+03
100  5.230079e-01  3.090440e-01  5.114453e-01  1.615506e-03  -5.498692371027e+03
200  6.568500e-01  1.412787e-01  2.826858e-01  6.521251e-04  -5.498799579974e+03
300  4.922196e-01  7.114993e-02  1.627227e-01  1.835557e-04  -5.498837865504e+03
400  3.219048e-01  4.550366e-02  9.164699e-02  1.249717e-05  -5.498845899427e+03
500  1.976743e-01  2.914313e-02  5.106290e-02  2.831415e-05  -5.498844495550e+03
600  1.174397e-01  1.843794e-02  3.164078e-02  2.837669e-05  -5.498841512386e+03
700  6.850007e-02  1.152537e-02  1.990044e-02  2.019419e-05  -5.498839075770e+03
800  3.952996e-02  7.130785e-03  1.238208e-02  1.279103e-05  -5.498837448289e+03
900  2.266529e-02  4.373139e-03  7.631668e-03  7.686164e-06  -5.498836445536e+03
1000  1.294332e-02  2.661319e-03  4.664593e-03  4.497150e-06  -5.498835851199e+03
1100  7.372217e-03  1.608525e-03  2.829963e-03  2.593974e-06  -5.498835505978e+03
1200  4.191736e-03  9.662970e-04  1.705605e-03  1.484438e-06  -5.498835307650e+03
1300  2.380495e-03  5.773407e-04  1.021945e-03  8.456900e-07  -5.498835194410e+03
1400  1.350729e-03  3.432803e-04  6.091361e-04  4.805479e-07  -5.498835129981e+03
1500  7.659416e-04  2.032307e-04  3.614036e-04  2.726456e-07  -5.498835093398e+03
1600  4.341265e-04  1.198548e-04  2.135430e-04  1.545441e-07  -5.498835072652e+03
1700  2.459666e-04  7.044098e-05  1.257154e-04  8.754796e-08  -5.498835060897e+03
1800  1.393183e-04  4.127201e-05  7.376864e-05  4.957565e-08  -5.498835054238e+03
1900  7.889246e-05  2.411475e-05  4.316023e-05  2.806428e-08  -5.498835050468e+03
2000  4.466589e-05  1.405486e-05  2.518568e-05  1.588432e-08  -5.498835048334e+03
2100  2.528382e-05  8.173191e-06  1.466203e-05  8.987627e-09  -5.498835047126e+03
2200  1.431020e-05  4.743187e-06  8.517326e-06  5.086804e-09  -5.498835046443e+03
2300  8.098283e-06  2.747534e-06  4.938192e-06  2.877641e-09  -5.498835046056e+03
2400  4.582373e-06  1.588846e-06  2.858012e-06  1.628905e-09  -5.498835045837e+03
2500  2.592646e-06  9.173805e-07  1.651425e-06  9.194991e-10  -5.498835045714e+03
2600  1.466748e-06  5.289351e-07  9.528218e-07  5.202310e-10  -5.498835045644e+03
2700  8.297178e-07  3.045725e-07  5.490043e-07  2.919478e-10  -5.498835045604e+03
2800  4.693219e-07  1.751697e-07  3.159354e-07  1.673470e-10  -5.498835045582e+03
2900  2.654481e-07  1.006347e-07  1.816025e-07  9.185896e-11  -5.498835045569e+03
3000  1.501272e-07  5.775549e-08  1.042761e-07  5.456968e-11  -5.498835045562e+03
3100  8.490028e-08  3.311522e-08  5.981645e-08  3.001333e-11  -5.498835045558e+03
3200  4.801079e-08  1.897067e-08  3.428172e-08  1.637090e-11  -5.498835045556e+03
3300  2.714716e-08  1.085872e-08  1.963057e-08  1.091394e-11  -5.498835045554e+03
3400  1.535021e-08  6.210867e-09  1.123228e-08  2.728484e-12  -5.498835045553e+03
3500  8.678369e-09  3.549829e-09  6.422077e-09  1.818989e-12  -5.498835045553e+03
3600  4.906858e-09  2.027645e-09  3.669442e-09  1.818989e-12  -5.498835045553e+03
3700  2.773839e-09  1.157420e-09  2.095233e-09  1.818989e-12  -5.498835045553e+03
3800  1.568230e-09  6.603251e-10  1.195701e-09  9.094947e-13  -5.498835045553e+03
