0  1.583212e+00  1.685464e+00  2.624105e+00  5.488947e+03  -5.488946922120e+03
100  1.312750e-01  1.522237e-01  2.623916e-01  2.341551e-03  -5.499360447680e+03
200  1.195239e-01  5.877905e-02  1.076846e-01  5.781594e-04  -5.499478134265e+03
300  8.391435e-02  2.642336e-02  4.975075e-02  2.194751e-04  -5.499514325949e+03
400  5.385931e-02  1.272431e-02  2.419390e-02  9.577436e-05  -5.499529076232e+03
500  3.435971e-02  6.349900e-03  1.481581e-02  4.454288e-05  -5.499535716241e+03
600  2.215515e-02  3.707835e-03  9.852147e-03  2.159251e-05  -5.499538864658e+03
700  1.447443e-02  2.550420e-03  6.603274e-03  1.084023e-05  -5.499540415277e+03
800  9.568505e-03  1.751484e-03  4.451833e-03  5.632332e-06  -5.499541205801e+03
900  6.386082e-03  1.201738e-03  3.014827e-03  3.032630e-06  -5.499541623160e+03
1000  4.293641e-03  8.241916e-04  2.048599e-03  1.694177e-06  -5.499541851668e+03
1100  2.902796e-03  5.651642e-04  1.395567e-03  9.818077e-07  -5.499541981500e+03
1200  1.970487e-03  3.875296e-04  9.524837e-04  5.889806e-07  -5.499542057968e+03
1300  1.341573e-03  2.657319e-04  6.509691e-04  3.643408e-07  -5.499542104516e+03
1400  9.153354e-04  1.822217e-04  4.453459e-04  2.312718e-07  -5.499542133672e+03
1500  6.254741e-04  1.249614e-04  3.048944e-04  1.498647e-07  -5.499542152366e+03
1600  4.278697e-04  8.569769e-05  2.088474e-04  9.866926e-08  -5.499542164575e+03
1700  2.929210e-04  5.877293e-05  1.431108e-04  6.573464e-08  -5.499542172660e+03
1800  2.006451e-04  4.030859e-05  9.809206e-05  4.416961e-08  -5.499542178070e+03
1900  1.374916e-04  2.764568e-05  6.724808e-05  2.986417e-08  -5.499542181717e+03
2000  9.424193e-05  1.896113e-05  4.610909e-05  2.028264e-08  -5.499542184188e+03
2100  6.460961e-05  1.300489e-05  3.161816e-05  1.381432e-08  -5.499542185868e+03
2200  4.430067e-05  8.919765e-06  2.168292e-05  9.432370e-09  -5.499542187014e+03
2300  3.037848e-05  6.117912e-06  1.487035e-05  6.444679e-09  -5.499542187797e+03
2400  2.083300e-05  4.196192e-06  1.019860e-05  4.412868e-09  -5.499542188333e+03
2500  1.428759e-05  2.878121e-06  6.994728e-06  3.018613e-09  -5.499542188700e+03
2600  9.798988e-06  1.974077e-06  4.797438e-06  2.069100e-09  -5.499542188951e+03
2700  6.720693e-06  1.354005e-06  3.290438e-06  1.417902e-09  -5.499542189123e+03
2800  4.609506e-06  9.287028e-07  2.256847e-06  9.749783e-10  -5.499542189241e+03
2900  3.161549e-06  6.369919e-07  1.547937e-06  6.675691e-10  -5.499542189322e+03
3000  2.168450e-06  4.369094e-07  1.061712e-06  4.574758e-10  -5.499542189377e+03
3100  1.487310e-06  2.996741e-07  7.282182e-07  3.146852e-10  -5.499542189415e+03
3200  1.020130e-06  2.055451e-07  4.994792e-07  2.155502e-10  -5.499542189441e+03
3300  6.996985e-07  1.409825e-07  3.425895e-07  1.455192e-10  -5.499542189459e+03
3400  4.799180e-07  9.669931e-08  2.349801e-07  1.000444e-10  -5.499542189471e+03
3500  3.291719e-07  6.632562e-08  1.611716e-07  6.912160e-11  -5.499542189480e+03
3600  2.257772e-07  4.549248e-08  1.105468e-07  4.365575e-11  -5.499542189485e+03
3700  1.548601e-07  3.120314e-08  7.582361e-08  3.365130e-11  -5.499542189489e+03
3800  1.062177e-07  2.140211e-08  5.200708e-08  2.273737e-11  -5.499542189492e+03
3900  7.285392e-08  1.467961e-08  3.567142e-08  1.637090e-11  -5.499542189494e+03
4000  4.997124e-08  1.006874e-08  2.446696e-08  1.091394e-11  -5.499542189495e+03
4100  3.427466e-08  6.906089e-09  1.678176e-08  7.275958e-12  -5.499542189496e+03
4200  2.350875e-08  4.736855e-09  1.151053e-08  5.456968e-12  -5.499542189497e+03
4300  1.612412e-08  3.248971e-09  7.895000e-09  2.728484e-12  -5.499542189497e+03
4400  1.106010e-08  2.228486e-09  5.415195e-09  4.547474e-12  -5.499542189497e+03
4500  7.586169e-09  1.528515e-09  3.714269e-09  1.818989e-12  -5.499542189498e+03
4600  5.202964e-09  1.048385e-09  2.547577e-09  9.094947e-13  -5.499542189498e+03
4700  3.568737e-09  7.190856e-10  1.747376e-09  9.094947e-13  -5.499542189498e+03
4800  2.448408e-09  4.932475e-10  1.198564e-09  2.728484e-12  -5.499542189498e+03
4900  1.678923e-09  3.382964e-10  8.220593e-10  9.094947e-13  -5.499542189498e+03
5000  1.149981e-09  2.319608e-10  5.637323e-10  2.728484e-12  -5.499542189498e+03
