0  2.137648e+01  2.961225e+00  4.605630e+00  5.489835e+03  -5.489835046172e+03
100  3.585844e-02  2.129918e-02  3.299383e-02  1.018550e-05  -5.498286952740e+03
200  2.075996e-03  6.216185e-03  1.115715e-02  1.342371e-06  -5.498287354218e+03
300  1.684769e-03  2.173426e-03  3.898279e-03  3.242549e-07  -5.498287423100e+03
400  1.067006e-03  9.428357e-04  1.741640e-03  1.056451e-07  -5.498287442132e+03
500  6.635133e-04  5.031673e-04  8.624645e-04  4.125468e-08  -5.498287448864e+03
600  3.850939e-04  2.688036e-04  4.613527e-04  1.838271e-08  -5.498287451654e+03
700  2.203834e-04  1.430021e-04  2.456969e-04  9.091309e-09  -5.498287452959e+03
800  1.266959e-04  7.585642e-05  1.304482e-04  4.868525e-09  -5.498287453629e+03
900  7.371199e-05  4.020258e-05  6.918236e-05  2.762135e-09  -5.498287453998e+03
1000  4.351965e-05  2.132674e-05  3.671504e-05  1.627086e-09  -5.498287454212e+03
1100  2.608287e-05  1.134288e-05  1.952927e-05  9.877112e-10  -5.498287454339e+03
1200  1.585447e-05  6.058032e-06  1.042774e-05  6.093615e-10  -5.498287454417e+03
1300  9.759001e-06  3.254025e-06  5.597841e-06  3.810783e-10  -5.498287454465e+03
1400  6.072213e-06  1.760608e-06  3.025840e-06  2.382876e-10  -5.498287454496e+03
1500  3.812497e-06  9.609952e-07  1.649427e-06  1.527951e-10  -5.498287454515e+03
1600  2.411502e-06  5.299468e-07  9.080849e-07  9.640644e-11  -5.498287454527e+03
1700  1.534489e-06  2.956444e-07  5.056112e-07  6.002665e-11  -5.498287454535e+03
1800  9.811068e-07  1.670350e-07  3.161647e-07  4.001777e-11  -5.498287454540e+03
1900  6.296743e-07  9.564940e-08  2.051548e-07  3.001333e-11  -5.498287454543e+03
2000  4.053332e-07  5.553444e-08  1.332288e-07  1.637090e-11  -5.498287454546e+03
2100  2.615331e-07  3.269174e-08  8.656852e-08  1.000444e-11  -5.498287454547e+03
2200  1.690584e-07  1.950392e-08  5.627225e-08  8.185452e-12  -5.498287454548e+03
2300  1.094385e-07  1.230491e-08  3.658896e-08  2.728484e-12  -5.498287454548e+03
2400  7.092409e-08  8.009509e-09  2.379534e-08  9.094947e-13  -5.498287454549e+03
2500  4.600367e-08  5.212961e-09  1.547722e-08  1.818989e-12  -5.498287454549e+03
2600  2.985931e-08  3.392547e-09  1.006780e-08  2.728484e-12  -5.498287454549e+03
2700  1.939145e-08  2.207730e-09  6.549499e-09  1.818989e-12  -5.498287454549e+03
2800  1.259809e-08  1.436618e-09  4.260880e-09  2.728484e-12  -5.498287454549e+03
2900  8.186887e-09  9.347936e-10  2.772053e-09  1.818989e-12  -5.498287454549e+03
3000  5.322154e-09  6.082677e-10  1.803523e-09  9.094947e-13  -5.498287454549e+03
3100  3.460195e-09  3.957782e-10  1.173388e-09  9.094947e-13  -5.498287454549e+03
3200  2.249915e-09  2.575125e-10  7.634205e-10  1.818989e-12  -5.498287454549e+03
3300  1.463108e-09  1.675475e-10  4.966938e-10  2.728484e-12  -5.498287454549e+03
