0  1.729698e+01  1.234566e+00  1.862733e+00  4.956228e+03  -4.956228346996e+03
100  4.519594e-02  3.187698e-02  5.513015e-02  2.848217e-03  -4.981276189941e+03
200  4.813343e-02  2.134551e-02  4.052696e-02  8.271475e-04  -4.981438379981e+03
300  3.826995e-02  2.101158e-02  4.069681e-02  3.719034e-04  -4.981492068544e+03
400  2.993498e-02  2.132966e-02  4.086292e-02  2.950953e-04  -4.981524152061e+03
500  2.894250e-02  2.150747e-02  4.077950e-02  2.947769e-04  -4.981553397309e+03
600  3.018470e-02  2.171314e-02  4.110387e-02  3.104101e-04  -4.981583606371e+03
700  3.112956e-02  2.199900e-02  4.252652e-02  3.305844e-04  -4.981615640694e+03
800  3.252373e-02  2.264713e-02  4.403648e-02  3.535862e-04  -4.981649837669e+03
900  3.375002e-02  2.373677e-02  4.566653e-02  3.794991e-04  -4.981686479270e+03
1000  3.488154e-02  2.490491e-02  4.742301e-02  4.086570e-04  -4.981725873265e+03
1100  3.594573e-02  2.614683e-02  4.929555e-02  4.413538e-04  -4.981768359668e+03
1200  3.694052e-02  2.745109e-02  5.126116e-02  4.777898e-04  -4.981814303364e+03
1300  3.784264e-02  2.879967e-02  5.328556e-02  5.180514e-04  -4.981864083660e+03
1400  3.897145e-02  3.016760e-02  5.532322e-02  5.620902e-04  -4.981918081891e+03
1500  4.096784e-02  3.152249e-02  5.867736e-02  6.096978e-04  -4.981976666697e+03
1600  4.292953e-02  3.282439e-02  6.214225e-02  6.604801e-04  -4.982040176703e+03
1700  4.478651e-02  3.496100e-02  6.559755e-02  7.138379e-04  -4.982108900883e+03
1800  4.644997e-02  3.717120e-02  6.894344e-02  7.689598e-04  -4.982183057555e+03
1900  4.781353e-02  3.928580e-02  7.206101e-02  8.248358e-04  -4.982262773661e+03
2000  4.908846e-02  4.122272e-02  7.481640e-02  8.802953e-04  -4.982348066604e+03
2100  5.178924e-02  4.289247e-02  7.769946e-02  9.340724e-04  -4.982438831266e+03
2200  5.418668e-02  4.420425e-02  8.204358e-02  9.848926e-04  -4.982534834706e+03
2300  5.611910e-02  4.648417e-02  8.586980e-02  1.031574e-03  -4.982635720358e+03
2400  5.741143e-02  4.880235e-02  8.898148e-02  1.073127e-03  -4.982741022361e+03
2500  5.844913e-02  5.063275e-02  9.119553e-02  1.108835e-03  -4.982850189116e+03
2600  6.127196e-02  5.186578e-02  9.346254e-02  1.138310e-03  -4.982962613730e+03
2700  6.343587e-02  5.259553e-02  9.747117e-02  1.161511e-03  -4.983077667965e+03
2800  6.472620e-02  5.501486e-02  1.004248e-01  1.178718e-03  -4.983194735980e+03
2900  6.494086e-02  5.674572e-02  1.021480e-01  1.190490e-03  -4.983313244586e+03
3000  6.757386e-02  5.768833e-02  1.030991e-01  1.197598e-03  -4.983432687750e+03
3100  6.970069e-02  5.785273e-02  1.070288e-01  1.200956e-03  -4.983552644302e+03
3200  7.072498e-02  6.025972e-02  1.096609e-01  1.201559e-03  -4.983672789026e+03
3300  7.081095e-02  6.183155e-02  1.108446e-01  1.200433e-03  -4.983792898132e+03
3400  7.382569e-02  6.248385e-02  1.125988e-01  1.198604e-03  -4.983912850667e+03
3500  7.574165e-02  6.344900e-02  1.165419e-01  1.197083e-03  -4.984032627520e+03
3600  7.624982e-02  6.589494e-02  1.189822e-01  1.196861e-03  -4.984152309636e+03
3700  7.859291e-02  6.736053e-02  1.197683e-01  1.198925e-03  -4.984272076770e+03
3800  8.147263e-02  6.777369e-02  1.251644e-01  1.204278e-03  -4.984392207918e+03
3900  8.276163e-02  7.136455e-02  1.293170e-01  1.213964e-03  -4.984513084213e+03
4000  8.593733e-02  7.387970e-02  1.316051e-01  1.229101e-03  -4.984635194738e+03
4100  8.975137e-02  7.532869e-02  1.389340e-01  1.250901e-03  -4.984759144937e+03
4200  9.182411e-02  8.039981e-02  1.452636e-01  1.280652e-03  -4.984885665702e+03
4300  9.822263e-02  8.411522e-02  1.516879e-01  1.319622e-03  -4.985015617289e+03
4400  1.021686e-01  8.937386e-02  1.629714e-01  1.368714e-03  -4.985149972728e+03
4500  1.107554e-01  9.602766e-02  1.724246e-01  1.427564e-03  -4.985289742812e+03
4600  1.188596e-01  1.039385e-01  1.896273e-01  1.492321e-03  -4.985435752971e+03
4700  1.294297e-01  1.134995e-01  2.078744e-01  1.550693e-03  -4.985588074894e+03
4800  1.444798e-01  1.271820e-01  2.303490e-01  1.572770e-03  -4.985744754352e+03
4900  1.635926e-01  1.429578e-01  2.607174e-01  1.501863e-03  -4.985899525979e+03
5000  1.815510e-01  1.606519e-01  2.982299e-01  1.272046e-03  -4.986039600924e+03
5100  1.743655e-01  1.795444e-01  3.365218e-01  8.904921e-04  -4.986148385465e+03
5200  1.381435e-01  1.920335e-01  3.543972e-01  4.966948e-04  -4.986216905357e+03
5300  9.130413e-02  1.735141e-01  3.126845e-01  2.289531e-04  -4.986251780302e+03
5400  5.313218e-02  1.327730e-01  2.355132e-01  9.531423e-05  -4.986267031853e+03
5500  2.892908e-02  9.007471e-02  1.581817e-01  3.925791e-05  -4.986273309278e+03
5600  1.539325e-02  5.650600e-02  9.861548e-02  1.710770e-05  -4.986275947476e+03
5700  8.189521e-03  3.379355e-02  5.875049e-02  8.168440e-06  -4.986277142510e+03
5800  4.392972e-03  1.965334e-02  3.408525e-02  4.282914e-06  -4.986277738090e+03
5900  2.378399e-03  1.125140e-02  1.948326e-02  2.417773e-06  -4.986278061705e+03
6000  1.297630e-03  6.387186e-03  1.104861e-02  1.432862e-06  -4.986278248889e+03
6100  7.120466e-04  3.610728e-03  6.241121e-03  8.735233e-07  -4.986278361439e+03
6200  3.923547e-04  2.037640e-03  3.519961e-03  5.406291e-07  -4.986278430594e+03
6300  2.168693e-04  1.149513e-03  1.984765e-03  3.371115e-07  -4.986278473563e+03
6400  1.201630e-04  6.487803e-04  1.119701e-03  2.109155e-07  -4.986278500405e+03
6500  6.671377e-05  3.664979e-04  6.322658e-04  1.321196e-07  -4.986278517211e+03
6600  3.710391e-05  2.072738e-04  3.574416e-04  8.277402e-08  -4.986278527739e+03
6700  2.066868e-05  1.173756e-04  2.023376e-04  5.183847e-08  -4.986278534335e+03
6800  1.153050e-05  6.655928e-05  1.146961e-04  3.244895e-08  -4.986278538464e+03
6900  6.441584e-06  3.779711e-05  6.510918e-05  2.029446e-08  -4.986278541048e+03
7000  3.603477e-06  2.149529e-05  3.701448e-05  1.268381e-08  -4.986278542664e+03
7100  2.131034e-06  1.224263e-05  2.107406e-05  7.924427e-09  -4.986278543673e+03
7200  1.335613e-06  6.983343e-06  1.201662e-05  4.949470e-09  -4.986278544304e+03
7300  8.363098e-07  3.989518e-06  6.862533e-06  3.086825e-09  -4.986278544698e+03
7400  5.232309e-07  2.282741e-06  3.925229e-06  1.927219e-09  -4.986278544943e+03
7500  3.271132e-07  1.308231e-06  2.248722e-06  1.201443e-09  -4.986278545096e+03
7600  2.043697e-07  7.509583e-07  1.290354e-06  7.476046e-10  -4.986278545192e+03
7700  1.276076e-07  4.317822e-07  7.416484e-07  4.647518e-10  -4.986278545251e+03
7800  7.963610e-08  2.486824e-07  4.269890e-07  2.901288e-10  -4.986278545288e+03
7900  4.967521e-08  1.434733e-07  2.462517e-07  1.818989e-10  -4.986278545311e+03
8000  3.097312e-08  8.291967e-08  1.422657e-07  1.109584e-10  -4.986278545326e+03
8100  1.930479e-08  4.800866e-08  8.233693e-08  7.366907e-11  -4.986278545335e+03
8200  1.202815e-08  2.784652e-08  4.773934e-08  4.365575e-11  -4.986278545340e+03
8300  7.492361e-09  1.618175e-08  2.773062e-08  2.637535e-11  -4.986278545344e+03
8400  4.665685e-09  9.421007e-09  1.613831e-08  1.637090e-11  -4.986278545346e+03
8500  2.904555e-09  5.495397e-09  9.409895e-09  1.182343e-11  -4.986278545347e+03
8600  1.807561e-09  3.211756e-09  5.497331e-09  7.275958e-12  -4.986278545348e+03
8700  1.125400e-09  1.880723e-09  3.217787e-09  4.547474e-12  -4.986278545349e+03
8800  7.002410e-10  1.103477e-09  1.887204e-09  4.547474e-12  -4.986278545349e+03
8900  4.355478e-10  6.487628e-10  1.109077e-09  4.547474e-12  -4.986278545349e+03
