0  2.115446e+01  9.850398e-01  1.510911e+00  4.591582e+03  -4.591581555812e+03
100  4.146635e-01  2.994259e-01  6.385552e-01  3.580594e-02  -4.587323363549e+03
200  5.008371e-01  8.873058e-02  2.139708e-01  1.214610e-02  -4.589319045584e+03
300  3.427770e-01  7.773471e-02  1.443175e-01  6.207270e-03  -4.590190895856e+03
400  2.272138e-01  7.612037e-02  1.310357e-01  3.573625e-03  -4.590662154774e+03
500  1.540257e-01  7.745888e-02  1.345679e-01  2.296703e-03  -4.590947769614e+03
600  1.080149e-01  8.102389e-02  1.425024e-01  1.644279e-03  -4.591140907692e+03
700  7.877861e-02  8.648284e-02  1.545955e-01  1.324994e-03  -4.591287053821e+03
800  6.017091e-02  9.323111e-02  1.704035e-01  1.236054e-03  -4.591413278839e+03
900  8.148837e-02  9.956114e-02  1.879674e-01  1.372788e-03  -4.591541738960e+03
1000  1.242721e-01  1.013578e-01  2.014034e-01  1.793395e-03  -4.591697559348e+03
1100  1.818858e-01  9.707615e-02  2.000544e-01  2.555528e-03  -4.591912586702e+03
1200  2.395793e-01  8.928584e-02  1.878109e-01  3.534821e-03  -4.592217219962e+03
1300  2.638577e-01  8.019547e-02  1.708993e-01  4.290310e-03  -4.592612922379e+03
1400  2.436384e-01  7.309935e-02  1.552204e-01  4.442903e-03  -4.593054908318e+03
1500  2.141379e-01  6.687606e-02  1.401828e-01  4.121121e-03  -4.593485407379e+03
1600  1.860725e-01  6.194800e-02  1.275438e-01  3.652533e-03  -4.593874076387e+03
1700  1.615167e-01  5.790984e-02  1.177772e-01  3.212677e-03  -4.594216556770e+03
1800  1.419531e-01  5.398782e-02  1.099995e-01  2.849289e-03  -4.594518808758e+03
1900  1.267304e-01  5.076877e-02  1.025883e-01  2.559874e-03  -4.594788565939e+03
2000  1.136895e-01  4.845490e-02  9.587337e-02  2.328576e-03  -4.595032459881e+03
2100  1.023438e-01  4.554078e-02  9.120645e-02  2.139152e-03  -4.595255462877e+03
2200  9.475533e-02  4.353052e-02  8.581507e-02  1.978429e-03  -4.595461068147e+03
2300  8.638865e-02  4.144469e-02  8.136582e-02  1.836560e-03  -4.595651622781e+03
2400  8.068593e-02  3.844536e-02  7.758787e-02  1.706468e-03  -4.595828634440e+03
2500  7.524271e-02  3.714862e-02  7.253722e-02  1.583231e-03  -4.595993016432e+03
2600  6.875943e-02  3.515474e-02  6.879765e-02  1.463615e-03  -4.596145278451e+03
2700  6.548379e-02  3.266932e-02  6.533654e-02  1.345741e-03  -4.596285677569e+03
2800  6.134930e-02  3.037413e-02  6.114637e-02  1.228835e-03  -4.596414340579e+03
2900  5.659265e-02  2.871209e-02  5.649662e-02  1.113009e-03  -4.596531363451e+03
3000  5.243720e-02  2.675962e-02  5.250437e-02  9.990516e-04  -4.596636889340e+03
3100  4.936561e-02  2.462590e-02  4.910417e-02  8.881911e-04  -4.596731164378e+03
3200  4.583229e-02  2.240859e-02  4.541998e-02  7.818696e-04  -4.596814570294e+03
3300  4.204693e-02  2.019008e-02  4.159842e-02  6.815214e-04  -4.596887634301e+03
3400  3.818199e-02  1.828398e-02  3.776402e-02  5.883927e-04  -4.596951018857e+03
3500  3.449250e-02  1.668497e-02  3.401692e-02  5.034148e-04  -4.597005495931e+03
3600  3.172052e-02  1.509749e-02  3.043283e-02  4.271389e-04  -4.597051911713e+03
3700  2.888595e-02  1.355949e-02  2.706477e-02  3.597299e-04  -4.597091147844e+03
3800  2.608141e-02  1.209901e-02  2.435320e-02  3.010056e-04  -4.597124084447e+03
3900  2.337666e-02  1.073500e-02  2.179285e-02  2.505054e-04  -4.597151568718e+03
4000  2.082056e-02  9.478569e-03  1.939587e-02  2.075718e-04  -4.597174391166e+03
4100  1.844414e-02  8.334498e-03  1.718048e-02  1.714301e-04  -4.597193269992e+03
4200  1.626400e-02  7.302685e-03  1.515506e-02  1.412582e-04  -4.597208843015e+03
4300  1.428565e-02  6.379518e-03  1.332031e-02  1.162409e-04  -4.597221665806e+03
4400  1.250648e-02  5.559023e-03  1.167120e-02  9.560841e-05  -4.597232214454e+03
4500  1.091828e-02  4.833793e-03  1.019875e-02  7.866018e-05  -4.597240891420e+03
4600  9.509247e-03  4.195693e-03  8.891412e-03  6.477649e-05  -4.597248033136e+03
4700  8.265538e-03  3.636385e-03  7.736214e-03  5.342161e-05  -4.597253918307e+03
4800  7.196874e-03  3.147681e-03  6.719585e-03  4.414059e-05  -4.597258776189e+03
4900  6.275239e-03  2.721786e-03  5.827986e-03  3.655267e-05  -4.597262794356e+03
5000  5.460478e-03  2.351434e-03  5.048329e-03  3.034276e-05  -4.597266125697e+03
5100  4.743223e-03  2.029964e-03  4.368260e-03  2.525240e-05  -4.597268894526e+03
5200  4.114047e-03  1.751346e-03  3.776315e-03  2.107098e-05  -4.597271201797e+03
5300  3.563787e-03  1.510172e-03  3.262005e-03  1.762773e-05  -4.597273129481e+03
5400  3.083768e-03  1.301629e-03  2.815834e-03  1.478462e-05  -4.597274744177e+03
5500  2.665924e-03  1.121463e-03  2.429282e-03  1.243029e-05  -4.597276100076e+03
5600  2.302866e-03  9.659269e-04  2.094757e-03  1.047494e-05  -4.597277241361e+03
5700  1.987900e-03  8.317382e-04  1.805531e-03  8.846189e-06  -4.597278204145e+03
5800  1.715016e-03  7.160276e-04  1.555674e-03  7.485556e-06  -4.597279018030e+03
5900  1.478857e-03  6.162950e-04  1.339977e-03  6.345742e-06  -4.597279707357e+03
6000  1.274676e-03  5.303664e-04  1.153879e-03  5.388394e-06  -4.597280292204e+03
6100  1.098286e-03  4.563546e-04  9.934004e-04  4.582307e-06  -4.597280789189e+03
6200  9.460104e-04  3.926243e-04  8.550739e-04  3.902032e-06  -4.597281212111e+03
6300  8.146307e-04  3.377596e-04  7.358857e-04  3.326720e-06  -4.597281572463e+03
6400  7.013369e-04  2.905364e-04  6.332204e-04  2.839241e-06  -4.597281879848e+03
6500  6.036813e-04  2.498972e-04  5.448114e-04  2.425475e-06  -4.597282142315e+03
6600  5.195366e-04  2.149289e-04  4.686966e-04  2.073722e-06  -4.597282366626e+03
6700  4.470564e-04  1.848438e-04  4.031794e-04  1.774273e-06  -4.597282558476e+03
6800  3.846406e-04  1.589626e-04  3.467938e-04  1.519029e-06  -4.597282722675e+03
6900  3.309041e-04  1.366998e-04  2.982742e-04  1.301230e-06  -4.597282863292e+03
7000  2.846493e-04  1.175510e-04  2.565283e-04  1.115206e-06  -4.597282983778e+03
7100  2.448411e-04  1.010816e-04  2.206144e-04  9.561754e-07  -4.597283087060e+03
7200  2.105861e-04  8.691748e-05  1.897205e-04  8.201287e-07  -4.597283175631e+03
7300  1.811134e-04  7.473656e-05  1.631470e-04  7.036642e-07  -4.597283251612e+03
7400  1.557579e-04  6.426156e-05  1.402913e-04  6.039054e-07  -4.597283316813e+03
7500  1.339465e-04  5.525386e-05  1.206343e-04  5.184183e-07  -4.597283372776e+03
7600  1.151853e-04  4.750817e-05  1.037292e-04  4.451222e-07  -4.597283420823e+03
7700  9.904883e-05  4.084783e-05  8.919144e-05  3.822570e-07  -4.597283462080e+03
7800  8.517068e-05  3.512089e-05  7.668985e-05  3.283221e-07  -4.597283497513e+03
7900  7.323540e-05  3.019662e-05  6.593961e-05  2.820370e-07  -4.597283527949e+03
8000  6.297143e-05  2.596259e-05  5.669563e-05  2.423021e-07  -4.597283554096e+03
8100  5.414505e-05  2.232211e-05  4.874704e-05  2.081906e-07  -4.597283576560e+03
8200  4.655514e-05  1.919199e-05  4.191245e-05  1.788931e-07  -4.597283595862e+03
8300  4.002868e-05  1.650072e-05  3.603582e-05  1.537310e-07  -4.597283612449e+03
8400  3.441678e-05  1.418678e-05  3.098296e-05  1.321196e-07  -4.597283626704e+03
8500  2.959138e-05  1.219730e-05  2.663845e-05  1.135486e-07  -4.597283638954e+03
8600  2.544233e-05  1.048678e-05  2.290302e-05  9.759333e-08  -4.597283649483e+03
8700  2.187488e-05  9.016116e-06  1.969132e-05  8.388361e-08  -4.597283658533e+03
8800  1.880753e-05  7.751683e-06  1.692994e-05  7.210474e-08  -4.597283666311e+03
8900  1.617022e-05  6.664563e-06  1.455575e-05  6.198024e-08  -4.597283672998e+03
9000  1.390267e-05  5.729896e-06  1.251447e-05  5.327638e-08  -4.597283678745e+03
9100  1.195305e-05  4.926304e-06  1.075943e-05  4.579942e-08  -4.597283683686e+03
9200  1.027680e-05  4.235407e-06  9.250508e-06  3.937021e-08  -4.597283687933e+03
9300  8.835601e-06  3.641402e-06  7.953183e-06  3.384503e-08  -4.597283691584e+03
9400  7.596493e-06  3.130703e-06  6.837790e-06  2.909565e-08  -4.597283694723e+03
9500  6.531146e-06  2.691626e-06  5.878818e-06  2.501292e-08  -4.597283697421e+03
9600  5.615195e-06  2.314127e-06  5.054332e-06  2.150409e-08  -4.597283699741e+03
9700  4.827693e-06  1.989572e-06  4.345474e-06  1.848548e-08  -4.597283701735e+03
9800  4.150630e-06  1.710534e-06  3.736028e-06  1.589342e-08  -4.597283703450e+03
9900  3.568517e-06  1.470631e-06  3.212055e-06  1.366243e-08  -4.597283704923e+03
10000  3.068041e-06  1.264374e-06  2.761566e-06  1.174794e-08  -4.597283706191e+03
10100  2.637754e-06  1.087044e-06  2.374257e-06  1.009812e-08  -4.597283707280e+03
10200  2.267812e-06  9.345851e-07  2.041267e-06  8.679308e-09  -4.597283708217e+03
10300  1.949753e-06  8.035083e-07  1.754978e-06  7.464223e-09  -4.597283709022e+03
10400  1.676300e-06  6.908150e-07  1.508841e-06  6.418304e-09  -4.597283709714e+03
10500  1.441199e-06  5.939271e-07  1.297224e-06  5.518814e-09  -4.597283710309e+03
10600  1.239070e-06  5.106278e-07  1.115287e-06  4.743924e-09  -4.597283710821e+03
10700  1.065289e-06  4.390113e-07  9.588664e-07  4.077265e-09  -4.597283711261e+03
10800  9.158816e-07  3.774391e-07  8.243839e-07  3.506102e-09  -4.597283711639e+03
10900  7.874280e-07  3.245025e-07  7.087626e-07  3.014975e-09  -4.597283711964e+03
11000  6.769901e-07  2.789903e-07  6.093574e-07  2.592060e-09  -4.597283712244e+03
11100  5.820412e-07  2.398613e-07  5.238939e-07  2.227353e-09  -4.597283712484e+03
11200  5.004090e-07  2.062203e-07  4.504168e-07  1.917215e-09  -4.597283712690e+03
11300  4.302257e-07  1.772974e-07  3.872449e-07  1.647095e-09  -4.597283712868e+03
11400  3.698857e-07  1.524311e-07  3.329330e-07  1.415174e-09  -4.597283713021e+03
11500  3.180085e-07  1.310522e-07  2.862384e-07  1.216904e-09  -4.597283713152e+03
11600  2.734072e-07  1.126719e-07  2.460928e-07  1.046828e-09  -4.597283713265e+03
11700  2.350613e-07  9.686936e-08  2.115777e-07  8.985808e-10  -4.597283713362e+03
11800  2.020934e-07  8.328321e-08  1.819035e-07  7.730705e-10  -4.597283713446e+03
11900  1.737494e-07  7.160253e-08  1.563911e-07  6.657501e-10  -4.597283713517e+03
12000  1.493806e-07  6.156012e-08  1.344569e-07  5.711627e-10  -4.597283713579e+03
12100  1.284296e-07  5.292618e-08  1.155990e-07  4.893081e-10  -4.597283713632e+03
12200  1.104171e-07  4.550313e-08  9.938594e-08  4.238245e-10  -4.597283713678e+03
12300  9.493086e-08  3.912119e-08  8.544681e-08  3.628884e-10  -4.597283713717e+03
12400  8.161658e-08  3.363436e-08  7.346270e-08  3.119567e-10  -4.597283713751e+03
12500  7.016967e-08  2.891704e-08  6.315936e-08  2.683009e-10  -4.597283713779e+03
12600  6.032820e-08  2.486137e-08  5.430112e-08  2.301022e-10  -4.597283713804e+03
12700  5.186702e-08  2.137451e-08  4.668527e-08  1.964509e-10  -4.597283713826e+03
12800  4.459255e-08  1.837667e-08  4.013753e-08  1.700755e-10  -4.597283713844e+03
12900  3.833834e-08  1.579929e-08  3.450813e-08  1.473381e-10  -4.597283713860e+03
13000  3.296130e-08  1.358339e-08  2.966827e-08  1.264198e-10  -4.597283713874e+03
13100  2.833838e-08  1.167833e-08  2.550728e-08  1.082299e-10  -4.597283713885e+03
13200  2.436386e-08  1.004039e-08  2.192979e-08  9.276846e-11  -4.597283713895e+03
13300  2.094677e-08  8.632202e-09  1.885408e-08  8.003553e-11  -4.597283713904e+03
13400  1.800893e-08  7.421523e-09  1.620976e-08  6.821210e-11  -4.597283713912e+03
13500  1.548314e-08  6.380623e-09  1.393629e-08  5.911716e-11  -4.597283713918e+03
13600  1.331159e-08  5.485720e-09  1.198168e-08  5.184120e-11  -4.597283713923e+03
13700  1.144461e-08  4.716329e-09  1.030121e-08  4.365575e-11  -4.597283713928e+03
13800  9.839471e-09  4.054866e-09  8.856464e-09  3.728928e-11  -4.597283713932e+03
13900  8.459460e-09  3.486164e-09  7.614326e-09  3.183231e-11  -4.597283713936e+03
14000  7.272986e-09  2.997242e-09  6.546429e-09  2.637535e-11  -4.597283713939e+03
14100  6.252948e-09  2.576848e-09  5.628242e-09  2.182787e-11  -4.597283713941e+03
14200  5.375954e-09  2.215440e-09  4.838869e-09  1.909939e-11  -4.597283713943e+03
14300  4.621964e-09  1.904719e-09  4.160205e-09  1.637090e-11  -4.597283713945e+03
14400  3.973722e-09  1.637583e-09  3.576736e-09  1.637090e-11  -4.597283713947e+03
14500  3.416392e-09  1.407914e-09  3.075098e-09  1.364242e-11  -4.597283713948e+03
14600  2.937257e-09  1.210414e-09  2.643753e-09  1.000444e-11  -4.597283713950e+03
14700  2.525281e-09  1.040680e-09  2.273005e-09  1.000444e-11  -4.597283713951e+03
14800  2.171096e-09  8.947373e-10  1.954233e-09  9.094947e-12  -4.597283713952e+03
14900  1.866609e-09  7.692225e-10  1.680109e-09  9.094947e-12  -4.597283713952e+03
15000  1.604798e-09  6.613622e-10  1.444506e-09  8.185452e-12  -4.597283713953e+03
15100  1.379733e-09  5.685851e-10  1.241882e-09  5.456968e-12  -4.597283713954e+03
15200  1.186222e-09  4.888377e-10  1.067702e-09  3.637979e-12  -4.597283713954e+03
15300  1.019857e-09  4.202702e-10  9.179443e-10  5.456968e-12  -4.597283713955e+03
