0  8.822450e+00  8.587433e-01  1.334883e+00  5.131729e+03  -5.131728708264e+03
100  8.709016e-03  7.890869e-03  1.245183e-02  3.740834e-05  -5.133591061486e+03
200  7.772899e-03  3.444475e-03  6.481761e-03  9.073819e-06  -5.133593017221e+03
300  8.252409e-03  2.327298e-03  4.725286e-03  2.774570e-06  -5.133593533763e+03
400  7.170972e-03  1.825579e-03  3.740896e-03  1.131705e-06  -5.133593712101e+03
500  5.985845e-03  1.471238e-03  3.039871e-03  5.674019e-07  -5.133593792621e+03
600  4.930568e-03  1.192977e-03  2.468741e-03  3.074119e-07  -5.133593834822e+03
700  4.036531e-03  9.683422e-04  2.003545e-03  1.643757e-07  -5.133593857689e+03
800  3.292941e-03  7.858123e-04  1.624984e-03  8.051938e-08  -5.133593869527e+03
900  2.680101e-03  6.373478e-04  1.317213e-03  3.120385e-08  -5.133593874867e+03
1000  2.177764e-03  5.166489e-04  1.067221e-03  3.028617e-09  -5.133593876428e+03
1100  1.767490e-03  4.186034e-04  8.643269e-04  1.212993e-08  -5.133593875882e+03
1200  1.433254e-03  3.390254e-04  6.997753e-04  1.937588e-08  -5.133593874253e+03
1300  1.161459e-03  2.744835e-04  5.663999e-04  2.195338e-08  -5.133593872155e+03
1400  9.407376e-04  2.221686e-04  4.583469e-04  2.187244e-08  -5.133593869948e+03
1500  7.616715e-04  1.797856e-04  3.708434e-04  2.038723e-08  -5.133593867828e+03
1600  6.165089e-04  1.454627e-04  3.000039e-04  1.825447e-08  -5.133593865894e+03
1700  4.988981e-04  1.176761e-04  2.426696e-04  1.591889e-08  -5.133593864186e+03
1800  4.036518e-04  9.518675e-05  1.962752e-04  1.363242e-08  -5.133593862710e+03
1900  3.265434e-04  7.698861e-05  1.587394e-04  1.152057e-08  -5.133593861456e+03
2000  2.641355e-04  6.226523e-05  1.283747e-04  9.635187e-09  -5.133593860401e+03
2100  2.136360e-04  5.035471e-05  1.038136e-04  8.004463e-09  -5.133593859521e+03
2200  1.727793e-04  4.072067e-05  8.394856e-05  6.611117e-09  -5.133593858793e+03
2300  1.397284e-04  3.292864e-05  6.788276e-05  5.436959e-09  -5.133593858193e+03
2400  1.129947e-04  2.662686e-05  5.489028e-05  4.456524e-09  -5.133593857700e+03
2500  9.137259e-05  2.153058e-05  4.438366e-05  3.637979e-09  -5.133593857297e+03
2600  7.388584e-05  1.740938e-05  3.588758e-05  2.965862e-09  -5.133593856968e+03
2700  5.974429e-05  1.407681e-05  2.901748e-05  2.418346e-09  -5.133593856700e+03
2800  4.830849e-05  1.138203e-05  2.346232e-05  1.968147e-09  -5.133593856482e+03
2900  3.906106e-05  9.203035e-06  1.897050e-05  1.596163e-09  -5.133593856304e+03
3000  3.158343e-05  7.441128e-06  1.533853e-05  1.295120e-09  -5.133593856160e+03
3100  2.553702e-05  6.016497e-06  1.240185e-05  1.049557e-09  -5.133593856044e+03
3200  2.064799e-05  4.864591e-06  1.002737e-05  8.512870e-10  -5.133593855949e+03
3300  1.669485e-05  3.933210e-06  8.107492e-06  6.912160e-10  -5.133593855872e+03
3400  1.349848e-05  3.180142e-06  6.555181e-06  5.584297e-10  -5.133593855810e+03
3500  1.091404e-05  2.571252e-06  5.300073e-06  4.538379e-10  -5.133593855760e+03
3600  8.824395e-06  2.078939e-06  4.285270e-06  3.656169e-10  -5.133593855719e+03
3700  7.134819e-06  1.680885e-06  3.464766e-06  2.964953e-10  -5.133593855686e+03
3800  5.768728e-06  1.359045e-06  2.801361e-06  2.382876e-10  -5.133593855660e+03
3900  4.664191e-06  1.098826e-06  2.264978e-06  1.955414e-10  -5.133593855638e+03
4000  3.771135e-06  8.884311e-07  1.831295e-06  1.555236e-10  -5.133593855621e+03
4100  3.049068e-06  7.183204e-07  1.480650e-06  1.264198e-10  -5.133593855607e+03
4200  2.465256e-06  5.807810e-07  1.197144e-06  1.018634e-10  -5.133593855595e+03
4300  1.993225e-06  4.695765e-07  9.679219e-07  8.276402e-11  -5.133593855586e+03
4400  1.611575e-06  3.796647e-07  7.825894e-07  6.548362e-11  -5.133593855578e+03
4500  1.303001e-06  3.069685e-07  6.327433e-07  5.366019e-11  -5.133593855572e+03
4600  1.053509e-06  2.481918e-07  5.115887e-07  4.183676e-11  -5.133593855568e+03
4700  8.517890e-07  2.006692e-07  4.136322e-07  3.547029e-11  -5.133593855564e+03
4800  6.886927e-07  1.622461e-07  3.344318e-07  3.001333e-11  -5.133593855560e+03
4900  5.568253e-07  1.311800e-07  2.703964e-07  2.364686e-11  -5.133593855558e+03
5000  4.502074e-07  1.060622e-07  2.186221e-07  1.909939e-11  -5.133593855556e+03
5100  3.640031e-07  8.575389e-08  1.767613e-07  1.818989e-11  -5.133593855554e+03
5200  2.943057e-07  6.933413e-08  1.429159e-07  1.000444e-11  -5.133593855553e+03
5300  2.379534e-07  5.605834e-08  1.155510e-07  9.094947e-12  -5.133593855552e+03
5400  1.923914e-07  4.532455e-08  9.342578e-08  1.091394e-11  -5.133593855551e+03
5500  1.555527e-07  3.664598e-08  7.553699e-08  7.275958e-12  -5.133593855550e+03
5600  1.257687e-07  2.962920e-08  6.107353e-08  3.637979e-12  -5.133593855549e+03
5700  1.016872e-07  2.395594e-08  4.937944e-08  2.728484e-12  -5.133593855549e+03
5800  8.221603e-08  1.936892e-08  3.992444e-08  0.000000e+00  -5.133593855549e+03
5900  6.647412e-08  1.566027e-08  3.227991e-08  4.547474e-12  -5.133593855548e+03
6000  5.374583e-08  1.266171e-08  2.609909e-08  1.818989e-12  -5.133593855548e+03
6100  4.345457e-08  1.023728e-08  2.110173e-08  1.818989e-12  -5.133593855548e+03
6200  3.513418e-08  8.277096e-09  1.706127e-08  3.637979e-12  -5.133593855548e+03
6300  2.840671e-08  6.692226e-09  1.379444e-08  1.818989e-12  -5.133593855548e+03
6400  2.296758e-08  5.410830e-09  1.115314e-08  1.818989e-12  -5.133593855547e+03
6500  1.856992e-08  4.374792e-09  9.017590e-09  2.728484e-12  -5.133593855547e+03
6600  1.501394e-08  3.537109e-09  7.290923e-09  0.000000e+00  -5.133593855547e+03
6700  1.213929e-08  2.859849e-09  5.894901e-09  9.094947e-13  -5.133593855547e+03
6800  9.815174e-09  2.312270e-09  4.766182e-09  9.094947e-13  -5.133593855547e+03
6900  7.935608e-09  1.869517e-09  3.853564e-09  3.637979e-12  -5.133593855547e+03
7000  6.415936e-09  1.511539e-09  3.115690e-09  9.094947e-13  -5.133593855547e+03
7100  5.187303e-09  1.222108e-09  2.519101e-09  1.818989e-12  -5.133593855547e+03
7200  4.194406e-09  9.881230e-10  2.036774e-09  1.818989e-12  -5.133593855547e+03
7300  3.391139e-09  7.989132e-10  1.646773e-09  0.000000e+00  -5.133593855547e+03
7400  2.742151e-09  6.459597e-10  1.331477e-09  9.094947e-13  -5.133593855547e+03
7500  2.216516e-09  5.222416e-10  1.076498e-09  0.000000e+00  -5.133593855547e+03
7600  1.792285e-09  4.222548e-10  8.703838e-10  9.094947e-13  -5.133593855547e+03
7700  1.449129e-09  3.414056e-10  7.037281e-10  1.818989e-12  -5.133593855547e+03
7800  1.171674e-09  2.760348e-10  5.689833e-10  0.000000e+00  -5.133593855547e+03
