0  1.556641e+01  1.243698e+00  1.922873e+00  5.105088e+03  -5.105088290958e+03
100  4.083952e-02  2.625946e-02  4.038819e-02  3.933547e-04  -5.140674103071e+03
200  3.273864e-03  7.661489e-03  1.375542e-02  7.671468e-05  -5.140656226722e+03
300  3.149441e-03  2.052353e-03  4.493876e-03  2.474850e-05  -5.140651762631e+03
400  2.281853e-03  8.026199e-04  1.644516e-03  9.885598e-06  -5.140650173042e+03
500  1.409961e-03  3.983920e-04  8.355700e-04  4.574757e-06  -5.140649493571e+03
600  8.394550e-04  2.327073e-04  4.401813e-04  2.353577e-06  -5.140649162877e+03
700  4.962592e-04  1.352972e-04  2.517141e-04  1.299016e-06  -5.140648986777e+03
800  2.940593e-04  7.823411e-05  1.458910e-04  7.487624e-07  -5.140648887451e+03
900  1.751737e-04  4.512266e-05  8.435719e-05  4.428894e-07  -5.140648829448e+03
1000  1.049734e-04  2.600479e-05  4.873996e-05  2.660336e-07  -5.140648794872e+03
1100  6.326170e-05  1.499070e-05  2.816668e-05  1.613162e-07  -5.140648774004e+03
1200  3.831653e-05  8.649010e-06  1.629036e-05  9.841369e-08  -5.140648761312e+03
1300  2.330851e-05  4.996290e-06  9.432687e-06  6.029040e-08  -5.140648753554e+03
1400  1.423111e-05  2.890459e-06  5.589135e-06  3.704554e-08  -5.140648748793e+03
1500  8.715733e-06  1.674903e-06  3.471232e-06  2.281286e-08  -5.140648745865e+03
1600  5.351696e-06  9.722116e-07  2.159095e-06  1.407443e-08  -5.140648744060e+03
1700  3.293202e-06  5.804141e-07  1.344440e-06  8.698407e-09  -5.140648742946e+03
1800  2.030177e-06  3.546876e-07  8.378500e-07  5.382390e-09  -5.140648742257e+03
1900  1.253469e-06  2.169804e-07  5.224590e-07  3.330570e-09  -5.140648741831e+03
2000  7.749185e-07  1.328772e-07  3.259334e-07  2.063643e-09  -5.140648741567e+03
2100  4.795981e-07  8.145659e-08  2.033966e-07  1.281478e-09  -5.140648741403e+03
2200  2.971051e-07  4.998469e-08  1.269574e-07  7.948984e-10  -5.140648741301e+03
2300  1.842034e-07  3.070232e-08  7.925789e-08  4.938556e-10  -5.140648741238e+03
2400  1.142856e-07  1.887638e-08  4.948528e-08  3.092282e-10  -5.140648741199e+03
2500  7.095052e-08  1.161623e-08  3.089891e-08  1.891749e-10  -5.140648741175e+03
2600  4.407119e-08  7.154777e-09  1.929444e-08  1.182343e-10  -5.140648741159e+03
2700  2.738843e-08  4.410580e-09  1.204857e-08  7.548806e-11  -5.140648741150e+03
2800  1.702769e-08  2.721170e-09  7.523935e-09  4.729372e-11  -5.140648741144e+03
2900  1.059089e-08  1.680116e-09  4.698525e-09  2.819434e-11  -5.140648741140e+03
3000  6.589111e-09  1.038187e-09  2.934089e-09  1.546141e-11  -5.140648741138e+03
3100  4.100835e-09  6.448418e-10  1.832255e-09  1.273293e-11  -5.140648741137e+03
3200  2.552845e-09  4.027881e-10  1.144180e-09  8.185452e-12  -5.140648741136e+03
3300  1.589515e-09  2.515801e-10  7.144872e-10  3.637979e-12  -5.140648741135e+03
