0  1.866012e+01  2.181402e+00  3.396656e+00  5.451446e+03  -5.451446197718e+03
100  1.513393e-01  1.532382e-01  2.918076e-01  3.505526e-03  -5.496667439383e+03
200  1.219589e-01  5.002192e-02  9.672894e-02  6.227411e-04  -5.496822727894e+03
300  7.682950e-02  2.279438e-02  4.430731e-02  1.730868e-04  -5.496857048758e+03
400  4.666846e-02  1.116992e-02  2.201648e-02  5.164939e-05  -5.496867054611e+03
500  2.770035e-02  5.696649e-03  1.117116e-02  1.340715e-05  -5.496869932146e+03
600  1.642552e-02  2.976602e-03  6.576882e-03  1.527740e-06  -5.496870554835e+03
700  9.787737e-03  1.545950e-03  4.020977e-03  1.613342e-06  -5.496870510369e+03
800  5.868705e-03  7.994067e-04  2.467630e-03  1.984760e-06  -5.496870318902e+03
900  3.540165e-03  4.880299e-04  1.518937e-03  1.614003e-06  -5.496870136811e+03
1000  2.147038e-03  3.050418e-04  9.372369e-04  1.151742e-06  -5.496869999106e+03
1100  1.308138e-03  1.903778e-04  5.794132e-04  7.743201e-07  -5.496869903907e+03
1200  8.000906e-04  1.186986e-04  3.587345e-04  5.044649e-07  -5.496869840942e+03
1300  4.909129e-04  7.395891e-05  2.223594e-04  3.228406e-07  -5.496869800295e+03
1400  3.051303e-04  4.606200e-05  1.379489e-04  2.044317e-07  -5.496869774423e+03
1500  1.900388e-04  2.867886e-05  8.563879e-05  1.286226e-07  -5.496869758093e+03
1600  1.183220e-04  1.785202e-05  5.319149e-05  8.060215e-08  -5.496869747839e+03
1700  7.365299e-05  1.111081e-05  3.305063e-05  5.038783e-08  -5.496869741422e+03
1800  4.583980e-05  6.914407e-06  2.054200e-05  3.144487e-08  -5.496869737414e+03
1900  2.852606e-05  4.302573e-06  1.277028e-05  1.960598e-08  -5.496869734913e+03
2000  1.775015e-05  2.677162e-06  7.940166e-06  1.221451e-08  -5.496869733355e+03
2100  1.104418e-05  1.665714e-06  4.937563e-06  7.607014e-09  -5.496869732384e+03
2200  6.871386e-06  1.036361e-06  3.070694e-06  4.734829e-09  -5.496869731780e+03
2300  4.275036e-06  6.447768e-07  1.909815e-06  2.948582e-09  -5.496869731403e+03
2400  2.659647e-06  4.011424e-07  1.187871e-06  1.836270e-09  -5.496869731169e+03
2500  1.654627e-06  2.495631e-07  7.388653e-07  1.143235e-09  -5.496869731023e+03
2600  1.029367e-06  1.552589e-07  4.595941e-07  7.094059e-10  -5.496869730933e+03
2700  6.403771e-07  9.658913e-08  2.858868e-07  4.447429e-10  -5.496869730876e+03
2800  3.983806e-07  6.008922e-08  1.778367e-07  2.755769e-10  -5.496869730841e+03
2900  2.478326e-07  3.738189e-08  1.106253e-07  1.700755e-10  -5.496869730819e+03
3000  1.541760e-07  2.325548e-08  6.881656e-08  1.055014e-10  -5.496869730806e+03
3100  9.591219e-08  1.446726e-08  4.280891e-08  6.821210e-11  -5.496869730797e+03
3200  5.966644e-08  9.000045e-09  2.663039e-08  4.183676e-11  -5.496869730792e+03
3300  3.711805e-08  5.598990e-09  1.656636e-08  2.910383e-11  -5.496869730789e+03
3400  2.309089e-08  3.483042e-09  1.030553e-08  1.273293e-11  -5.496869730787e+03
3500  1.436465e-08  2.166803e-09  6.410935e-09  1.000444e-11  -5.496869730785e+03
3600  8.936131e-09  1.347957e-09  3.988151e-09  5.456968e-12  -5.496869730785e+03
3700  5.559116e-09  8.384963e-10  2.480885e-09  6.366463e-12  -5.496869730784e+03
3800  3.458268e-09  5.216393e-10  1.543352e-09  3.637979e-12  -5.496869730784e+03
3900  2.151370e-09  3.244809e-10  9.600599e-10  9.094947e-13  -5.496869730784e+03
4000  1.338340e-09  2.018757e-10  5.972707e-10  9.094947e-13  -5.496869730784e+03
