0  6.071568e+00  5.589062e-01  8.682858e-01  5.148674e+03  -5.148673874034e+03
100  6.201287e-03  5.344305e-03  8.387941e-03  5.401996e-06  -5.149827749469e+03
200  3.250743e-03  1.746544e-03  3.128476e-03  1.301862e-06  -5.149828040295e+03
300  3.299664e-03  9.458806e-04  2.008104e-03  2.824709e-07  -5.149828107159e+03
400  2.743070e-03  6.892196e-04  1.471796e-03  2.906108e-08  -5.149828119909e+03
500  2.171441e-03  5.255128e-04  1.116491e-03  4.286721e-08  -5.149828118476e+03
600  1.699034e-03  4.059128e-04  8.581363e-04  6.339633e-08  -5.149828112921e+03
700  1.325214e-03  3.148594e-04  6.642083e-04  6.572373e-08  -5.149828106373e+03
800  1.032627e-03  2.446326e-04  5.166546e-04  6.073697e-08  -5.149828100015e+03
900  8.043169e-04  1.902100e-04  4.019369e-04  5.300444e-08  -5.149828094321e+03
1000  6.263362e-04  1.479480e-04  3.127157e-04  4.470257e-08  -5.149828089440e+03
1100  4.876501e-04  1.150965e-04  2.433082e-04  3.687455e-08  -5.149828085372e+03
1200  3.796143e-04  8.954698e-05  1.893075e-04  2.995330e-08  -5.149828082042e+03
1300  2.954750e-04  6.967136e-05  1.472912e-04  2.406614e-08  -5.149828079353e+03
1400  2.299603e-04  5.420766e-05  1.145991e-04  1.918579e-08  -5.149828077201e+03
1500  1.789566e-04  4.217592e-05  8.916190e-05  1.520766e-08  -5.149828075490e+03
1600  1.392557e-04  3.281435e-05  6.937000e-05  1.199987e-08  -5.149828074137e+03
1700  1.083564e-04  2.553038e-05  5.397077e-05  9.436008e-09  -5.149828073072e+03
1800  8.430984e-05  1.986303e-05  4.198950e-05  7.400558e-09  -5.149828072235e+03
1900  6.559755e-05  1.545357e-05  3.266772e-05  5.798029e-09  -5.149828071579e+03
2000  5.103711e-05  1.202286e-05  2.541520e-05  4.533831e-09  -5.149828071066e+03
2100  3.970782e-05  9.353698e-06  1.977268e-05  3.540663e-09  -5.149828070664e+03
2200  3.089295e-05  7.277059e-06  1.538279e-05  2.760316e-09  -5.149828070351e+03
2300  2.403465e-05  5.661429e-06  1.196749e-05  2.152774e-09  -5.149828070107e+03
2400  1.869873e-05  4.404477e-06  9.310421e-06  1.679837e-09  -5.149828069917e+03
2500  1.454734e-05  3.426581e-06  7.243268e-06  1.306034e-09  -5.149828069768e+03
2600  1.131755e-05  2.665794e-06  5.635064e-06  1.018634e-09  -5.149828069653e+03
2700  8.804805e-06  2.073915e-06  4.383918e-06  7.939889e-10  -5.149828069563e+03
2800  6.849922e-06  1.613447e-06  3.410558e-06  6.157279e-10  -5.149828069493e+03
2900  5.329057e-06  1.255214e-06  2.653310e-06  4.829417e-10  -5.149828069438e+03
3000  4.145856e-06  9.765186e-07  2.064193e-06  3.738023e-10  -5.149828069396e+03
3100  3.225355e-06  7.597012e-07  1.605876e-06  2.910383e-10  -5.149828069363e+03
3200  2.509228e-06  5.910235e-07  1.249320e-06  2.246452e-10  -5.149828069337e+03
3300  1.952102e-06  4.597974e-07  9.719309e-07  1.746230e-10  -5.149828069317e+03
3400  1.518674e-06  3.577076e-07  7.561305e-07  1.355147e-10  -5.149828069301e+03
3500  1.181479e-06  2.782848e-07  5.882447e-07  1.082299e-10  -5.149828069289e+03
3600  9.191530e-07  2.164965e-07  4.576351e-07  8.367351e-11  -5.149828069280e+03
3700  7.150712e-07  1.684271e-07  3.560250e-07  6.275513e-11  -5.149828069272e+03
3800  5.563021e-07  1.310308e-07  2.769756e-07  5.184120e-11  -5.149828069267e+03
3900  4.327843e-07  1.019376e-07  2.154778e-07  3.910827e-11  -5.149828069262e+03
4000  3.366920e-07  7.930405e-08  1.676346e-07  2.910383e-11  -5.149828069259e+03
4100  2.619352e-07  6.169592e-08  1.304141e-07  2.455636e-11  -5.149828069256e+03
4200  2.037769e-07  4.799737e-08  1.014578e-07  1.637090e-11  -5.149828069254e+03
4300  1.585319e-07  3.734037e-08  7.893083e-08  1.273293e-11  -5.149828069252e+03
4400  1.233326e-07  2.904957e-08  6.140556e-08  1.273293e-11  -5.149828069251e+03
4500  9.594878e-08  2.259960e-08  4.777148e-08  9.094947e-12  -5.149828069250e+03
4600  7.464518e-08  1.758175e-08  3.716463e-08  7.275958e-12  -5.149828069249e+03
4700  5.807061e-08  1.367796e-08  2.891279e-08  5.456968e-12  -5.149828069249e+03
4800  4.517701e-08  1.064100e-08  2.249319e-08  4.547474e-12  -5.149828069248e+03
4900  3.514644e-08  8.278356e-09  1.749896e-08  2.728484e-12  -5.149828069248e+03
5000  2.734241e-08  6.440265e-09  1.361359e-08  3.637979e-12  -5.149828069248e+03
5100  2.127160e-08  5.010318e-09  1.059092e-08  2.728484e-12  -5.149828069248e+03
5200  1.654875e-08  3.897869e-09  8.239392e-09  2.728484e-12  -5.149828069247e+03
5300  1.287460e-08  3.032423e-09  6.409983e-09  2.728484e-12  -5.149828069247e+03
5400  1.001603e-08  2.359125e-09  4.986753e-09  9.094947e-13  -5.149828069247e+03
5500  7.791604e-09  1.835292e-09  3.879499e-09  0.000000e+00  -5.149828069247e+03
5600  6.061393e-09  1.427783e-09  3.018107e-09  9.094947e-13  -5.149828069247e+03
5700  4.716204e-09  1.110802e-09  2.348021e-09  1.818989e-12  -5.149828069247e+03
5800  3.668776e-09  8.641518e-10  1.826667e-09  2.728484e-12  -5.149828069247e+03
5900  2.854257e-09  6.722876e-10  1.421094e-09  1.818989e-12  -5.149828069247e+03
6000  2.220303e-09  5.230035e-10  1.105548e-09  0.000000e+00  -5.149828069247e+03
6100  1.727190e-09  4.068720e-10  8.600720e-10  9.094947e-13  -5.149828069247e+03
6200  1.344077e-09  3.165550e-10  6.691308e-10  1.818989e-12  -5.149828069247e+03
6300  1.045600e-09  2.462662e-10  5.205583e-10  2.728484e-12  -5.149828069247e+03
