0  8.201082e+00  4.494394e-01  6.991343e-01  4.615519e+03  -4.615519325361e+03
100  4.982118e-02  1.020683e-01  1.826862e-01  2.185360e-03  -4.617335506393e+03
200  8.363357e-02  3.371965e-02  6.378199e-02  4.777786e-04  -4.617445239757e+03
300  5.855722e-02  1.853969e-02  3.341097e-02  1.227299e-04  -4.617470882475e+03
400  3.782128e-02  1.077664e-02  1.956958e-02  3.613116e-05  -4.617477849157e+03
500  2.440863e-02  6.145433e-03  1.123979e-02  1.168925e-05  -4.617479992903e+03
600  1.602404e-02  3.448065e-03  6.851335e-03  3.706884e-06  -4.617480690188e+03
700  1.073484e-02  2.046505e-03  4.783035e-03  8.098759e-07  -4.617480891219e+03
800  7.328256e-03  1.471175e-03  3.379268e-03  2.627576e-07  -4.617480909016e+03
900  5.083407e-03  1.062038e-03  2.438310e-03  6.101391e-07  -4.617480861492e+03
1000  3.572136e-03  7.692715e-04  1.777542e-03  6.599030e-07  -4.617480796468e+03
1100  2.535735e-03  5.586802e-04  1.296762e-03  5.943975e-07  -4.617480733258e+03
1200  1.814084e-03  4.065556e-04  9.466377e-04  4.938793e-07  -4.617480678791e+03
1300  1.305462e-03  2.962998e-04  6.914291e-04  3.927189e-07  -4.617480634582e+03
1400  9.435860e-04  2.161861e-04  5.052517e-04  3.040805e-07  -4.617480599914e+03
1500  6.842552e-04  1.578631e-04  3.693378e-04  2.314337e-07  -4.617480573309e+03
1600  4.973985e-04  1.153439e-04  2.700606e-04  1.741273e-07  -4.617480553180e+03
1700  3.622136e-04  8.431375e-05  1.975113e-04  1.299732e-07  -4.617480538096e+03
1800  2.641160e-04  6.165107e-05  1.444753e-04  9.647556e-08  -4.617480526869e+03
1900  1.927717e-04  4.509032e-05  1.056936e-04  7.132985e-08  -4.617480518552e+03
2000  1.407989e-04  3.298367e-05  7.732928e-05  5.259062e-08  -4.617480512412e+03
2100  1.028919e-04  2.413057e-05  5.658080e-05  3.869445e-08  -4.617480507889e+03
2200  7.521930e-05  1.765529e-05  4.140154e-05  2.843080e-08  -4.617480504564e+03
2300  5.500462e-05  1.291843e-05  3.029564e-05  2.086472e-08  -4.617480502122e+03
2400  4.023080e-05  9.452901e-06  2.216951e-05  1.530043e-08  -4.617480500331e+03
2500  2.942957e-05  6.917276e-06  1.622336e-05  1.121225e-08  -4.617480499018e+03
2600  2.153068e-05  5.061926e-06  1.187223e-05  8.215466e-09  -4.617480498056e+03
2700  1.575314e-05  3.704284e-06  8.688169e-06  6.018126e-09  -4.617480497351e+03
2800  1.152664e-05  2.710806e-06  6.358108e-06  4.409230e-09  -4.617480496834e+03
2900  8.434467e-06  1.983794e-06  4.652968e-06  3.227797e-09  -4.617480496456e+03
3000  6.172012e-06  1.451770e-06  3.405134e-06  2.361048e-09  -4.617480496180e+03
3100  4.516545e-06  1.062432e-06  2.491951e-06  1.727130e-09  -4.617480495977e+03
3200  3.305169e-06  7.775099e-07  1.823669e-06  1.266926e-09  -4.617480495829e+03
3300  2.418726e-06  5.689996e-07  1.334606e-06  9.295036e-10  -4.617480495720e+03
3400  1.770044e-06  4.164078e-07  9.766991e-07  6.793925e-10  -4.617480495641e+03
3500  1.295341e-06  3.047377e-07  7.147741e-07  4.974936e-10  -4.617480495583e+03
3600  9.479530e-07  2.230150e-07  5.230908e-07  3.619789e-10  -4.617480495540e+03
3700  6.937308e-07  1.632083e-07  3.828120e-07  2.628440e-10  -4.617480495509e+03
3800  5.076872e-07  1.194402e-07  2.801523e-07  1.937224e-10  -4.617480495486e+03
3900  3.715377e-07  8.740962e-08  2.050232e-07  1.446097e-10  -4.617480495470e+03
4000  2.719011e-07  6.396879e-08  1.500416e-07  1.055014e-10  -4.617480495457e+03
4100  1.989840e-07  4.681412e-08  1.098046e-07  7.730705e-11  -4.617480495448e+03
4200  1.456213e-07  3.425984e-08  8.035805e-08  5.547918e-11  -4.617480495442e+03
4300  1.065698e-07  2.507231e-08  5.880827e-08  4.001777e-11  -4.617480495437e+03
4400  7.799058e-08  1.834861e-08  4.303753e-08  3.001333e-11  -4.617480495434e+03
4500  5.707545e-08  1.342802e-08  3.149605e-08  2.091838e-11  -4.617480495431e+03
4600  4.176982e-08  9.827021e-09  2.304971e-08  1.455192e-11  -4.617480495429e+03
4700  3.056819e-08  7.191680e-09  1.686841e-08  1.182343e-11  -4.617480495428e+03
4800  2.237061e-08  5.263070e-09  1.234477e-08  6.366463e-12  -4.617480495427e+03
4900  1.637115e-08  3.851646e-09  9.034234e-09  5.456968e-12  -4.617480495426e+03
5000  1.198127e-08  2.818765e-09  6.611529e-09  6.366463e-12  -4.617480495426e+03
5100  8.768481e-09  2.062867e-09  4.838519e-09  4.547474e-12  -4.617480495425e+03
5200  6.416773e-09  1.509648e-09  3.540948e-09  9.094947e-13  -4.617480495425e+03
5300  4.695879e-09  1.104798e-09  2.591359e-09  4.547474e-12  -4.617480495425e+03
5400  3.436646e-09  8.085266e-10  1.896435e-09  9.094947e-13  -4.617480495424e+03
5500  2.515382e-09  5.917217e-10  1.387884e-09  0.000000e+00  -4.617480495424e+03
5600  1.840612e-09  4.330277e-10  1.015681e-09  9.094947e-13  -4.617480495424e+03
5700  1.347052e-09  3.169029e-10  7.433039e-10  9.094947e-13  -4.617480495424e+03
