0  1.191156e+01  8.239385e-01  1.252621e+00  4.815607e+03  -4.815606961654e+03
100  2.465586e-02  4.509275e-02  7.509467e-02  1.070313e-03  -4.822712628870e+03
200  2.756594e-02  2.808580e-02  4.690495e-02  2.511695e-04  -4.822769789297e+03
300  1.902142e-02  1.608974e-02  2.735763e-02  4.936645e-05  -4.822782328443e+03
400  1.186941e-02  9.654465e-03  1.664454e-02  4.224765e-06  -4.822784424395e+03
500  7.274039e-03  5.791529e-03  1.001567e-02  4.291117e-06  -4.822784287722e+03
600  4.458661e-03  3.429452e-03  5.946172e-03  4.611409e-06  -4.822783816002e+03
700  2.746942e-03  2.013836e-03  3.499379e-03  3.467132e-06  -4.822783410079e+03
800  1.703081e-03  1.175938e-03  2.047276e-03  2.366220e-06  -4.822783121147e+03
900  1.062622e-03  6.840045e-04  1.196103e-03  1.558312e-06  -4.822782927783e+03
1000  6.670124e-04  3.967798e-04  7.020580e-04  1.011906e-06  -4.822782801417e+03
1100  4.210232e-04  2.305900e-04  4.111959e-04  6.537539e-07  -4.822782719596e+03
1200  2.671133e-04  1.346525e-04  2.405096e-04  4.219310e-07  -4.822782666771e+03
1300  1.702597e-04  7.857071e-05  1.405693e-04  2.725492e-07  -4.822782632668e+03
1400  1.089875e-04  4.583329e-05  8.213795e-05  1.763628e-07  -4.822782610622e+03
1500  7.003669e-05  2.673926e-05  4.800457e-05  1.143580e-07  -4.822782596343e+03
1600  4.516540e-05  1.560705e-05  2.807225e-05  7.431936e-08  -4.822782587074e+03
1700  2.921972e-05  9.116734e-06  1.643182e-05  4.839967e-08  -4.822782581045e+03
1800  1.895854e-05  5.331412e-06  9.630713e-06  3.158675e-08  -4.822782577114e+03
1900  1.233305e-05  3.122225e-06  5.653819e-06  2.065099e-08  -4.822782574547e+03
2000  8.041923e-06  1.831636e-06  3.325681e-06  1.352601e-08  -4.822782572867e+03
2100  5.254954e-06  1.076717e-06  2.177118e-06  8.873940e-09  -4.822782571765e+03
2200  3.440340e-06  6.344354e-07  1.448512e-06  5.830771e-09  -4.822782571042e+03
2300  2.256155e-06  3.824392e-07  9.635009e-07  3.835339e-09  -4.822782570567e+03
2400  1.481806e-06  2.545257e-07  6.407442e-07  2.522938e-09  -4.822782570254e+03
2500  9.745298e-07  1.693431e-07  4.260211e-07  1.665285e-09  -4.822782570048e+03
2600  6.416731e-07  1.126386e-07  2.832056e-07  1.096851e-09  -4.822782569912e+03
2700  4.229490e-07  7.490431e-08  1.882376e-07  7.248673e-10  -4.822782569823e+03
2800  2.790384e-07  4.980112e-08  1.250987e-07  4.802132e-10  -4.822782569763e+03
2900  1.842437e-07  3.310515e-08  8.312820e-08  3.174137e-10  -4.822782569724e+03
3000  1.217397e-07  2.200323e-08  5.523318e-08  2.100933e-10  -4.822782569698e+03
3100  8.049035e-08  1.462245e-08  3.669554e-08  1.373337e-10  -4.822782569681e+03
3200  5.324671e-08  9.716372e-09  2.437771e-08  9.276846e-11  -4.822782569670e+03
3300  3.524166e-08  6.455756e-09  1.619365e-08  5.911716e-11  -4.822782569662e+03
3400  2.333474e-08  4.288969e-09  1.075651e-08  4.092726e-11  -4.822782569657e+03
3500  1.545585e-08  2.849193e-09  7.144527e-09  2.546585e-11  -4.822782569654e+03
3600  1.024103e-08  1.892645e-09  4.745264e-09  1.909939e-11  -4.822782569652e+03
3700  6.787341e-09  1.257152e-09  3.151581e-09  1.273293e-11  -4.822782569650e+03
3800  4.499435e-09  8.349963e-10  2.093060e-09  1.091394e-11  -4.822782569649e+03
3900  2.983827e-09  5.546035e-10  1.390063e-09  2.728484e-12  -4.822782569649e+03
4000  1.978491e-09  3.683183e-10  9.231065e-10  3.637979e-12  -4.822782569648e+03
4100  1.312483e-09  2.446199e-10  6.130336e-10  1.818989e-12  -4.822782569648e+03
