0  4.379960e+00  3.022797e-01  4.693807e-01  4.609890e+03  -4.609889836352e+03
100  1.511434e-01  1.679659e-01  2.698890e-01  1.865764e-02  -4.616746396721e+03
200  8.237376e-02  9.530501e-02  1.552932e-01  3.892089e-03  -4.617680990445e+03
300  4.334439e-02  5.264130e-02  8.670822e-02  8.150964e-04  -4.617876182383e+03
400  2.255893e-02  2.869110e-02  4.769220e-02  1.719415e-04  -4.617917162558e+03
500  1.160554e-02  1.542138e-02  2.591852e-02  3.665710e-05  -4.617925839545e+03
600  5.878005e-03  8.281293e-03  1.395980e-02  7.933558e-06  -4.617927699297e+03
700  2.905844e-03  4.404817e-03  7.441936e-03  1.754630e-06  -4.617928104884e+03
800  1.378713e-03  2.330637e-03  3.943973e-03  4.006797e-07  -4.617928195605e+03
900  6.055431e-04  1.230555e-03  2.099182e-03  9.596897e-08  -4.617928216677e+03
1000  3.243356e-04  6.510402e-04  1.119504e-03  2.462184e-08  -4.617928221852e+03
1100  2.137375e-04  3.471667e-04  5.967435e-04  6.904884e-09  -4.617928223226e+03
1200  1.479279e-04  1.856905e-04  3.187184e-04  2.120032e-09  -4.617928223626e+03
1300  1.110395e-04  9.995447e-05  1.710732e-04  6.903065e-10  -4.617928223753e+03
1400  8.563938e-05  5.463848e-05  9.263510e-05  2.082743e-10  -4.617928223793e+03
1500  6.925279e-05  3.076179e-05  5.223055e-05  3.547029e-11  -4.617928223804e+03
1600  6.057487e-05  1.844863e-05  4.197874e-05  3.001333e-11  -4.617928223804e+03
1700  5.108336e-05  1.472323e-05  3.364603e-05  4.638423e-11  -4.617928223800e+03
1800  4.217091e-05  1.174305e-05  2.691380e-05  5.275069e-11  -4.617928223795e+03
1900  3.436344e-05  9.361687e-06  2.149827e-05  4.911271e-11  -4.617928223790e+03
2000  2.777369e-05  7.460579e-06  1.715539e-05  4.365575e-11  -4.617928223785e+03
2100  2.233084e-05  5.943978e-06  1.368033e-05  3.547029e-11  -4.617928223781e+03
2200  1.789425e-05  4.734780e-06  1.090395e-05  3.092282e-11  -4.617928223778e+03
2300  1.430769e-05  3.771065e-06  8.688146e-06  2.637535e-11  -4.617928223775e+03
2400  1.142361e-05  3.003222e-06  6.921040e-06  2.091838e-11  -4.617928223773e+03
2500  9.112324e-06  2.391566e-06  5.512492e-06  1.637090e-11  -4.617928223771e+03
2600  7.264176e-06  1.904398e-06  4.390142e-06  1.364242e-11  -4.617928223770e+03
2700  5.788511e-06  1.516422e-06  3.496053e-06  1.091394e-11  -4.617928223768e+03
2800  4.611379e-06  1.207461e-06  2.783918e-06  8.185452e-12  -4.617928223767e+03
2900  3.672974e-06  9.614362e-07  2.216770e-06  8.185452e-12  -4.617928223766e+03
3000  2.925190e-06  7.655328e-07  1.765125e-06  3.637979e-12  -4.617928223766e+03
3100  2.329467e-06  6.095433e-07  1.405478e-06  4.547474e-12  -4.617928223765e+03
3200  1.854971e-06  4.853373e-07  1.119099e-06  6.366463e-12  -4.617928223765e+03
3300  1.477076e-06  3.864397e-07  8.910661e-07  2.728484e-12  -4.617928223765e+03
3400  1.176140e-06  3.076942e-07  7.094957e-07  4.547474e-12  -4.617928223764e+03
3500  9.365013e-07  2.449945e-07  5.649220e-07  3.637979e-12  -4.617928223764e+03
3600  7.456829e-07  1.950713e-07  4.498073e-07  4.547474e-12  -4.617928223764e+03
3700  5.937409e-07  1.553210e-07  3.581493e-07  2.728484e-12  -4.617928223764e+03
3800  4.727564e-07  1.236707e-07  2.851683e-07  3.637979e-12  -4.617928223764e+03
3900  3.764232e-07  9.846990e-08  2.270588e-07  1.818989e-12  -4.617928223764e+03
4000  2.997198e-07  7.840438e-08  1.807904e-07  0.000000e+00  -4.617928223763e+03
4100  2.386457e-07  6.242766e-08  1.439502e-07  9.094947e-13  -4.617928223763e+03
4200  1.900157e-07  4.970655e-08  1.146170e-07  9.094947e-13  -4.617928223763e+03
4300  1.512963e-07  3.957771e-08  9.126116e-08  9.094947e-13  -4.617928223763e+03
4400  1.204661e-07  3.151283e-08  7.266459e-08  9.094947e-13  -4.617928223763e+03
4500  9.591828e-08  2.509136e-08  5.785750e-08  2.728484e-12  -4.617928223763e+03
4600  7.637292e-08  1.997842e-08  4.606771e-08  9.094947e-13  -4.617928223763e+03
4700  6.081047e-08  1.590737e-08  3.668037e-08  1.818989e-12  -4.617928223763e+03
4800  4.841889e-08  1.266588e-08  2.920590e-08  9.094947e-13  -4.617928223763e+03
4900  3.855224e-08  1.008490e-08  2.325451e-08  9.094947e-13  -4.617928223763e+03
5000  3.069638e-08  8.029874e-09  1.851588e-08  9.094947e-13  -4.617928223763e+03
5100  2.444123e-08  6.393600e-09  1.474284e-08  0.000000e+00  -4.617928223763e+03
5200  1.946107e-08  5.090770e-09  1.173867e-08  1.818989e-12  -4.617928223763e+03
5300  1.549521e-08  4.053401e-09  9.346631e-09  9.094947e-13  -4.617928223763e+03
5400  1.233764e-08  3.227424e-09  7.442034e-09  1.818989e-12  -4.617928223763e+03
5500  9.823707e-09  2.569768e-09  5.925559e-09  9.094947e-13  -4.617928223763e+03
5600  7.822184e-09  2.046132e-09  4.718109e-09  0.000000e+00  -4.617928223763e+03
5700  6.228022e-09  1.629177e-09  3.756674e-09  0.000000e+00  -4.617928223763e+03
5800  4.959003e-09  1.297197e-09  2.991169e-09  0.000000e+00  -4.617928223763e+03
5900  3.948468e-09  1.032865e-09  2.381651e-09  9.094947e-13  -4.617928223763e+03
6000  3.143774e-09  8.223887e-10  1.896327e-09  9.094947e-13  -4.617928223763e+03
6100  2.502963e-09  6.548011e-10  1.509896e-09  0.000000e+00  -4.617928223763e+03
6200  1.992749e-09  5.213608e-10  1.202206e-09  9.094947e-13  -4.617928223763e+03
6300  1.586756e-09  4.151255e-10  9.572353e-10  9.094947e-13  -4.617928223763e+03
6400  1.263560e-09  3.305420e-10  7.621874e-10  9.094947e-13  -4.617928223763e+03
6500  1.005706e-09  2.631684e-10  6.068480e-10  9.094947e-13  -4.617928223763e+03
