0  2.997815e+01  3.984379e+00  6.204140e+00  5.467866e+03  -5.467865553933e+03
100  4.725707e-03  7.400121e-03  1.151312e-02  1.530220e-06  -5.498074433381e+03
200  6.245038e-03  2.490282e-03  4.389266e-03  5.987476e-08  -5.498074389969e+03
300  5.629105e-03  1.232807e-03  2.751717e-03  8.948609e-08  -5.498074383904e+03
400  4.241902e-03  8.500060e-04  1.938969e-03  1.469907e-07  -5.498074371694e+03
500  3.094653e-03  6.093648e-04  1.395795e-03  1.616945e-07  -5.498074355945e+03
600  2.243018e-03  4.413721e-04  1.011038e-03  1.494345e-07  -5.498074340248e+03
700  1.624797e-03  3.205695e-04  7.338781e-04  1.262688e-07  -5.498074326431e+03
800  1.177792e-03  2.329938e-04  5.331325e-04  1.013241e-07  -5.498074315072e+03
900  8.544440e-04  1.693660e-04  3.874322e-04  7.875133e-08  -5.498074306108e+03
1000  6.202536e-04  1.231125e-04  2.815904e-04  5.995389e-08  -5.498074299216e+03
1100  4.504462e-04  8.948658e-05  2.046730e-04  4.501453e-08  -5.498074294005e+03
1200  3.272197e-04  6.504194e-05  1.487665e-04  3.347759e-08  -5.498074290112e+03
1300  2.377459e-04  4.727298e-05  1.081292e-04  2.473553e-08  -5.498074287227e+03
1400  1.727563e-04  3.435741e-05  7.859075e-05  1.818808e-08  -5.498074285100e+03
1500  1.255401e-04  2.497003e-05  5.712027e-05  1.333228e-08  -5.498074283539e+03
1600  9.123197e-05  1.814727e-05  4.151455e-05  9.746145e-09  -5.498074282395e+03
1700  6.630104e-05  1.318861e-05  3.017192e-05  7.118615e-09  -5.498074281560e+03
1800  4.818347e-05  9.584814e-06  2.192803e-05  5.188667e-09  -5.498074280951e+03
1900  3.501691e-05  6.965720e-06  1.593644e-05  3.778950e-09  -5.498074280507e+03
2000  2.544827e-05  5.062287e-06  1.158189e-05  2.749402e-09  -5.498074280184e+03
2100  1.849433e-05  3.678970e-06  8.417140e-06  2.002707e-09  -5.498074279948e+03
2200  1.344059e-05  2.673653e-06  6.117128e-06  1.454282e-09  -5.498074279777e+03
2300  9.767824e-06  1.943046e-06  4.445585e-06  1.059561e-09  -5.498074279653e+03
2400  7.098666e-06  1.412085e-06  3.230792e-06  7.739800e-10  -5.498074279562e+03
2500  5.158876e-06  1.026214e-06  2.347946e-06  5.602487e-10  -5.498074279496e+03
2600  3.749153e-06  7.457878e-07  1.706344e-06  4.092726e-10  -5.498074279449e+03
2700  2.724652e-06  5.419913e-07  1.240066e-06  2.955858e-10  -5.498074279414e+03
2800  1.980105e-06  3.938847e-07  9.012021e-07  2.173692e-10  -5.498074279388e+03
2900  1.439016e-06  2.862503e-07  6.549370e-07  1.546141e-10  -5.498074279370e+03
3000  1.045785e-06  2.080284e-07  4.759667e-07  1.127773e-10  -5.498074279357e+03
3100  7.600107e-07  1.511817e-07  3.459024e-07  8.367351e-11  -5.498074279347e+03
3200  5.523261e-07  1.098691e-07  2.513798e-07  5.729817e-11  -5.498074279340e+03
3300  4.013960e-07  7.984588e-08  1.826868e-07  4.274625e-11  -5.498074279335e+03
3400  2.917084e-07  5.802684e-08  1.327651e-07  3.092282e-11  -5.498074279331e+03
3500  2.119958e-07  4.217022e-08  9.648520e-08  2.182787e-11  -5.498074279328e+03
3600  1.540658e-07  3.064665e-08  7.011932e-08  1.818989e-11  -5.498074279326e+03
3700  1.119643e-07  2.227198e-08  5.095817e-08  1.273293e-11  -5.498074279325e+03
3800  8.136856e-08  1.618585e-08  3.703313e-08  8.185452e-12  -5.498074279324e+03
3900  5.913354e-08  1.176284e-08  2.691331e-08  4.547474e-12  -5.498074279323e+03
4000  4.297470e-08  8.548488e-09  1.955889e-08  4.547474e-12  -5.498074279323e+03
4100  3.123093e-08  6.212477e-09  1.421412e-08  4.547474e-12  -5.498074279322e+03
4200  2.269703e-08  4.514848e-09  1.032994e-08  0.000000e+00  -5.498074279322e+03
4300  1.649462e-08  3.281096e-09  7.507127e-09  3.637979e-12  -5.498074279322e+03
4400  1.198705e-08  2.384480e-09  5.455683e-09  2.728484e-12  -5.498074279322e+03
4500  8.710658e-09  1.732851e-09  3.964784e-09  2.728484e-12  -5.498074279321e+03
4600  6.330887e-09  1.259351e-09  2.881391e-09  0.000000e+00  -5.498074279321e+03
4700  4.601202e-09  9.152314e-10  2.094035e-09  9.094947e-13  -5.498074279321e+03
4800  3.343880e-09  6.651322e-10  1.521810e-09  9.094947e-13  -5.498074279321e+03
4900  2.429475e-09  4.833451e-10  1.105908e-09  9.094947e-13  -5.498074279321e+03
5000  1.765242e-09  3.512474e-10  8.036766e-10  3.637979e-12  -5.498074279321e+03
5100  1.283118e-09  2.552761e-10  5.840792e-10  2.728484e-12  -5.498074279321e+03
