0  5.371555e+00  1.424349e-01  2.183553e-01  7.796016e+01  5.000000e-03 -3.719557669199e+03
1000  5.525906e-03  1.843283e-03  4.013516e-03  7.818572e+01  5.000000e-03 -3.720054753166e+03
2000  7.243990e-04  2.599294e-04  5.583076e-04  7.818957e+01  5.000000e-03 -3.720055046483e+03
3000  1.065065e-04  3.843750e-05  8.244785e-05  7.819014e+01  5.000000e-03 -3.720055030308e+03
4000  1.580833e-05  5.709264e-06  1.224407e-05  7.819023e+01  5.000000e-03 -3.720055026621e+03
5000  2.349059e-06  8.484629e-07  1.819563e-06  7.819024e+01  5.000000e-03 -3.720055026045e+03
6000  3.491172e-07  1.261003e-07  2.704262e-07  7.819024e+01  5.000000e-03 -3.720055025959e+03
7000  5.188719e-08  1.874148e-08  4.019167e-08  7.819024e+01  5.000000e-03 -3.720055025946e+03
8000  7.711825e-09  2.785434e-09  5.973443e-09  7.819024e+01  5.000000e-03 -3.720055025944e+03
9000  1.147432e-09  4.140510e-10  8.878936e-10  7.819024e+01  5.000000e-03 -3.720055025944e+03
