0  5.371555e+00  1.424349e-01  2.183553e-01  3.719558e+03  -3.719557669199e+03
100  3.193119e-02  8.260616e-02  1.469238e-01  1.930554e-04  -3.720032139696e+03
200  5.739718e-02  2.394578e-02  5.055211e-02  6.509935e-05  -3.720043083493e+03
300  4.354235e-02  1.032427e-02  2.386106e-02  3.442698e-05  -3.720047799048e+03
400  3.043798e-02  7.158754e-03  1.611064e-02  2.067602e-05  -3.720050473508e+03
500  2.150944e-02  5.460784e-03  1.241032e-02  1.301140e-05  -3.720052120512e+03
600  1.563098e-02  4.344396e-03  9.730715e-03  8.358510e-06  -3.720053168404e+03
700  1.168432e-02  3.476914e-03  7.706787e-03  5.417534e-06  -3.720053844857e+03
800  8.945970e-03  2.799747e-03  6.158195e-03  3.519231e-06  -3.720054283953e+03
900  6.980376e-03  2.266673e-03  4.956984e-03  2.280575e-06  -3.720054568966e+03
1000  5.525906e-03  1.843283e-03  4.013516e-03  1.468356e-06  -3.720054753166e+03
1100  4.422028e-03  1.504312e-03  3.264574e-03  9.352184e-07  -3.720054871211e+03
1200  3.567139e-03  1.231100e-03  2.664867e-03  5.859483e-07  -3.720054945862e+03
1300  2.894630e-03  1.009695e-03  2.181320e-03  3.582009e-07  -3.720054992140e+03
1400  2.359247e-03  8.294987e-04  1.789304e-03  2.108050e-07  -3.720055019978e+03
1500  1.929180e-03  6.823475e-04  1.470140e-03  1.164863e-07  -3.720055035940e+03
1600  1.581371e-03  5.618654e-04  1.209433e-03  5.709808e-08  -3.720055044357e+03
1700  1.298657e-03  4.630179e-04  9.959302e-04  2.057459e-08  -3.720055048070e+03
1800  1.067977e-03  3.817918e-04  8.207402e-04  1.085027e-09  -3.720055048935e+03
1900  8.792084e-04  3.149639e-04  6.767671e-04  1.321951e-08  -3.720055048151e+03
2000  7.243990e-04  2.599294e-04  5.583076e-04  1.930584e-08  -3.720055046483e+03
2100  5.972269e-04  2.145734e-04  4.607500e-04  2.167553e-08  -3.720055044409e+03
2200  4.926237e-04  1.771721e-04  3.803481e-04  2.180786e-08  -3.720055042221e+03
2300  4.064987e-04  1.463164e-04  3.140475e-04  2.068055e-08  -3.720055040089e+03
2400  3.355329e-04  1.208516e-04  2.593504e-04  1.890203e-08  -3.720055038108e+03
2500  2.770228e-04  9.983001e-05  2.142104e-04  1.685930e-08  -3.720055036320e+03
2600  2.287595e-04  8.247243e-05  1.769471e-04  1.477520e-08  -3.720055034739e+03
2700  1.889334e-04  6.813772e-05  1.461793e-04  1.279204e-08  -3.720055033363e+03
2800  1.560599e-04  5.629780e-05  1.207702e-04  1.096623e-08  -3.720055032178e+03
2900  1.289189e-04  4.651738e-05  9.978364e-05  9.329142e-09  -3.720055031166e+03
3000  1.065065e-04  3.843750e-05  8.244785e-05  7.892595e-09  -3.720055030308e+03
3100  8.799608e-05  3.176201e-05  6.812647e-05  6.649771e-09  -3.720055029583e+03
3200  7.270644e-05  2.624650e-05  5.629449e-05  5.574748e-09  -3.720055028974e+03
3300  6.007595e-05  2.168918e-05  4.651860e-05  4.671620e-09  -3.720055028463e+03
3400  4.964130e-05  1.792346e-05  3.844114e-05  3.893092e-09  -3.720055028036e+03
3500  4.102019e-05  1.481174e-05  3.176677e-05  3.248260e-09  -3.720055027680e+03
3600  3.389706e-05  1.224038e-05  2.625160e-05  2.701199e-09  -3.720055027384e+03
3700  2.801137e-05  1.011549e-05  2.169417e-05  2.245542e-09  -3.720055027137e+03
3800  2.314799e-05  8.359542e-06  1.792810e-05  1.864919e-09  -3.720055026932e+03
3900  1.912923e-05  6.908445e-06  1.481592e-05  1.547050e-09  -3.720055026762e+03
4000  1.580833e-05  5.709264e-06  1.224407e-05  1.282842e-09  -3.720055026621e+03
4100  1.306406e-05  4.718257e-06  1.011870e-05  1.065928e-09  -3.720055026504e+03
4200  1.079626e-05  3.899279e-06  8.362300e-06  8.808456e-10  -3.720055026407e+03
4300  8.922179e-06  3.222465e-06  6.910795e-06  7.312337e-10  -3.720055026327e+03
4400  7.373448e-06  2.663133e-06  5.711254e-06  6.043592e-10  -3.720055026261e+03
4500  6.093569e-06  2.200890e-06  4.719933e-06  4.965841e-10  -3.720055026206e+03
4600  5.035868e-06  1.818882e-06  3.900686e-06  4.151843e-10  -3.720055026161e+03
4700  4.161769e-06  1.503180e-06  3.223643e-06  3.396963e-10  -3.720055026123e+03
4800  3.439399e-06  1.242276e-06  2.664117e-06  2.828529e-10  -3.720055026092e+03
4900  2.842416e-06  1.026657e-06  2.201709e-06  2.328306e-10  -3.720055026066e+03
5000  2.349059e-06  8.484629e-07  1.819563e-06  1.909939e-10  -3.720055026045e+03
5100  1.941333e-06  7.011978e-07  1.503746e-06  1.591616e-10  -3.720055026027e+03
5200  1.604379e-06  5.794934e-07  1.242746e-06  1.309672e-10  -3.720055026013e+03
5300  1.325910e-06  4.789130e-07  1.027047e-06  1.114131e-10  -3.720055026001e+03
5400  1.095775e-06  3.957900e-07  8.487860e-07  9.140422e-11  -3.720055025991e+03
5500  9.055859e-07  3.270945e-07  7.014657e-07  7.275958e-11  -3.720055025983e+03
5600  7.484071e-07  2.703222e-07  5.797153e-07  6.093615e-11  -3.720055025976e+03
5700  6.185077e-07  2.234036e-07  4.790966e-07  4.820322e-11  -3.720055025970e+03
5800  5.111557e-07  1.846285e-07  3.959419e-07  4.229150e-11  -3.720055025966e+03
5900  4.224362e-07  1.525834e-07  3.272201e-07  3.819878e-11  -3.720055025962e+03
6000  3.491172e-07  1.261003e-07  2.704262e-07  2.592060e-11  -3.720055025959e+03
6100  2.885218e-07  1.042136e-07  2.234895e-07  2.592060e-11  -3.720055025956e+03
6200  2.384457e-07  8.612586e-08  1.846997e-07  1.864464e-11  -3.720055025954e+03
6300  1.970589e-07  7.117738e-08  1.526422e-07  1.909939e-11  -3.720055025952e+03
6400  1.628561e-07  5.882347e-08  1.261488e-07  1.455192e-11  -3.720055025951e+03
6500  1.345899e-07  4.861378e-08  1.042538e-07  1.136868e-11  -3.720055025949e+03
6600  1.112285e-07  4.017606e-08  8.615890e-08  1.045919e-11  -3.720055025948e+03
6700  9.192442e-08  3.320298e-08  7.120485e-08  5.456968e-12  -3.720055025948e+03
6800  7.596839e-08  2.744004e-08  5.884608e-08  1.091394e-11  -3.720055025947e+03
6900  6.278411e-08  2.267748e-08  4.863257e-08  2.728484e-12  -3.720055025946e+03
7000  5.188719e-08  1.874148e-08  4.019167e-08  4.547474e-12  -3.720055025946e+03
7100  4.288100e-08  1.548859e-08  3.321577e-08  1.818989e-12  -3.720055025946e+03
7200  3.543859e-08  1.280033e-08  2.745070e-08  9.094947e-13  -3.720055025945e+03
7300  2.928750e-08  1.057864e-08  2.268622e-08  1.818989e-12  -3.720055025945e+03
7400  2.420383e-08  8.742528e-09  1.874865e-08  3.183231e-12  -3.720055025945e+03
7500  2.000392e-08  7.225195e-09  1.549463e-08  4.092726e-12  -3.720055025945e+03
7600  1.653140e-08  5.971120e-09  1.280526e-08  1.818989e-12  -3.720055025944e+03
7700  1.366218e-08  4.934747e-09  1.058272e-08  5.911716e-12  -3.720055025944e+03
7800  1.129049e-08  4.078224e-09  8.745896e-09  2.273737e-12  -3.720055025944e+03
7900  9.330632e-09  3.370385e-09  7.227913e-09  1.364242e-12  -3.720055025944e+03
8000  7.711825e-09  2.785434e-09  5.973443e-09  1.364242e-12  -3.720055025944e+03
8100  6.371743e-09  2.301901e-09  4.936550e-09  1.364242e-12  -3.720055025944e+03
8200  5.267321e-09  1.902453e-09  4.079856e-09  4.547474e-13  -3.720055025944e+03
8300  4.353082e-09  1.572249e-09  3.371729e-09  4.547474e-13  -3.720055025944e+03
8400  3.597109e-09  1.299340e-09  2.786483e-09  1.364242e-12  -3.720055025944e+03
8500  2.972415e-09  1.073801e-09  2.302821e-09  3.183231e-12  -3.720055025944e+03
8600  2.456519e-09  8.874264e-10  1.903130e-09  2.273737e-12  -3.720055025944e+03
8700  2.030696e-09  7.334295e-10  1.572856e-09  9.094947e-13  -3.720055025944e+03
8800  1.677695e-09  6.061000e-10  1.299818e-09  1.364242e-12  -3.720055025944e+03
8900  1.386909e-09  5.009254e-10  1.074249e-09  2.273737e-12  -3.720055025944e+03
9000  1.147432e-09  4.140510e-10  8.878936e-10  2.728484e-12  -3.720055025944e+03
