0  1.100244e+01  1.545644e+00  2.401993e+00  3.686951e+03  -3.686951121439e+03
100  1.712482e-01  1.369445e-01  2.246313e-01  8.692056e-03  -3.717733708901e+03
200  8.538986e-02  7.105153e-02  1.201900e-01  1.867423e-03  -3.718170440086e+03
300  4.791202e-02  4.254756e-02  7.332234e-02  4.545959e-04  -3.718268518253e+03
400  2.819769e-02  2.620250e-02  4.570840e-02  1.326819e-04  -3.718294065889e+03
500  1.707575e-02  1.634494e-02  2.875886e-02  4.794255e-05  -3.718302204438e+03
600  1.057275e-02  1.025980e-02  1.816052e-02  2.101523e-05  -3.718305410372e+03
700  6.670844e-03  6.455999e-03  1.147554e-02  1.063122e-05  -3.718306914168e+03
800  4.278238e-03  4.062682e-03  7.243392e-03  5.928785e-06  -3.718307711777e+03
900  2.782962e-03  2.552560e-03  4.561651e-03  3.532372e-06  -3.718308171250e+03
1000  1.832719e-03  1.602443e-03  2.867391e-03  2.203596e-06  -3.718308451281e+03
1100  1.219920e-03  1.002041e-03  1.796220e-03  1.420293e-06  -3.718308628819e+03
1200  8.196326e-04  6.234165e-04  1.119549e-03  9.372648e-07  -3.718308744594e+03
1300  5.552103e-04  3.854238e-04  6.935611e-04  6.292817e-07  -3.718308821652e+03
1400  3.788115e-04  2.364514e-04  4.265111e-04  4.279887e-07  -3.718308873722e+03
1500  2.601103e-04  1.436784e-04  2.599407e-04  2.939769e-07  -3.718308909309e+03
1600  1.796196e-04  8.626094e-05  1.566477e-04  2.034890e-07  -3.718308933846e+03
1700  1.246654e-04  5.099186e-05  9.305993e-05  1.417320e-07  -3.718308950883e+03
1800  8.691648e-05  2.952705e-05  5.426358e-05  9.922405e-08  -3.718308962779e+03
1900  6.084381e-05  1.671339e-05  3.336607e-05  6.975506e-08  -3.718308971124e+03
2000  4.274699e-05  9.626536e-06  2.394957e-05  4.922140e-08  -3.718308977001e+03
2100  3.013039e-05  6.913472e-06  1.721088e-05  3.483365e-08  -3.718308981154e+03
2200  2.129932e-05  4.970257e-06  1.238083e-05  2.471916e-08  -3.718308984097e+03
2300  1.509574e-05  3.576485e-06  8.914036e-06  1.758326e-08  -3.718308986188e+03
2400  1.072382e-05  2.575577e-06  6.422769e-06  1.252920e-08  -3.718308987677e+03
2500  7.633827e-06  1.856032e-06  4.630689e-06  8.944880e-09  -3.718308988739e+03
2600  5.444190e-06  1.338281e-06  3.340434e-06  6.399659e-09  -3.718308989497e+03
2700  3.888964e-06  9.654369e-07  2.410784e-06  4.581125e-09  -3.718308990040e+03
2800  2.782045e-06  6.967601e-07  1.740529e-06  3.284185e-09  -3.718308990429e+03
2900  1.992749e-06  5.030350e-07  1.257029e-06  2.357410e-09  -3.718308990708e+03
3000  1.429008e-06  3.897078e-07  9.080872e-07  1.692570e-09  -3.718308990908e+03
3100  1.025779e-06  3.086447e-07  6.561591e-07  1.215994e-09  -3.718308991052e+03
3200  7.369841e-07  2.405312e-07  4.742129e-07  8.722054e-10  -3.718308991155e+03
3300  5.299102e-07  1.851387e-07  3.427726e-07  6.307346e-10  -3.718308991230e+03
3400  3.812823e-07  1.411162e-07  2.477966e-07  4.524736e-10  -3.718308991283e+03
3500  2.745084e-07  1.067194e-07  1.816522e-07  3.333298e-10  -3.718308991322e+03
3600  1.977410e-07  8.019067e-08  1.367127e-07  2.314664e-10  -3.718308991350e+03
3700  1.425090e-07  5.993776e-08  1.023187e-07  1.714398e-10  -3.718308991370e+03
3800  1.027456e-07  4.460187e-08  7.622265e-08  1.236913e-10  -3.718308991384e+03
3900  7.410424e-08  3.306612e-08  5.656089e-08  9.185896e-11  -3.718308991395e+03
4000  5.346577e-08  2.443613e-08  4.183188e-08  6.002665e-11  -3.718308991402e+03
4100  3.858381e-08  1.800981e-08  3.085149e-08  4.592948e-11  -3.718308991408e+03
4200  2.785146e-08  1.324258e-08  2.269816e-08  3.046807e-11  -3.718308991412e+03
4300  2.010989e-08  9.717636e-09  1.666463e-08  2.501110e-11  -3.718308991414e+03
4400  1.452166e-08  7.118675e-09  1.221299e-08  2.046363e-11  -3.718308991417e+03
4500  1.048848e-08  5.206873e-09  8.936410e-09  1.500666e-11  -3.718308991418e+03
4600  7.575792e-09  3.803513e-09  6.530001e-09  8.185452e-12  -3.718308991419e+03
4700  5.472875e-09  2.775204e-09  4.765926e-09  3.637979e-12  -3.718308991420e+03
4800  3.954259e-09  2.022788e-09  3.474667e-09  2.273737e-12  -3.718308991420e+03
4900  2.858314e-09  1.473012e-09  2.530854e-09  4.547474e-12  -3.718308991421e+03
5000  2.065786e-09  1.071846e-09  1.841953e-09  0.000000e+00  -3.718308991421e+03
5100  1.492185e-09  7.794774e-10  1.339741e-09  0.000000e+00  -3.718308991421e+03
5200  1.078911e-09  5.664158e-10  9.736962e-10  2.728484e-12  -3.718308991421e+03
