0  1.761948e+00  1.484548e-01  2.322385e-01  5.102511e+01  5.000000e-03 -4.610359704280e+03
1000  2.497249e-03  9.099492e-04  1.833521e-03  4.057043e+01  5.000000e-03 -4.617854813956e+03
2000  6.066656e-04  1.741115e-04  3.762425e-04  4.056680e+01  5.000000e-03 -4.617854854793e+03
3000  1.163644e-04  3.324749e-05  7.194378e-05  4.056664e+01  5.000000e-03 -4.617854847330e+03
4000  2.217224e-05  6.331231e-06  1.370278e-05  4.056661e+01  5.000000e-03 -4.617854845362e+03
5000  4.221030e-06  1.205171e-06  2.608466e-06  4.056660e+01  5.000000e-03 -4.617854844967e+03
6000  8.034465e-07  2.293919e-07  4.964983e-07  4.056660e+01  5.000000e-03 -4.617854844891e+03
7000  1.529265e-07  4.366183e-08  9.450224e-08  4.056660e+01  5.000000e-03 -4.617854844877e+03
8000  2.910755e-08  8.310449e-09  1.798725e-08  4.056660e+01  5.000000e-03 -4.617854844874e+03
9000  5.539920e-09  1.581770e-09  3.423614e-09  4.056660e+01  5.000000e-03 -4.617854844873e+03
10000  1.054186e-09  3.010563e-10  6.516205e-10  4.056660e+01  5.000000e-03 -4.617854844873e+03
