0  1.761948e+00  1.484548e-01  2.322385e-01  4.610360e+03  -4.610359704280e+03
100  1.634525e-01  1.644455e-01  2.636726e-01  1.852924e-02  -4.616685172136e+03
200  8.000967e-02  9.881158e-02  1.606389e-01  3.842423e-03  -4.617611307491e+03
300  3.896421e-02  5.559600e-02  9.106053e-02  7.997966e-04  -4.617803549284e+03
400  1.777707e-02  3.029018e-02  4.996427e-02  1.683542e-04  -4.617843702286e+03
500  8.905885e-03  1.634671e-02  2.712451e-02  3.645675e-05  -4.617852228517e+03
600  5.840713e-03  8.854828e-03  1.471249e-02  8.485526e-06  -4.617854117013e+03
700  4.143745e-03  4.824950e-03  8.013825e-03  2.331312e-06  -4.617854581676e+03
800  3.114923e-03  2.674651e-03  4.431935e-03  8.474854e-07  -4.617854723848e+03
900  2.511861e-03  1.526967e-03  2.518453e-03  4.108797e-07  -4.617854782743e+03
1000  2.497249e-03  9.099492e-04  1.833521e-03  2.367160e-07  -4.617854813956e+03
1100  2.317115e-03  7.477834e-04  1.587190e-03  1.450098e-07  -4.617854832588e+03
1200  2.073737e-03  6.398940e-04  1.365670e-03  8.871211e-08  -4.617854844037e+03
1300  1.818196e-03  5.460882e-04  1.169939e-03  5.207403e-08  -4.617854850931e+03
1400  1.574705e-03  4.651088e-04  9.991309e-04  2.792422e-08  -4.617854854835e+03
1500  1.353541e-03  3.955677e-04  8.513642e-04  1.213903e-08  -4.617854856774e+03
1600  1.157895e-03  3.360748e-04  7.243063e-04  2.046363e-09  -4.617854857439e+03
1700  9.874897e-04  2.853160e-04  6.155184e-04  4.177309e-09  -4.617854857303e+03
1800  8.404715e-04  2.420926e-04  5.226502e-04  7.781637e-09  -4.617854856686e+03
1900  7.143856e-04  2.053368e-04  4.435376e-04  9.643372e-09  -4.617854855802e+03
2000  6.066656e-04  1.741115e-04  3.762425e-04  1.036369e-08  -4.617854854793e+03
2100  5.148671e-04  1.476033e-04  3.190599e-04  1.035551e-08  -4.617854853753e+03
2200  4.367678e-04  1.251113e-04  2.705066e-04  9.903488e-09  -4.617854852737e+03
2300  3.703988e-04  1.060340e-04  2.293028e-04  9.204086e-09  -4.617854851781e+03
2400  3.140428e-04  8.985761e-05  1.943502e-04  8.380994e-09  -4.617854850902e+03
2500  2.662157e-04  7.614372e-05  1.647089e-04  7.521521e-09  -4.617854850107e+03
2600  2.256431e-04  6.451930e-05  1.395776e-04  6.672963e-09  -4.617854849398e+03
2700  1.912346e-04  5.466716e-05  1.182736e-04  5.871698e-09  -4.617854848772e+03
2800  1.620603e-04  4.631786e-05  1.002164e-04  5.128641e-09  -4.617854848223e+03
2900  1.373281e-04  3.924267e-05  8.491276e-05  4.459253e-09  -4.617854847744e+03
3000  1.163644e-04  3.324749e-05  7.194378e-05  3.852620e-09  -4.617854847330e+03
3100  9.859677e-05  2.816769e-05  6.095401e-05  3.323294e-09  -4.617854846972e+03
3200  8.353926e-05  2.386366e-05  5.164188e-05  2.857632e-09  -4.617854846663e+03
3300  7.077932e-05  2.021703e-05  4.375162e-05  2.451088e-09  -4.617854846399e+03
3400  5.996696e-05  1.712747e-05  3.706636e-05  2.097295e-09  -4.617854846172e+03
3500  5.080533e-05  1.450993e-05  3.140222e-05  1.791705e-09  -4.617854845978e+03
3600  4.304269e-05  1.229234e-05  2.660336e-05  1.529770e-09  -4.617854845812e+03
3700  3.646563e-05  1.041360e-05  2.253765e-05  1.303306e-09  -4.617854845671e+03
3800  3.089320e-05  8.821959e-06  1.909316e-05  1.110493e-09  -4.617854845551e+03
3900  2.617207e-05  7.473558e-06  1.617501e-05  9.422365e-10  -4.617854845449e+03
4000  2.217224e-05  6.331231e-06  1.370278e-05  8.012648e-10  -4.617854845362e+03
4100  1.878357e-05  5.363492e-06  1.160837e-05  6.821210e-10  -4.617854845288e+03
4200  1.591271e-05  4.543661e-06  9.834045e-06  5.802576e-10  -4.617854845225e+03
4300  1.348057e-05  3.849137e-06  8.330897e-06  4.929461e-10  -4.617854845171e+03
4400  1.142011e-05  3.260769e-06  7.057489e-06  4.183676e-10  -4.617854845126e+03
4500  9.674555e-06  2.762332e-06  5.978712e-06  3.547029e-10  -4.617854845088e+03
4600  8.195781e-06  2.340083e-06  5.064824e-06  3.010427e-10  -4.617854845055e+03
4700  6.943023e-06  1.982377e-06  4.290623e-06  2.564775e-10  -4.617854845027e+03
4800  5.881741e-06  1.679348e-06  3.634760e-06  2.164597e-10  -4.617854845004e+03
4900  4.982674e-06  1.422639e-06  3.079149e-06  1.818989e-10  -4.617854844984e+03
5000  4.221030e-06  1.205171e-06  2.608466e-06  1.564331e-10  -4.617854844967e+03
5100  3.575804e-06  1.020945e-06  2.209731e-06  1.336957e-10  -4.617854844953e+03
5200  3.029204e-06  8.648795e-07  1.871946e-06  1.100489e-10  -4.617854844941e+03
5300  2.566156e-06  7.326708e-07  1.585794e-06  9.640644e-11  -4.617854844930e+03
5400  2.173888e-06  6.206717e-07  1.343384e-06  8.185452e-11  -4.617854844922e+03
5500  1.841581e-06  5.257930e-07  1.138029e-06  6.912160e-11  -4.617854844914e+03
5600  1.560072e-06  4.454179e-07  9.640656e-07  5.729817e-11  -4.617854844908e+03
5700  1.321594e-06  3.773292e-07  8.166944e-07  4.911271e-11  -4.617854844903e+03
5800  1.119570e-06  3.196488e-07  6.918507e-07  4.456524e-11  -4.617854844898e+03
5900  9.484276e-07  2.707857e-07  5.860911e-07  3.456080e-11  -4.617854844894e+03
6000  8.034465e-07  2.293919e-07  4.964983e-07  2.728484e-11  -4.617854844891e+03
6100  6.806282e-07  1.943259e-07  4.206011e-07  2.637535e-11  -4.617854844888e+03
6200  5.765835e-07  1.646202e-07  3.563058e-07  2.364686e-11  -4.617854844886e+03
6300  4.884445e-07  1.394555e-07  3.018391e-07  1.546141e-11  -4.617854844884e+03
6400  4.137783e-07  1.181375e-07  2.556983e-07  1.637090e-11  -4.617854844883e+03
6500  3.505267e-07  1.000784e-07  2.166109e-07  1.455192e-11  -4.617854844881e+03
6600  2.969438e-07  8.477990e-08  1.834986e-07  1.182343e-11  -4.617854844880e+03
6700  2.515511e-07  7.181996e-08  1.554480e-07  1.000444e-11  -4.617854844879e+03
6800  2.130974e-07  6.084114e-08  1.316853e-07  8.185452e-12  -4.617854844878e+03
6900  1.805222e-07  5.154062e-08  1.115552e-07  4.547474e-12  -4.617854844877e+03
7000  1.529265e-07  4.366183e-08  9.450224e-08  8.185452e-12  -4.617854844877e+03
7100  1.295492e-07  3.698743e-08  8.005608e-08  6.366463e-12  -4.617854844876e+03
7200  1.097457e-07  3.133332e-08  6.781826e-08  1.818989e-12  -4.617854844876e+03
7300  9.296952e-08  2.654354e-08  5.745119e-08  4.547474e-12  -4.617854844875e+03
7400  7.875782e-08  2.248595e-08  4.866888e-08  3.637979e-12  -4.617854844875e+03
7500  6.671779e-08  1.904859e-08  4.122904e-08  9.094947e-13  -4.617854844875e+03
7600  5.651930e-08  1.613673e-08  3.492655e-08  3.637979e-12  -4.617854844875e+03
7700  4.787913e-08  1.366996e-08  2.958746e-08  2.728484e-12  -4.617854844874e+03
7800  4.056002e-08  1.158029e-08  2.506455e-08  9.094947e-13  -4.617854844874e+03
7900  3.436023e-08  9.810083e-09  2.123307e-08  0.000000e+00  -4.617854844874e+03
8000  2.910755e-08  8.310449e-09  1.798725e-08  1.818989e-12  -4.617854844874e+03
8100  2.465756e-08  7.040045e-09  1.523759e-08  0.000000e+00  -4.617854844874e+03
8200  2.088891e-08  5.963896e-09  1.290833e-08  9.094947e-13  -4.617854844874e+03
8300  1.769536e-08  5.052203e-09  1.093506e-08  1.818989e-12  -4.617854844874e+03
8400  1.499063e-08  4.279911e-09  9.263488e-09  1.818989e-12  -4.617854844874e+03
8500  1.269911e-08  3.625654e-09  7.847412e-09  9.094947e-13  -4.617854844874e+03
8600  1.075759e-08  3.071406e-09  6.647797e-09  9.094947e-13  -4.617854844874e+03
8700  9.113434e-09  2.601907e-09  5.631596e-09  1.818989e-12  -4.617854844874e+03
8800  7.720069e-09  2.204154e-09  4.770702e-09  9.094947e-13  -4.617854844874e+03
8900  6.540080e-09  1.867220e-09  4.041434e-09  9.094947e-13  -4.617854844873e+03
9000  5.539920e-09  1.581770e-09  3.423614e-09  2.728484e-12  -4.617854844873e+03
9100  4.692972e-09  1.339967e-09  2.900254e-09  9.094947e-13  -4.617854844873e+03
9200  3.975956e-09  1.135150e-09  2.456930e-09  2.728484e-12  -4.617854844873e+03
9300  3.368141e-09  9.616231e-10  2.081348e-09  0.000000e+00  -4.617854844873e+03
9400  2.853169e-09  8.146158e-10  1.763169e-09  1.818989e-12  -4.617854844873e+03
9500  2.417285e-09  6.901051e-10  1.493665e-09  9.094947e-13  -4.617854844873e+03
9600  2.047581e-09  5.846016e-10  1.265320e-09  9.094947e-13  -4.617854844873e+03
9700  1.734535e-09  4.952349e-10  1.071894e-09  1.818989e-12  -4.617854844873e+03
9800  1.469843e-09  4.195503e-10  9.080671e-10  0.000000e+00  -4.617854844873e+03
9900  1.244702e-09  3.553964e-10  7.692272e-10  2.728484e-12  -4.617854844873e+03
10000  1.054186e-09  3.010563e-10  6.516205e-10  0.000000e+00  -4.617854844873e+03
