0  1.179827e+01  2.830033e+00  4.396832e+00  4.974933e+03  -4.974932722645e+03
100  4.741763e-02  1.343908e-01  2.287522e-01  4.258126e-03  -4.989527584942e+03
200  3.949602e-02  9.033259e-02  1.538773e-01  1.109714e-03  -4.989761525435e+03
300  2.608326e-02  5.457303e-02  9.308306e-02  2.805564e-04  -4.989821564233e+03
400  1.583624e-02  3.133856e-02  5.351085e-02  6.466266e-05  -4.989836370542e+03
500  9.464057e-03  1.744287e-02  2.981922e-02  9.231032e-06  -4.989839412709e+03
600  5.649344e-03  9.520510e-03  1.629689e-02  3.382722e-06  -4.989839532834e+03
700  3.380635e-03  5.127666e-03  8.789774e-03  4.865084e-06  -4.989839079192e+03
800  2.029461e-03  2.733754e-03  4.693330e-03  3.867650e-06  -4.989838636368e+03
900  1.222014e-03  1.471271e-03  2.573248e-03  2.656600e-06  -4.989838312255e+03
1000  7.377699e-04  8.683609e-04  1.519491e-03  1.721572e-06  -4.989838096501e+03
1100  4.464229e-04  5.118472e-04  8.960021e-04  1.085735e-06  -4.989837958673e+03
1200  2.706499e-04  3.014694e-04  5.279017e-04  6.754808e-07  -4.989837872366e+03
1300  1.643578e-04  1.774845e-04  3.108769e-04  4.173253e-07  -4.989837818864e+03
1400  9.995543e-05  1.044701e-04  1.834340e-04  2.569222e-07  -4.989837785871e+03
1500  6.086852e-05  6.149013e-05  1.086872e-04  1.579074e-07  -4.989837765578e+03
1600  3.711114e-05  3.619482e-05  6.437295e-05  9.699306e-08  -4.989837753109e+03
1700  2.265221e-05  2.130818e-05  3.811639e-05  5.957008e-08  -4.989837745451e+03
1800  1.384176e-05  1.260518e-05  2.256566e-05  3.660443e-08  -4.989837740747e+03
1900  8.467081e-06  7.459904e-06  1.335820e-05  2.249817e-08  -4.989837737856e+03
2000  5.184786e-06  4.414791e-06  7.907517e-06  1.384251e-08  -4.989837736078e+03
2100  3.178180e-06  2.612777e-06  4.681113e-06  8.520146e-09  -4.989837734984e+03
2200  1.950180e-06  1.546426e-06  2.771377e-06  5.251422e-09  -4.989837734310e+03
2300  1.197894e-06  9.153921e-07  1.640958e-06  3.237801e-09  -4.989837733895e+03
2400  7.365627e-07  5.419407e-07  9.717872e-07  1.996341e-09  -4.989837733639e+03
2500  4.533632e-07  3.209050e-07  5.756138e-07  1.235094e-09  -4.989837733481e+03
2600  2.793363e-07  1.900616e-07  3.410290e-07  7.621566e-10  -4.989837733383e+03
2700  1.722857e-07  1.125946e-07  2.020991e-07  4.720278e-10  -4.989837733323e+03
2800  1.063680e-07  6.672036e-08  1.198018e-07  2.919478e-10  -4.989837733285e+03
2900  6.573626e-08  3.954828e-08  7.103955e-08  1.818989e-10  -4.989837733262e+03
3000  4.066570e-08  2.344971e-08  4.213927e-08  1.118678e-10  -4.989837733248e+03
3100  2.518065e-08  1.390906e-08  2.500546e-08  7.003109e-11  -4.989837733239e+03
3200  1.560716e-08  8.253200e-09  1.484422e-08  4.365575e-11  -4.989837733233e+03
3300  9.682505e-09  4.899173e-09  8.815906e-09  2.637535e-11  -4.989837733230e+03
3400  6.012163e-09  2.909413e-09  5.238072e-09  1.637090e-11  -4.989837733228e+03
3500  3.736624e-09  1.728598e-09  3.113817e-09  1.000444e-11  -4.989837733226e+03
3600  2.324214e-09  1.027513e-09  1.851967e-09  7.275958e-12  -4.989837733225e+03
3700  1.446832e-09  6.110799e-10  1.102058e-09  4.547474e-12  -4.989837733225e+03
