0  1.372216e+01  9.429288e-01  1.432926e+00  4.807722e+03  -4.807722037332e+03
100  2.527550e-02  6.001536e-02  1.017263e-01  1.016705e-03  -4.818278713633e+03
200  2.852357e-02  4.122916e-02  7.006707e-02  2.824274e-04  -4.818337597543e+03
300  2.046654e-02  2.568203e-02  4.383146e-02  6.163338e-05  -4.818352303815e+03
400  1.296565e-02  1.551446e-02  2.655767e-02  5.286704e-06  -4.818354977149e+03
500  8.020586e-03  9.164178e-03  1.572619e-02  6.903555e-06  -4.818354719165e+03
600  4.947074e-03  5.329676e-03  9.165938e-03  7.649801e-06  -4.818353949858e+03
700  3.058416e-03  3.064192e-03  5.280297e-03  5.929864e-06  -4.818353265823e+03
800  1.897276e-03  1.745438e-03  3.030189e-03  4.121232e-06  -4.818352766879e+03
900  1.180893e-03  1.054732e-03  1.855004e-03  2.733652e-06  -4.818352428681e+03
1000  7.371531e-04  6.431647e-04  1.132131e-03  1.772550e-06  -4.818352207017e+03
1100  4.612946e-04  3.914091e-04  6.894759e-04  1.136000e-06  -4.818352064162e+03
1200  2.892684e-04  2.378638e-04  4.192629e-04  7.236149e-07  -4.818351972899e+03
1300  1.817126e-04  1.444103e-04  2.546793e-04  4.594958e-07  -4.818351914861e+03
1400  1.143196e-04  8.761388e-05  1.545905e-04  2.913521e-07  -4.818351878036e+03
1500  7.201492e-05  5.313130e-05  9.379035e-05  1.846329e-07  -4.818351854694e+03
1600  4.541778e-05  3.221100e-05  5.688519e-05  1.169992e-07  -4.818351839903e+03
1700  2.867356e-05  1.952498e-05  3.449584e-05  7.416020e-08  -4.818351830529e+03
1800  1.811975e-05  1.183461e-05  2.091744e-05  4.702542e-08  -4.818351824586e+03
1900  1.146063e-05  7.173476e-06  1.268419e-05  2.983597e-08  -4.818351820817e+03
2000  7.254837e-06  4.348574e-06  7.692384e-06  1.893841e-08  -4.818351818424e+03
2100  4.596126e-06  2.636512e-06  4.665832e-06  1.202716e-08  -4.818351816906e+03
2200  2.913976e-06  1.598818e-06  2.831189e-06  7.644303e-09  -4.818351815941e+03
2300  1.848830e-06  9.697800e-07  1.725383e-06  4.863068e-09  -4.818351815327e+03
2400  1.173852e-06  5.883940e-07  1.051834e-06  3.093191e-09  -4.818351814937e+03
2500  7.458036e-07  3.571075e-07  6.414667e-07  1.968147e-09  -4.818351814688e+03
2600  4.741556e-07  2.168100e-07  3.913688e-07  1.256922e-09  -4.818351814530e+03
2700  3.016431e-07  1.317803e-07  2.388919e-07  7.985363e-10  -4.818351814430e+03
2800  1.920129e-07  8.042864e-08  1.458939e-07  5.120455e-10  -4.818351814365e+03
2900  1.223001e-07  4.911319e-08  8.914771e-08  3.255991e-10  -4.818351814324e+03
3000  7.794203e-08  3.000738e-08  5.450504e-08  2.064553e-10  -4.818351814298e+03
3100  4.969958e-08  1.834489e-08  3.334506e-08  1.336957e-10  -4.818351814281e+03
3200  3.170773e-08  1.122213e-08  2.041318e-08  8.458301e-11  -4.818351814271e+03
3300  2.023952e-08  6.869465e-09  1.250514e-08  5.547918e-11  -4.818351814264e+03
3400  1.292559e-08  4.207981e-09  7.666217e-09  3.637979e-11  -4.818351814260e+03
3500  8.258277e-09  2.579495e-09  4.703228e-09  2.182787e-11  -4.818351814257e+03
3600  5.278707e-09  1.582438e-09  2.887705e-09  1.455192e-11  -4.818351814255e+03
3700  3.376051e-09  9.715853e-10  1.774516e-09  1.000444e-11  -4.818351814254e+03
3800  2.159396e-09  5.969627e-10  1.091281e-09  6.366463e-12  -4.818351814253e+03
3900  1.382331e-09  3.671519e-10  6.717809e-10  3.637979e-12  -4.818351814253e+03
