0  6.331031e+00  6.420241e-01  9.979957e-01  5.148666e+03  -5.148666271243e+03
100  6.373237e-03  5.461125e-03  8.553199e-03  7.102741e-06  -5.149627869729e+03
200  3.620991e-03  1.830430e-03  3.296461e-03  1.682541e-06  -5.149628238020e+03
300  3.963811e-03  1.092975e-03  2.269279e-03  4.795438e-07  -5.149628331603e+03
400  3.370763e-03  8.278748e-04  1.725913e-03  1.692979e-07  -5.149628360783e+03
500  2.745837e-03  6.525248e-04  1.354351e-03  6.690061e-08  -5.149628371738e+03
600  2.213019e-03  5.198752e-04  1.074853e-03  2.337219e-08  -5.149628375958e+03
700  1.777782e-03  4.155233e-04  8.571093e-04  2.118213e-09  -5.149628377101e+03
800  1.426312e-03  3.324698e-04  6.849734e-04  8.385541e-09  -5.149628376718e+03
900  1.143543e-03  2.661108e-04  5.479627e-04  1.305216e-08  -5.149628375608e+03
1000  9.164068e-04  2.130153e-04  4.385495e-04  1.448734e-08  -5.149628374211e+03
1100  7.341258e-04  1.705105e-04  3.510370e-04  1.417357e-08  -5.149628372768e+03
1200  5.879376e-04  1.364789e-04  2.809924e-04  1.299395e-08  -5.149628371406e+03
1300  4.707555e-04  1.092317e-04  2.249143e-04  1.145236e-08  -5.149628370182e+03
1400  3.768625e-04  8.741819e-05  1.800159e-04  9.841642e-09  -5.149628369119e+03
1500  3.016546e-04  6.995647e-05  1.440703e-04  8.311872e-09  -5.149628368213e+03
1600  2.414290e-04  5.597971e-05  1.152948e-04  6.923074e-09  -5.149628367453e+03
1700  1.932108e-04  4.479339e-05  9.226149e-05  5.718903e-09  -5.149628366823e+03
1800  1.546122e-04  3.584109e-05  7.382618e-05  4.686626e-09  -5.149628366305e+03
1900  1.237180e-04  2.867711e-05  5.907219e-05  3.823516e-09  -5.149628365881e+03
2000  9.899286e-05  2.294452e-05  4.726521e-05  3.105015e-09  -5.149628365536e+03
2100  7.920642e-05  1.835752e-05  3.781715e-05  2.513843e-09  -5.149628365257e+03
2200  6.337317e-05  1.468731e-05  3.025706e-05  2.029992e-09  -5.149628365030e+03
2300  5.070391e-05  1.175074e-05  2.420790e-05  1.637090e-09  -5.149628364848e+03
2400  4.056676e-05  9.401203e-06  1.936786e-05  1.317858e-09  -5.149628364701e+03
2500  3.245588e-05  7.521392e-06  1.549535e-05  1.059561e-09  -5.149628364583e+03
2600  2.596641e-05  6.017418e-06  1.239702e-05  8.521965e-10  -5.149628364488e+03
2700  2.077433e-05  4.814153e-06  9.918142e-06  6.821210e-10  -5.149628364412e+03
2800  1.662031e-05  3.851481e-06  7.934887e-06  5.475158e-10  -5.149628364350e+03
2900  1.329685e-05  3.081302e-06  6.348180e-06  4.411049e-10  -5.149628364301e+03
3000  1.063792e-05  2.465128e-06  5.078742e-06  3.501555e-10  -5.149628364262e+03
3100  8.510660e-06  1.972168e-06  4.063140e-06  2.819434e-10  -5.149628364231e+03
3200  6.808769e-06  1.577784e-06  3.250622e-06  2.237357e-10  -5.149628364205e+03
3300  5.447195e-06  1.262265e-06  2.600581e-06  1.800800e-10  -5.149628364185e+03
3400  4.357893e-06  1.009841e-06  2.080528e-06  1.446097e-10  -5.149628364169e+03
3500  3.486419e-06  8.078956e-07  1.664471e-06  1.173248e-10  -5.149628364156e+03
3600  2.789216e-06  6.463341e-07  1.331615e-06  9.094947e-11  -5.149628364146e+03
3700  2.231435e-06  5.170811e-07  1.065321e-06  7.366907e-11  -5.149628364137e+03
3800  1.785197e-06  4.136758e-07  8.522797e-07  5.911716e-11  -5.149628364131e+03
3900  1.428196e-06  3.309493e-07  6.818419e-07  4.547474e-11  -5.149628364125e+03
4000  1.142587e-06  2.647662e-07  5.454877e-07  3.910827e-11  -5.149628364121e+03
4100  9.140929e-07  2.118183e-07  4.364014e-07  2.910383e-11  -5.149628364118e+03
4200  7.312937e-07  1.694590e-07  3.491301e-07  2.728484e-11  -5.149628364115e+03
4300  5.850495e-07  1.355706e-07  2.793111e-07  2.182787e-11  -5.149628364113e+03
4400  4.680516e-07  1.084592e-07  2.234545e-07  1.546141e-11  -5.149628364111e+03
4500  3.744506e-07  8.676951e-08  1.787681e-07  1.364242e-11  -5.149628364110e+03
4600  2.995685e-07  6.941736e-08  1.430181e-07  7.275958e-12  -5.149628364109e+03
4700  2.396609e-07  5.553527e-08  1.144173e-07  8.185452e-12  -5.149628364108e+03
4800  1.917331e-07  4.442930e-08  9.153611e-08  7.275958e-12  -5.149628364107e+03
4900  1.533901e-07  3.554430e-08  7.323068e-08  2.728484e-12  -5.149628364106e+03
5000  1.227153e-07  2.843616e-08  5.858601e-08  4.547474e-12  -5.149628364106e+03
5100  9.817476e-08  2.274949e-08  4.686997e-08  4.547474e-12  -5.149628364106e+03
5200  7.854132e-08  1.820002e-08  3.749687e-08  2.728484e-12  -5.149628364105e+03
5300  6.283509e-08  1.456040e-08  2.999827e-08  3.637979e-12  -5.149628364105e+03
5400  5.026941e-08  1.164861e-08  2.399922e-08  0.000000e+00  -5.149628364105e+03
5500  4.021607e-08  9.319094e-09  1.919981e-08  9.094947e-13  -5.149628364105e+03
5600  3.217389e-08  7.455470e-09  1.536024e-08  9.094947e-13  -5.149628364105e+03
5700  2.573957e-08  5.964514e-09  1.228848e-08  1.818989e-12  -5.149628364105e+03
5800  2.059227e-08  4.771734e-09  9.831038e-09  9.094947e-13  -5.149628364105e+03
5900  1.647378e-08  3.817458e-09  7.864989e-09  2.728484e-12  -5.149628364104e+03
6000  1.317927e-08  3.054038e-09  6.292140e-09  1.818989e-12  -5.149628364104e+03
6100  1.054406e-08  2.443310e-09  5.033866e-09  0.000000e+00  -5.149628364104e+03
6200  8.435554e-09  1.954701e-09  4.027200e-09  0.000000e+00  -5.149628364104e+03
6300  6.748598e-09  1.563799e-09  3.221838e-09  9.094947e-13  -5.149628364104e+03
6400  5.398682e-09  1.251051e-09  2.577505e-09  1.818989e-12  -5.149628364104e+03
6500  4.319365e-09  1.000884e-09  2.062083e-09  9.094947e-13  -5.149628364104e+03
6600  3.455871e-09  8.007418e-10  1.649730e-09  9.094947e-13  -5.149628364104e+03
6700  2.764589e-09  6.405999e-10  1.319802e-09  9.094947e-13  -5.149628364104e+03
6800  2.211598e-09  5.124860e-10  1.055858e-09  1.818989e-12  -5.149628364104e+03
6900  1.769343e-09  4.099979e-10  8.447061e-10  0.000000e+00  -5.149628364104e+03
7000  1.415416e-09  3.280016e-10  6.757739e-10  2.728484e-12  -5.149628364104e+03
7100  1.132408e-09  2.624122e-10  5.406389e-10  9.094947e-13  -5.149628364104e+03
