0  1.903323e+01  5.138467e+00  8.000899e+00  5.439939e+03  -5.439939106247e+03
100  1.272047e-01  1.603011e-01  2.756213e-01  1.799474e-03  -5.498846256040e+03
200  1.255467e-01  6.204365e-02  1.128681e-01  4.837325e-04  -5.498939783966e+03
300  8.940847e-02  2.793071e-02  5.206752e-02  1.992735e-04  -5.498971149463e+03
400  5.890156e-02  1.349898e-02  2.535877e-02  9.447347e-05  -5.498985035879e+03
500  3.880889e-02  6.797870e-03  1.687995e-02  4.790587e-05  -5.498991840688e+03
600  2.594437e-02  4.632599e-03  1.162687e-02  2.540396e-05  -5.498995365200e+03
700  1.761444e-02  3.299619e-03  8.081742e-03  1.397948e-05  -5.498997266567e+03
800  1.211637e-02  2.349396e-03  5.655782e-03  7.961467e-06  -5.498998329543e+03
900  8.419599e-03  1.672895e-03  3.978374e-03  4.687162e-06  -5.498998944278e+03
1000  5.895228e-03  1.191497e-03  2.809221e-03  2.849045e-06  -5.498999311624e+03
1100  4.150515e-03  8.489029e-04  1.989306e-03  1.784259e-06  -5.498999538081e+03
1200  2.933704e-03  6.050034e-04  1.411640e-03  1.147799e-06  -5.498999681734e+03
1300  2.079433e-03  4.312938e-04  1.003246e-03  7.556364e-07  -5.498999775183e+03
1400  1.476827e-03  3.075262e-04  7.137890e-04  5.070769e-07  -5.498999837281e+03
1500  1.050304e-03  2.193127e-04  5.082512e-04  3.455325e-07  -5.498999879269e+03
1600  7.476910e-04  1.564231e-04  3.621065e-04  2.382840e-07  -5.498999908049e+03
1700  5.326280e-04  1.115782e-04  2.580914e-04  1.658200e-07  -5.498999927987e+03
1800  3.796053e-04  7.959550e-05  1.840092e-04  1.161798e-07  -5.498999941908e+03
1900  2.706356e-04  5.678327e-05  1.312194e-04  8.181087e-08  -5.498999951687e+03
2000  1.929918e-04  4.051062e-05  9.358860e-05  5.782113e-08  -5.498999958586e+03
2100  1.376460e-04  2.890210e-05  6.675676e-05  4.097365e-08  -5.498999963468e+03
2200  9.818338e-05  2.062048e-05  4.762134e-05  2.909292e-08  -5.498999966931e+03
2300  7.004018e-05  1.471209e-05  3.397287e-05  2.068464e-08  -5.498999969391e+03
2400  4.996675e-05  1.049674e-05  2.423709e-05  1.472017e-08  -5.498999971142e+03
2500  3.564774e-05  7.489246e-06  1.729184e-05  1.048102e-08  -5.498999972388e+03
2600  2.543286e-05  5.343478e-06  1.233703e-05  7.470589e-09  -5.498999973276e+03
2700  1.814541e-05  3.812516e-06  8.802108e-06  5.325091e-09  -5.498999973908e+03
2800  1.294626e-05  2.720198e-06  6.280110e-06  3.796231e-09  -5.498999974360e+03
2900  9.236901e-06  1.940843e-06  4.480754e-06  2.708475e-09  -5.498999974681e+03
3000  6.590392e-06  1.384780e-06  3.196960e-06  1.929948e-09  -5.498999974911e+03
3100  4.702168e-06  9.880336e-07  2.280999e-06  1.379703e-09  -5.498999975074e+03
3200  3.354954e-06  7.049575e-07  1.627474e-06  9.822543e-10  -5.498999975191e+03
3300  2.393736e-06  5.029843e-07  1.161192e-06  7.003109e-10  -5.498999975274e+03
3400  1.707916e-06  3.588774e-07  8.285041e-07  4.984031e-10  -5.498999975334e+03
3500  1.218590e-06  2.560577e-07  5.911336e-07  3.601599e-10  -5.498999975376e+03
3600  8.694574e-07  1.826962e-07  4.217711e-07  2.564775e-10  -5.498999975406e+03
3700  6.203550e-07  1.303532e-07  3.009321e-07  1.800800e-10  -5.498999975428e+03
3800  4.426203e-07  9.300654e-08  2.147138e-07  1.309672e-10  -5.498999975443e+03
3900  3.158081e-07  6.635987e-08  1.531976e-07  9.276846e-11  -5.498999975454e+03
4000  2.253279e-07  4.734755e-08  1.093059e-07  6.639311e-11  -5.498999975462e+03
4100  1.607703e-07  3.378230e-08  7.798937e-08  4.456524e-11  -5.498999975468e+03
4200  1.147094e-07  2.410358e-08  5.564518e-08  3.456080e-11  -5.498999975472e+03
4300  8.184481e-08  1.719783e-08  3.970266e-08  2.728484e-11  -5.498999975475e+03
4400  5.839629e-08  1.227061e-08  2.832774e-08  1.546141e-11  -5.498999975477e+03
4500  4.166562e-08  8.755044e-09  2.021175e-08  1.364242e-11  -5.498999975478e+03
4600  2.972739e-08  6.246653e-09  1.442096e-08  1.091394e-11  -5.498999975479e+03
4700  2.121127e-08  4.457009e-09  1.028937e-08  6.366463e-12  -5.498999975480e+03
4800  1.513431e-08  3.180069e-09  7.341443e-09  3.637979e-12  -5.498999975480e+03
4900  1.079815e-08  2.268963e-09  5.238086e-09  2.728484e-12  -5.498999975481e+03
5000  7.704731e-09  1.618912e-09  3.737379e-09  9.094947e-13  -5.498999975481e+03
5100  5.496288e-09  1.155039e-09  2.666534e-09  1.818989e-12  -5.498999975481e+03
5200  3.922101e-09  8.241422e-10  1.902602e-09  1.818989e-12  -5.498999975481e+03
5300  2.798909e-09  5.880474e-10  1.357538e-09  9.094947e-13  -5.498999975481e+03
5400  1.996332e-09  4.195368e-10  9.685488e-10  9.094947e-13  -5.498999975482e+03
5500  1.425114e-09  2.993736e-10  6.911109e-10  1.818989e-12  -5.498999975482e+03
5600  1.016436e-09  2.135841e-10  4.930782e-10  1.818989e-12  -5.498999975482e+03
