0  4.629873e+00  5.075734e-01  7.889568e-01  3.343377e+01  5.000000e-03 -4.826406535033e+03
1000  3.675396e-03  9.617363e-04  2.086560e-03  3.135521e+01  5.000000e-03 -4.827238324467e+03
2000  7.975048e-04  2.013489e-04  4.366316e-04  3.135367e+01  5.000000e-03 -4.827238394814e+03
3000  1.627864e-04  4.102839e-05  8.889401e-05  3.135350e+01  5.000000e-03 -4.827238394229e+03
4000  3.303437e-05  8.323155e-06  1.803038e-05  3.135347e+01  5.000000e-03 -4.827238393478e+03
5000  6.696181e-06  1.687019e-06  3.654453e-06  3.135346e+01  5.000000e-03 -4.827238393300e+03
6000  1.357032e-06  3.418825e-07  7.405876e-07  3.135346e+01  5.000000e-03 -4.827238393263e+03
7000  2.750003e-07  6.928172e-08  1.500782e-07  3.135346e+01  5.000000e-03 -4.827238393255e+03
8000  5.572760e-08  1.403967e-08  3.041278e-08  3.135346e+01  5.000000e-03 -4.827238393254e+03
9000  1.129289e-08  2.845079e-09  6.163024e-09  3.135346e+01  5.000000e-03 -4.827238393253e+03
10000  2.288328e-09  5.765357e-10  1.248902e-09  3.135346e+01  5.000000e-03 -4.827238393253e+03
