0  4.629873e+00  5.075734e-01  7.889568e-01  4.826407e+03  -4.826406535033e+03
100  3.775046e-02  3.935065e-02  6.284022e-02  1.145421e-03  -4.827164853581e+03
200  1.613475e-02  2.311730e-02  3.724240e-02  2.406060e-04  -4.827222319285e+03
300  1.029506e-02  1.263647e-02  2.049829e-02  5.194142e-05  -4.827234489431e+03
400  7.126431e-03  6.947373e-03  1.130986e-02  1.216204e-05  -4.827237182024e+03
500  5.341593e-03  3.880981e-03  6.321660e-03  3.498611e-06  -4.827237857106e+03
600  5.350589e-03  2.224614e-03  3.745287e-03  1.422542e-06  -4.827238079783e+03
700  5.137072e-03  1.519969e-03  3.249201e-03  7.955614e-07  -4.827238185187e+03
800  4.700368e-03  1.306518e-03  2.811007e-03  5.246420e-07  -4.827238249603e+03
900  4.188701e-03  1.121664e-03  2.424894e-03  3.665746e-07  -4.827238293510e+03
1000  3.675396e-03  9.617363e-04  2.086560e-03  2.599791e-07  -4.827238324467e+03
1100  3.194611e-03  8.236812e-04  1.791783e-03  1.844428e-07  -4.827238346440e+03
1200  2.760188e-03  7.050327e-04  1.536208e-03  1.301996e-07  -4.827238361996e+03
1300  2.375636e-03  6.045423e-04  1.315480e-03  9.120049e-08  -4.827238372940e+03
1400  2.039419e-03  5.176976e-04  1.125417e-03  6.322898e-08  -4.827238380569e+03
1500  1.747730e-03  4.428992e-04  9.621260e-04  4.326375e-08  -4.827238385828e+03
1600  1.495935e-03  3.786328e-04  8.220741e-04  2.909474e-08  -4.827238389398e+03
1700  1.279299e-03  3.235128e-04  7.021075e-04  1.910030e-08  -4.827238391773e+03
1800  1.093334e-03  2.762990e-04  5.994454e-04  1.211993e-08  -4.827238393309e+03
1900  9.339504e-04  2.358967e-04  5.116573e-04  7.287781e-09  -4.827238394262e+03
2000  7.975048e-04  2.013489e-04  4.366316e-04  3.992682e-09  -4.827238394814e+03
2100  6.807942e-04  1.718241e-04  3.725419e-04  1.782610e-09  -4.827238395094e+03
2200  5.810280e-04  1.466032e-04  3.178140e-04  3.374225e-10  -4.827238395194e+03
2300  4.957880e-04  1.250666e-04  2.710938e-04  5.720722e-10  -4.827238395178e+03
2400  4.229876e-04  1.066813e-04  2.312191e-04  1.114131e-09  -4.827238395091e+03
2500  3.608307e-04  9.098983e-05  1.971934e-04  1.407898e-09  -4.827238394963e+03
2600  3.077747e-04  7.760005e-05  1.681633e-04  1.530680e-09  -4.827238394815e+03
2700  2.624965e-04  6.617614e-05  1.433987e-04  1.546141e-09  -4.827238394661e+03
2800  2.238625e-04  5.643075e-05  1.222750e-04  1.494300e-09  -4.827238394508e+03
2900  1.909024e-04  4.811817e-05  1.042588e-04  1.403350e-09  -4.827238394363e+03
3000  1.627864e-04  4.102839e-05  8.889401e-05  1.290573e-09  -4.827238394229e+03
3100  1.388050e-04  3.498200e-05  7.579132e-05  1.166882e-09  -4.827238394106e+03
3200  1.183519e-04  2.982579e-05  6.461831e-05  1.043190e-09  -4.827238393996e+03
3300  1.009093e-04  2.542895e-05  5.509122e-05  9.240466e-10  -4.827238393897e+03
3400  8.603493e-05  2.167981e-05  4.696793e-05  8.139978e-10  -4.827238393810e+03
3500  7.335135e-05  1.848310e-05  4.004181e-05  7.130438e-10  -4.827238393734e+03
3600  6.253637e-05  1.575750e-05  3.413660e-05  6.220944e-10  -4.827238393668e+03
3700  5.331503e-05  1.343365e-05  2.910195e-05  5.402399e-10  -4.827238393610e+03
3800  4.545276e-05  1.145239e-05  2.480959e-05  4.674803e-10  -4.827238393559e+03
3900  3.874945e-05  9.763235e-06  2.115016e-05  4.047251e-10  -4.827238393516e+03
4000  3.303437e-05  8.323155e-06  1.803038e-05  3.456080e-10  -4.827238393478e+03
4100  2.816195e-05  7.095437e-06  1.537069e-05  2.964953e-10  -4.827238393446e+03
4200  2.400800e-05  6.048780e-06  1.310327e-05  2.582965e-10  -4.827238393418e+03
4300  2.046663e-05  5.156490e-06  1.117028e-05  2.219167e-10  -4.827238393394e+03
4400  1.744754e-05  4.395809e-06  9.522416e-06  1.882654e-10  -4.827238393374e+03
4500  1.487373e-05  3.747328e-06  8.117620e-06  1.591616e-10  -4.827238393356e+03
4600  1.267956e-05  3.194504e-06  6.920049e-06  1.373337e-10  -4.827238393341e+03
4700  1.080903e-05  2.723227e-06  5.899139e-06  1.173248e-10  -4.827238393329e+03
4800  9.214417e-06  2.321471e-06  5.028833e-06  1.055014e-10  -4.827238393318e+03
4900  7.855033e-06  1.978983e-06  4.286917e-06  8.549250e-11  -4.827238393308e+03
5000  6.696181e-06  1.687019e-06  3.654453e-06  7.366907e-11  -4.827238393300e+03
5100  5.708285e-06  1.438127e-06  3.115295e-06  6.093615e-11  -4.827238393293e+03
5200  4.866126e-06  1.225954e-06  2.655679e-06  5.275069e-11  -4.827238393287e+03
5300  4.148208e-06  1.045082e-06  2.263870e-06  4.729372e-11  -4.827238393282e+03
5400  3.536203e-06  8.908946e-07  1.929866e-06  3.910827e-11  -4.827238393278e+03
5500  3.014487e-06  7.594549e-07  1.645139e-06  3.365130e-11  -4.827238393274e+03
5600  2.569741e-06  6.474070e-07  1.402419e-06  2.910383e-11  -4.827238393271e+03
5700  2.190609e-06  5.518900e-07  1.195508e-06  2.091838e-11  -4.827238393269e+03
5800  1.867412e-06  4.704652e-07  1.019125e-06  1.909939e-11  -4.827238393266e+03
5900  1.591897e-06  4.010534e-07  8.687642e-07  1.909939e-11  -4.827238393265e+03
6000  1.357032e-06  3.418825e-07  7.405876e-07  1.546141e-11  -4.827238393263e+03
6100  1.156818e-06  2.914415e-07  6.313219e-07  1.182343e-11  -4.827238393262e+03
6200  9.861425e-07  2.484425e-07  5.381771e-07  1.273293e-11  -4.827238393260e+03
6300  8.406476e-07  2.117874e-07  4.587746e-07  1.000444e-11  -4.827238393259e+03
6400  7.166190e-07  1.805404e-07  3.910872e-07  7.275958e-12  -4.827238393258e+03
6500  6.108896e-07  1.539035e-07  3.333863e-07  6.366463e-12  -4.827238393258e+03
6600  5.207591e-07  1.311966e-07  2.841985e-07  6.366463e-12  -4.827238393257e+03
6700  4.439264e-07  1.118399e-07  2.422678e-07  3.637979e-12  -4.827238393257e+03
6800  3.784294e-07  9.533901e-08  2.065236e-07  5.456968e-12  -4.827238393256e+03
6900  3.225958e-07  8.127268e-08  1.760531e-07  3.637979e-12  -4.827238393256e+03
7000  2.750003e-07  6.928172e-08  1.500782e-07  9.094947e-13  -4.827238393255e+03
7100  2.344265e-07  5.905987e-08  1.279356e-07  3.637979e-12  -4.827238393255e+03
7200  1.998396e-07  5.034619e-08  1.090600e-07  4.547474e-12  -4.827238393255e+03
7300  1.703547e-07  4.291807e-08  9.296923e-08  1.818989e-12  -4.827238393255e+03
7400  1.452207e-07  3.658593e-08  7.925253e-08  9.094947e-13  -4.827238393254e+03
7500  1.237948e-07  3.118804e-08  6.755959e-08  1.818989e-12  -4.827238393254e+03
7600  1.055299e-07  2.658653e-08  5.759181e-08  9.094947e-13  -4.827238393254e+03
7700  8.995971e-08  2.266393e-08  4.909468e-08  0.000000e+00  -4.827238393254e+03
7800  7.668766e-08  1.932013e-08  4.185128e-08  2.728484e-12  -4.827238393254e+03
7900  6.537273e-08  1.646960e-08  3.567649e-08  0.000000e+00  -4.827238393254e+03
8000  5.572760e-08  1.403967e-08  3.041278e-08  9.094947e-13  -4.827238393254e+03
8100  4.750600e-08  1.196828e-08  2.592569e-08  1.818989e-12  -4.827238393254e+03
8200  4.049638e-08  1.020244e-08  2.210057e-08  0.000000e+00  -4.827238393254e+03
8300  3.452195e-08  8.697195e-09  1.883987e-08  2.728484e-12  -4.827238393254e+03
8400  2.942861e-08  7.414009e-09  1.606023e-08  9.094947e-13  -4.827238393254e+03
8500  2.508635e-08  6.320123e-09  1.369067e-08  0.000000e+00  -4.827238393254e+03
8600  2.138554e-08  5.387677e-09  1.167078e-08  0.000000e+00  -4.827238393254e+03
8700  1.822995e-08  4.592756e-09  9.948842e-09  2.728484e-12  -4.827238393254e+03
8800  1.554032e-08  3.915138e-09  8.480983e-09  1.818989e-12  -4.827238393254e+03
8900  1.324807e-08  3.337533e-09  7.229736e-09  9.094947e-13  -4.827238393253e+03
9000  1.129289e-08  2.845079e-09  6.163024e-09  9.094947e-13  -4.827238393253e+03
9100  9.626465e-09  2.425298e-09  5.253708e-09  0.000000e+00  -4.827238393253e+03
9200  8.206628e-09  2.067495e-09  4.478603e-09  9.094947e-13  -4.827238393253e+03
9300  6.995326e-09  1.762428e-09  3.817797e-09  9.094947e-13  -4.827238393253e+03
9400  5.963197e-09  1.502395e-09  3.254513e-09  0.000000e+00  -4.827238393253e+03
9500  5.083378e-09  1.280730e-09  2.774340e-09  9.094947e-13  -4.827238393253e+03
9600  4.333852e-09  1.091800e-09  2.365044e-09  1.818989e-12  -4.827238393253e+03
9700  3.694278e-09  9.307062e-10  2.016094e-09  9.094947e-13  -4.827238393253e+03
9800  3.149331e-09  7.933960e-10  1.718647e-09  0.000000e+00  -4.827238393253e+03
9900  2.684926e-09  6.763519e-10  1.465092e-09  0.000000e+00  -4.827238393253e+03
10000  2.288328e-09  5.765357e-10  1.248902e-09  0.000000e+00  -4.827238393253e+03
10100  1.950431e-09  4.914569e-10  1.064620e-09  0.000000e+00  -4.827238393253e+03
10200  1.662872e-09  4.189592e-10  9.075607e-10  9.094947e-13  -4.827238393253e+03
10300  1.417626e-09  3.571534e-10  7.736682e-10  9.094947e-13  -4.827238393253e+03
10400  1.208478e-09  3.044582e-10  6.595180e-10  9.094947e-13  -4.827238393253e+03
10500  1.030308e-09  2.595463e-10  5.622217e-10  9.094947e-13  -4.827238393253e+03
