0  1.590247e+00  1.234981e-01  1.912671e-01  5.149919e+03  -5.149918736547e+03
100  3.664208e-03  2.901571e-03  4.483573e-03  6.625450e-06  -5.150015472632e+03
200  2.868566e-03  9.742172e-04  2.023435e-03  1.608490e-06  -5.150015821391e+03
300  2.286006e-03  6.375809e-04  1.379894e-03  4.439971e-07  -5.150015910304e+03
400  1.836452e-03  4.611345e-04  1.003736e-03  1.350691e-07  -5.150015936012e+03
500  1.418648e-03  3.422969e-04  7.442715e-04  3.749574e-08  -5.150015943744e+03
600  1.081234e-03  2.558196e-04  5.555125e-04  2.214620e-09  -5.150015945428e+03
700  8.188794e-04  1.915508e-04  4.156846e-04  1.071021e-08  -5.150015944884e+03
800  6.179461e-04  1.435053e-04  3.113763e-04  1.445278e-08  -5.150015943576e+03
900  4.652434e-04  1.075253e-04  2.333342e-04  1.429635e-08  -5.150015942119e+03
1000  3.497328e-04  8.056654e-05  1.748702e-04  1.261378e-08  -5.150015940767e+03
1100  2.626200e-04  6.036447e-05  1.310518e-04  1.050012e-08  -5.150015939611e+03
1200  1.970583e-04  4.522581e-05  9.820615e-05  8.446477e-09  -5.150015938667e+03
1300  1.477863e-04  3.388212e-05  7.358655e-05  6.652044e-09  -5.150015937915e+03
1400  1.107934e-04  2.538264e-05  5.513466e-05  5.163201e-09  -5.150015937328e+03
1500  8.303888e-05  1.901465e-05  4.130688e-05  3.967216e-09  -5.150015936874e+03
1600  6.222578e-05  1.424388e-05  3.094548e-05  3.028617e-09  -5.150015936527e+03
1700  4.662340e-05  1.066988e-05  2.318217e-05  2.300112e-09  -5.150015936262e+03
1800  3.493002e-05  7.992516e-06  1.736590e-05  1.740773e-09  -5.150015936062e+03
1900  2.616777e-05  5.986905e-06  1.300859e-05  1.313310e-09  -5.150015935910e+03
2000  1.960268e-05  4.484534e-06  9.744405e-06  9.877112e-10  -5.150015935796e+03
2100  1.468422e-05  3.359150e-06  7.299192e-06  7.421477e-10  -5.150015935710e+03
2200  1.099960e-05  2.516166e-06  5.467516e-06  5.593392e-10  -5.150015935646e+03
2300  8.239415e-06  1.884723e-06  4.095456e-06  4.201866e-10  -5.150015935597e+03
2400  6.171791e-06  1.411740e-06  3.067695e-06  3.137757e-10  -5.150015935561e+03
2500  4.622989e-06  1.057453e-06  2.297843e-06  2.382876e-10  -5.150015935533e+03
2600  3.462838e-06  7.920752e-07  1.721185e-06  1.773515e-10  -5.150015935513e+03
2700  2.593820e-06  5.932961e-07  1.289240e-06  1.336957e-10  -5.150015935497e+03
2800  1.942882e-06  4.444022e-07  9.656930e-07  9.913492e-11  -5.150015935486e+03
2900  1.455299e-06  3.328746e-07  7.233427e-07  7.457857e-11  -5.150015935477e+03
3000  1.090077e-06  2.493359e-07  5.418122e-07  5.366019e-11  -5.150015935471e+03
3100  8.165110e-07  1.867622e-07  4.058384e-07  4.092726e-11  -5.150015935466e+03
3200  6.115985e-07  1.398920e-07  3.039887e-07  3.092282e-11  -5.150015935462e+03
3300  4.581108e-07  1.047844e-07  2.276992e-07  2.091838e-11  -5.150015935460e+03
3400  3.431426e-07  7.848753e-08  1.705554e-07  1.818989e-11  -5.150015935458e+03
3500  2.570270e-07  5.879015e-08  1.277525e-07  1.182343e-11  -5.150015935456e+03
3600  1.925230e-07  4.403604e-08  9.569146e-08  1.091394e-11  -5.150015935455e+03
3700  1.442073e-07  3.298468e-08  7.167656e-08  7.275958e-12  -5.150015935454e+03
3800  1.080168e-07  2.470677e-08  5.368846e-08  4.547474e-12  -5.150015935454e+03
3900  8.090840e-08  1.850629e-08  4.021466e-08  2.728484e-12  -5.150015935453e+03
4000  6.060386e-08  1.386193e-08  3.012233e-08  4.547474e-12  -5.150015935453e+03
4100  4.539404e-08  1.038308e-08  2.256272e-08  3.637979e-12  -5.150015935452e+03
4200  3.400169e-08  7.777311e-09  1.690032e-08  1.818989e-12  -5.150015935452e+03
4300  2.546895e-08  5.825521e-09  1.265901e-08  2.728484e-12  -5.150015935452e+03
4400  1.907677e-08  4.363512e-09  9.482039e-09  2.728484e-12  -5.150015935452e+03
4500  1.429001e-08  3.268479e-09  7.102473e-09  9.094947e-13  -5.150015935452e+03
4600  1.070360e-08  2.448205e-09  5.320007e-09  5.456968e-12  -5.150015935452e+03
4700  8.017342e-09  1.833796e-09  3.984882e-09  1.818989e-12  -5.150015935452e+03
4800  6.005047e-09  1.373568e-09  2.984806e-09  9.094947e-13  -5.150015935452e+03
4900  4.498189e-09  1.028864e-09  2.235746e-09  0.000000e+00  -5.150015935452e+03
5000  3.369234e-09  7.706553e-10  1.674654e-09  1.818989e-12  -5.150015935452e+03
5100  2.524070e-09  5.772693e-10  1.254409e-09  1.818989e-12  -5.150015935452e+03
5200  1.890327e-09  4.323809e-10  9.395760e-10  9.094947e-13  -5.150015935452e+03
5300  1.416253e-09  3.238870e-10  7.038035e-10  2.728484e-12  -5.150015935452e+03
5400  1.060455e-09  2.425820e-10  5.271432e-10  9.094947e-13  -5.150015935452e+03
