0  2.004936e+01  9.850398e-01  1.510911e+00  3.975149e+01  5.000000e-03 -4.592422540206e+03
1000  1.195593e-02  2.389132e-02  4.286019e-02  4.227179e+01  5.000000e-03 -4.600574568240e+03
2000  7.322330e-03  8.624686e-03  1.622924e-02  4.226157e+01  5.000000e-03 -4.600563469064e+03
3000  4.462458e-03  4.362705e-03  8.383445e-03  4.226276e+01  5.000000e-03 -4.600560599867e+03
4000  3.142219e-03  2.786471e-03  5.421756e-03  4.226352e+01  5.000000e-03 -4.600558697643e+03
5000  2.482726e-03  2.058935e-03  4.043299e-03  4.226398e+01  5.000000e-03 -4.600557240184e+03
6000  2.140930e-03  1.684530e-03  3.333417e-03  4.226431e+01  5.000000e-03 -4.600556022402e+03
7000  1.983643e-03  1.491696e-03  2.972176e-03  4.226456e+01  5.000000e-03 -4.600554928963e+03
8000  1.957808e-03  1.411744e-03  2.831557e-03  4.226477e+01  5.000000e-03 -4.600553883676e+03
9000  2.049762e-03  1.417920e-03  2.863336e-03  4.226495e+01  5.000000e-03 -4.600552825713e+03
10000  2.274310e-03  1.506815e-03  3.063965e-03  4.226512e+01  5.000000e-03 -4.600551695306e+03
11000  2.679076e-03  1.697559e-03  3.467547e-03  4.226526e+01  5.000000e-03 -4.600550421671e+03
12000  3.365160e-03  2.031688e-03  4.155546e-03  4.226539e+01  5.000000e-03 -4.600548909127e+03
13000  4.537436e-03  2.599077e-03  5.290764e-03  4.226547e+01  5.000000e-03 -4.600547020248e+03
14000  6.615639e-03  3.573827e-03  7.214246e-03  4.226544e+01  5.000000e-03 -4.600544570863e+03
15000  1.043048e-02  5.305606e-03  1.060536e-02  4.226508e+01  5.000000e-03 -4.600541454702e+03
16000  1.711445e-02  8.429520e-03  1.663663e-02  4.226372e+01  5.000000e-03 -4.600538631056e+03
17000  2.604036e-02  1.336860e-02  2.621206e-02  4.225934e+01  5.000000e-03 -4.600543303887e+03
18000  3.449658e-02  1.894384e-02  3.621776e-02  4.224794e+01  5.000000e-03 -4.600580208255e+03
19000  3.753219e-02  2.149668e-02  4.032080e-02  4.222680e+01  5.000000e-03 -4.600675120598e+03
20000  3.512500e-02  2.045883e-02  3.954419e-02  4.219788e+01  5.000000e-03 -4.600816427563e+03
21000  3.086193e-02  1.870719e-02  3.498109e-02  4.216436e+01  5.000000e-03 -4.600976717537e+03
22000  2.608907e-02  1.625626e-02  3.079276e-02  4.212848e+01  5.000000e-03 -4.601138692990e+03
23000  2.188008e-02  1.355458e-02  2.577856e-02  4.209323e+01  5.000000e-03 -4.601291366047e+03
24000  1.749228e-02  1.026332e-02  2.000695e-02  4.206298e+01  5.000000e-03 -4.601418970953e+03
25000  1.237500e-02  6.954446e-03  1.372978e-02  4.204135e+01  5.000000e-03 -4.601505895609e+03
26000  7.482815e-03  3.998079e-03  8.170014e-03  4.202840e+01  5.000000e-03 -4.601552953346e+03
27000  4.048070e-03  2.157184e-03  4.346725e-03  4.202156e+01  5.000000e-03 -4.601574612525e+03
28000  2.078263e-03  1.089271e-03  2.173275e-03  4.201817e+01  5.000000e-03 -4.601584004310e+03
29000  1.019696e-03  5.302154e-04  1.052809e-03  4.201654e+01  5.000000e-03 -4.601588107197e+03
30000  4.893877e-04  2.535101e-04  5.022279e-04  4.201577e+01  5.000000e-03 -4.601589947314e+03
31000  2.324091e-04  1.201769e-04  2.378247e-04  4.201541e+01  5.000000e-03 -4.601590790549e+03
32000  1.098201e-04  5.673934e-05  1.122274e-04  4.201524e+01  5.000000e-03 -4.601591181990e+03
33000  5.177086e-05  2.673720e-05  5.287208e-05  4.201515e+01  5.000000e-03 -4.601591364944e+03
34000  2.437844e-05  1.258797e-05  2.488955e-05  4.201512e+01  5.000000e-03 -4.601591450744e+03
35000  1.147359e-05  5.923943e-06  1.171249e-05  4.201510e+01  5.000000e-03 -4.601591491047e+03
36000  5.398654e-06  2.787271e-06  5.510698e-06  4.201509e+01  5.000000e-03 -4.601591509993e+03
37000  2.539928e-06  1.311314e-06  2.592561e-06  4.201509e+01  5.000000e-03 -4.601591518903e+03
38000  1.194906e-06  6.169004e-07  1.219649e-06  4.201508e+01  5.000000e-03 -4.601591523094e+03
39000  5.621275e-07  2.902113e-07  5.737636e-07  4.201508e+01  5.000000e-03 -4.601591525065e+03
40000  2.644422e-07  1.365241e-07  2.699153e-07  4.201508e+01  5.000000e-03 -4.601591525993e+03
41000  1.244011e-07  6.422470e-08  1.269756e-07  4.201508e+01  5.000000e-03 -4.601591526429e+03
42000  5.852162e-08  3.021303e-08  5.973270e-08  4.201508e+01  5.000000e-03 -4.601591526634e+03
43000  2.753014e-08  1.421296e-08  2.809977e-08  4.201508e+01  5.000000e-03 -4.601591526731e+03
44000  1.295088e-08  6.686176e-09  1.321890e-08  4.201508e+01  5.000000e-03 -4.601591526776e+03
45000  6.092446e-09  3.145325e-09  6.218483e-09  4.201508e+01  5.000000e-03 -4.601591526797e+03
46000  2.866036e-09  1.479657e-09  2.925352e-09  4.201508e+01  5.000000e-03 -4.601591526807e+03
47000  1.348251e-09  6.960831e-10  1.376179e-09  4.201508e+01  5.000000e-03 -4.601591526812e+03
