0  2.004936e+01  9.850398e-01  1.510911e+00  4.592423e+03  -4.592422540206e+03
100  3.213462e-01  2.787026e-01  5.769296e-01  2.421982e-02  -4.598578169154e+03
200  4.041437e-01  8.658850e-02  2.069905e-01  6.912014e-03  -4.599854928415e+03
300  2.676612e-01  6.704267e-02  1.417994e-01  2.750364e-03  -4.600302401966e+03
400  1.668822e-01  5.151473e-02  1.034092e-01  1.093786e-03  -4.600481803848e+03
500  1.039543e-01  4.493217e-02  7.752012e-02  4.038138e-04  -4.600551349161e+03
600  6.549852e-02  3.936332e-02  6.846078e-02  1.217627e-04  -4.600575357095e+03
700  4.185552e-02  3.459151e-02  6.065475e-02  1.336325e-05  -4.600581160145e+03
800  2.714294e-02  3.048700e-02  5.388615e-02  2.273296e-05  -4.600580308749e+03
900  1.787048e-02  2.694820e-02  4.799661e-02  3.030703e-05  -4.600577516526e+03
1000  1.195593e-02  2.389132e-02  4.286019e-02  2.783846e-05  -4.600574568240e+03
1100  1.102291e-02  2.124632e-02  3.837322e-02  2.276299e-05  -4.600572034699e+03
1200  1.077295e-02  1.895426e-02  3.444871e-02  1.780608e-05  -4.600570014757e+03
1300  1.042385e-02  1.696524e-02  3.101272e-02  1.376767e-05  -4.600568446637e+03
1400  1.001097e-02  1.523682e-02  2.800177e-02  1.071957e-05  -4.600567231532e+03
1500  9.561725e-03  1.373266e-02  2.536087e-02  8.501301e-06  -4.600566277665e+03
1600  9.096789e-03  1.242159e-02  2.304216e-02  6.912440e-06  -4.600565512228e+03
1700  8.631327e-03  1.127677e-02  2.100388e-02  5.777753e-06  -4.600564881445e+03
1800  8.176059e-03  1.027513e-02  1.920952e-02  4.962078e-06  -4.600564347060e+03
1900  7.738214e-03  9.396789e-03  1.762723e-02  4.367334e-06  -4.600563882402e+03
2000  7.322330e-03  8.624686e-03  1.622924e-02  3.924712e-06  -4.600563469064e+03
2100  6.930927e-03  7.944166e-03  1.499139e-02  3.586882e-06  -4.600563094373e+03
2200  6.565058e-03  7.342669e-03  1.389273e-02  3.321669e-06  -4.600562749580e+03
2300  6.224733e-03  6.809449e-03  1.291513e-02  3.107321e-06  -4.600562428592e+03
2400  5.909260e-03  6.335313e-03  1.204292e-02  2.929172e-06  -4.600562127110e+03
2500  5.617498e-03  5.912408e-03  1.126258e-02  2.777319e-06  -4.600561842049e+03
2600  5.348044e-03  5.534024e-03  1.056247e-02  2.645041e-06  -4.600561571139e+03
2700  5.099363e-03  5.194425e-03  9.932553e-03  2.527746e-06  -4.600561312668e+03
2800  4.869888e-03  4.888705e-03  9.364199e-03  2.422256e-06  -4.600561065308e+03
2900  4.658077e-03  4.612665e-03  8.849968e-03  2.326339e-06  -4.600560827999e+03
3000  4.462458e-03  4.362705e-03  8.383445e-03  2.238406e-06  -4.600560599867e+03
3100  4.281644e-03  4.135730e-03  7.959094e-03  2.157277e-06  -4.600560380176e+03
3200  4.114355e-03  3.929077e-03  7.572127e-03  2.082087e-06  -4.600560168291e+03
3300  3.959414e-03  3.740448e-03  7.218398e-03  2.012150e-06  -4.600559963656e+03
3400  3.815748e-03  3.567855e-03  6.894306e-03  1.946927e-06  -4.600559765772e+03
3500  3.682386e-03  3.409573e-03  6.596720e-03  1.885980e-06  -4.600559574191e+03
3600  3.558449e-03  3.264102e-03  6.322907e-03  1.828937e-06  -4.600559388505e+03
3700  3.443144e-03  3.130134e-03  6.070477e-03  1.775486e-06  -4.600559208339e+03
3800  3.335755e-03  3.006523e-03  5.837334e-03  1.725351e-06  -4.600559033349e+03
3900  3.235640e-03  2.892263e-03  5.621635e-03  1.678285e-06  -4.600558863216e+03
4000  3.142219e-03  2.786471e-03  5.421756e-03  1.634075e-06  -4.600558697643e+03
4100  3.054969e-03  2.688366e-03  5.236260e-03  1.592526e-06  -4.600558536355e+03
4200  2.973420e-03  2.597258e-03  5.063872e-03  1.553457e-06  -4.600558379095e+03
4300  2.897144e-03  2.512532e-03  4.903463e-03  1.516712e-06  -4.600558225624e+03
4400  2.825758e-03  2.433645e-03  4.754022e-03  1.482137e-06  -4.600558075716e+03
4500  2.758914e-03  2.360108e-03  4.614650e-03  1.449600e-06  -4.600557929162e+03
4600  2.696295e-03  2.291487e-03  4.484541e-03  1.418973e-06  -4.600557785764e+03
4700  2.637616e-03  2.227393e-03  4.362970e-03  1.390147e-06  -4.600557645337e+03
4800  2.582616e-03  2.167474e-03  4.249287e-03  1.363018e-06  -4.600557507706e+03
4900  2.531057e-03  2.111417e-03  4.142906e-03  1.337485e-06  -4.600557372707e+03
5000  2.482726e-03  2.058935e-03  4.043299e-03  1.313459e-06  -4.600557240184e+03
5100  2.437424e-03  2.009773e-03  3.949986e-03  1.290857e-06  -4.600557109991e+03
5200  2.394972e-03  1.963699e-03  3.862535e-03  1.269605e-06  -4.600556981989e+03
5300  2.355207e-03  1.920500e-03  3.780551e-03  1.249633e-06  -4.600556856048e+03
5400  2.317977e-03  1.879986e-03  3.703678e-03  1.230872e-06  -4.600556732042e+03
5500  2.283147e-03  1.841982e-03  3.631591e-03  1.213269e-06  -4.600556609853e+03
5600  2.250589e-03  1.806330e-03  3.563992e-03  1.196763e-06  -4.600556489369e+03
5700  2.220190e-03  1.772885e-03  3.500611e-03  1.181304e-06  -4.600556370481e+03
5800  2.191843e-03  1.741516e-03  3.441203e-03  1.166845e-06  -4.600556253089e+03
5900  2.165453e-03  1.712101e-03  3.385540e-03  1.153348e-06  -4.600556137094e+03
6000  2.140930e-03  1.684530e-03  3.333417e-03  1.140762e-06  -4.600556022402e+03
6100  2.118194e-03  1.658703e-03  3.284645e-03  1.129061e-06  -4.600555908924e+03
6200  2.097170e-03  1.634526e-03  3.239050e-03  1.118205e-06  -4.600555796573e+03
6300  2.077791e-03  1.611914e-03  3.196474e-03  1.108160e-06  -4.600555685266e+03
6400  2.059995e-03  1.590791e-03  3.156771e-03  1.098903e-06  -4.600555574924e+03
6500  2.043726e-03  1.571085e-03  3.119809e-03  1.090407e-06  -4.600555465469e+03
6600  2.028932e-03  1.552730e-03  3.085466e-03  1.082647e-06  -4.600555356826e+03
6700  2.015567e-03  1.535666e-03  3.053629e-03  1.075596e-06  -4.600555248924e+03
6800  2.003588e-03  1.519839e-03  3.024196e-03  1.069238e-06  -4.600555141691e+03
6900  1.992958e-03  1.505198e-03  2.997073e-03  1.063559e-06  -4.600555035060e+03
7000  1.983643e-03  1.491696e-03  2.972176e-03  1.058535e-06  -4.600554928963e+03
7100  1.975613e-03  1.479293e-03  2.949425e-03  1.054156e-06  -4.600554823336e+03
7200  1.968841e-03  1.467949e-03  2.928751e-03  1.050404e-06  -4.600554718115e+03
7300  1.963304e-03  1.457629e-03  2.910088e-03  1.047270e-06  -4.600554613238e+03
7400  1.958981e-03  1.448301e-03  2.893378e-03  1.044748e-06  -4.600554508643e+03
7500  1.955856e-03  1.439937e-03  2.878569e-03  1.042824e-06  -4.600554404271e+03
7600  1.953915e-03  1.432510e-03  2.865614e-03  1.041491e-06  -4.600554300061e+03
7700  1.953147e-03  1.425997e-03  2.854470e-03  1.040744e-06  -4.600554195954e+03
7800  1.953543e-03  1.420377e-03  2.845100e-03  1.040577e-06  -4.600554091893e+03
7900  1.955097e-03  1.415632e-03  2.837472e-03  1.040989e-06  -4.600553987819e+03
8000  1.957808e-03  1.411744e-03  2.831557e-03  1.041972e-06  -4.600553883676e+03
8100  1.961675e-03  1.408701e-03  2.827332e-03  1.043531e-06  -4.600553779405e+03
8200  1.966700e-03  1.406490e-03  2.824778e-03  1.045662e-06  -4.600553674949e+03
8300  1.972888e-03  1.405100e-03  2.823877e-03  1.048365e-06  -4.600553570251e+03
8400  1.980248e-03  1.404524e-03  2.824618e-03  1.051642e-06  -4.600553465253e+03
8500  1.988789e-03  1.404755e-03  2.826993e-03  1.055506e-06  -4.600553359899e+03
8600  1.998524e-03  1.405789e-03  2.830997e-03  1.059947e-06  -4.600553254129e+03
8700  2.009469e-03  1.407623e-03  2.836629e-03  1.064976e-06  -4.600553147885e+03
8800  2.021642e-03  1.410255e-03  2.843892e-03  1.070606e-06  -4.600553041108e+03
8900  2.035065e-03  1.413687e-03  2.852791e-03  1.076836e-06  -4.600552933738e+03
9000  2.049762e-03  1.417920e-03  2.863336e-03  1.083678e-06  -4.600552825713e+03
9100  2.065758e-03  1.422960e-03  2.875541e-03  1.091145e-06  -4.600552716974e+03
9200  2.083086e-03  1.428811e-03  2.889421e-03  1.099243e-06  -4.600552607456e+03
9300  2.101777e-03  1.435480e-03  2.904996e-03  1.107985e-06  -4.600552497095e+03
9400  2.121868e-03  1.442978e-03  2.922292e-03  1.117389e-06  -4.600552385827e+03
9500  2.143399e-03  1.451314e-03  2.941333e-03  1.127469e-06  -4.600552273585e+03
9600  2.166413e-03  1.460501e-03  2.962153e-03  1.138239e-06  -4.600552160300e+03
9700  2.190958e-03  1.470552e-03  2.984785e-03  1.149718e-06  -4.600552045902e+03
9800  2.217085e-03  1.481485e-03  3.009268e-03  1.161922e-06  -4.600551930320e+03
9900  2.244849e-03  1.493505e-03  3.035646e-03  1.174876e-06  -4.600551813480e+03
10000  2.274310e-03  1.506815e-03  3.063965e-03  1.188600e-06  -4.600551695306e+03
10100  2.305531e-03  1.521083e-03  3.094276e-03  1.203116e-06  -4.600551575720e+03
10200  2.338583e-03  1.536334e-03  3.126635e-03  1.218451e-06  -4.600551454640e+03
10300  2.373539e-03  1.552596e-03  3.161102e-03  1.234630e-06  -4.600551331985e+03
10400  2.410480e-03  1.569898e-03  3.197743e-03  1.251684e-06  -4.600551207669e+03
10500  2.449492e-03  1.588273e-03  3.236627e-03  1.269640e-06  -4.600551081601e+03
10600  2.490666e-03  1.607755e-03  3.277831e-03  1.288529e-06  -4.600550953691e+03
10700  2.534101e-03  1.628380e-03  3.321435e-03  1.308387e-06  -4.600550823844e+03
10800  2.579904e-03  1.650188e-03  3.367526e-03  1.329250e-06  -4.600550691960e+03
10900  2.628189e-03  1.673221e-03  3.416197e-03  1.351151e-06  -4.600550557938e+03
11000  2.679076e-03  1.697559e-03  3.467547e-03  1.374132e-06  -4.600550421671e+03
11100  2.732697e-03  1.723869e-03  3.521682e-03  1.398234e-06  -4.600550283050e+03
11200  2.789192e-03  1.751584e-03  3.578716e-03  1.423500e-06  -4.600550141961e+03
11300  2.848712e-03  1.780764e-03  3.638769e-03  1.449976e-06  -4.600549998284e+03
11400  2.911417e-03  1.811469e-03  3.701969e-03  1.477706e-06  -4.600549851897e+03
11500  2.977480e-03  1.843765e-03  3.768453e-03  1.506740e-06  -4.600549702671e+03
11600  3.047087e-03  1.877721e-03  3.838366e-03  1.537132e-06  -4.600549550474e+03
11700  3.120437e-03  1.913410e-03  3.911862e-03  1.568927e-06  -4.600549395167e+03
11800  3.197744e-03  1.950912e-03  3.989107e-03  1.602187e-06  -4.600549236608e+03
11900  3.279236e-03  1.990309e-03  4.070273e-03  1.636965e-06  -4.600549074645e+03
12000  3.365160e-03  2.031688e-03  4.155546e-03  1.673314e-06  -4.600548909127e+03
12100  3.455781e-03  2.075144e-03  4.245122e-03  1.711298e-06  -4.600548739891e+03
12200  3.551382e-03  2.122297e-03  4.339208e-03  1.750972e-06  -4.600548566772e+03
12300  3.652270e-03  2.172054e-03  4.438025e-03  1.792390e-06  -4.600548389598e+03
12400  3.758773e-03  2.224345e-03  4.541804e-03  1.835612e-06  -4.600548208192e+03
12500  3.871242e-03  2.279297e-03  4.650792e-03  1.880699e-06  -4.600548022369e+03
12600  3.990059e-03  2.337048e-03  4.765248e-03  1.927693e-06  -4.600547831942e+03
12700  4.115631e-03  2.397745e-03  4.885446e-03  1.976654e-06  -4.600547636717e+03
12800  4.248397e-03  2.461539e-03  5.012413e-03  2.027617e-06  -4.600547436495e+03
12900  4.388830e-03  2.528593e-03  5.148123e-03  2.080617e-06  -4.600547231074e+03
13000  4.537436e-03  2.599077e-03  5.290764e-03  2.135689e-06  -4.600547020248e+03
13100  4.694763e-03  2.673170e-03  5.440698e-03  2.192831e-06  -4.600546803811e+03
13200  4.861395e-03  2.751059e-03  5.598303e-03  2.252057e-06  -4.600546581554e+03
13300  5.037965e-03  2.832941e-03  5.763977e-03  2.313329e-06  -4.600546353271e+03
13400  5.225149e-03  2.919019e-03  5.938133e-03  2.376602e-06  -4.600546118759e+03
13500  5.423673e-03  3.014251e-03  6.121441e-03  2.441800e-06  -4.600545877822e+03
13600  5.634316e-03  3.114698e-03  6.318350e-03  2.508796e-06  -4.600545630273e+03
13700  5.857912e-03  3.220579e-03  6.525556e-03  2.577422e-06  -4.600545375941e+03
13800  6.095354e-03  3.332188e-03  6.743580e-03  2.647453e-06  -4.600545114673e+03
13900  6.347591e-03  3.449832e-03  6.972961e-03  2.718576e-06  -4.600544846344e+03
14000  6.615639e-03  3.573827e-03  7.214246e-03  2.790413e-06  -4.600544570863e+03
14100  6.900573e-03  3.704496e-03  7.467985e-03  2.862465e-06  -4.600544288182e+03
14200  7.203532e-03  3.842165e-03  7.745129e-03  2.934104e-06  -4.600543998311e+03
14300  7.525717e-03  3.987160e-03  8.037870e-03  3.004543e-06  -4.600543701330e+03
14400  7.868387e-03  4.139802e-03  8.346202e-03  3.072812e-06  -4.600543397406e+03
14500  8.232856e-03  4.300402e-03  8.670792e-03  3.137705e-06  -4.600543086814e+03
14600  8.620481e-03  4.470925e-03  9.012278e-03  3.197753e-06  -4.600542769963e+03
14700  9.032653e-03  4.662973e-03  9.371251e-03  3.251149e-06  -4.600542447427e+03
14800  9.470780e-03  4.865824e-03  9.748227e-03  3.295688e-06  -4.600542119979e+03
14900  9.936266e-03  5.079906e-03  1.016146e-02  3.328714e-06  -4.600541788634e+03
15000  1.043048e-02  5.305606e-03  1.060536e-02  3.346996e-06  -4.600541454702e+03
15100  1.095471e-02  5.543241e-03  1.107227e-02  3.346665e-06  -4.600541119845e+03
15200  1.151013e-02  5.793038e-03  1.156261e-02  3.323058e-06  -4.600540786155e+03
15300  1.209773e-02  6.055104e-03  1.207655e-02  3.270611e-06  -4.600540456232e+03
15400  1.271825e-02  6.329385e-03  1.261397e-02  3.182700e-06  -4.600540133284e+03
15500  1.337206e-02  6.615626e-03  1.317436e-02  3.051474e-06  -4.600539821244e+03
15600  1.405910e-02  6.926325e-03  1.378266e-02  2.867673e-06  -4.600539524898e+03
15700  1.477872e-02  7.278134e-03  1.445475e-02  2.620441e-06  -4.600539250037e+03
15800  1.552951e-02  7.646529e-03  1.515583e-02  2.297129e-06  -4.600539003629e+03
15900  1.630921e-02  8.030744e-03  1.588404e-02  1.883102e-06  -4.600538794002e+03
16000  1.711445e-02  8.429520e-03  1.663663e-02  1.361589e-06  -4.600538631056e+03
16100  1.794061e-02  8.841008e-03  1.740971e-02  7.135322e-07  -4.600538526485e+03
16200  1.878162e-02  9.262654e-03  1.819816e-02  8.245297e-08  -4.600538494001e+03
16300  1.962978e-02  9.691091e-03  1.909904e-02  1.050051e-06  -4.600538549575e+03
16400  2.047564e-02  1.016097e-02  2.005855e-02  2.215074e-06  -4.600538711656e+03
16500  2.138335e-02  1.069772e-02  2.103341e-02  3.605133e-06  -4.600539001368e+03
16600  2.227808e-02  1.124326e-02  2.201351e-02  5.249076e-06  -4.600539442663e+03
16700  2.320079e-02  1.179143e-02  2.298652e-02  7.176213e-06  -4.600540062410e+03
16800  2.411649e-02  1.233463e-02  2.393783e-02  9.415308e-06  -4.600540890390e+03
16900  2.506422e-02  1.286384e-02  2.504336e-02  1.199325e-05  -4.600541959179e+03
17000  2.604036e-02  1.336860e-02  2.621206e-02  1.493363e-05  -4.600543303887e+03
17100  2.693592e-02  1.399009e-02  2.734455e-02  1.825508e-05  -4.600544961746e+03
17200  2.790457e-02  1.463924e-02  2.841856e-02  2.196969e-05  -4.600546971536e+03
17300  2.889694e-02  1.525701e-02  2.940994e-02  2.608146e-05  -4.600549372847e+03
17400  2.976151e-02  1.582884e-02  3.035562e-02  3.058508e-05  -4.600552205209e+03
17500  3.052327e-02  1.633931e-02  3.159225e-02  3.546517e-05  -4.600555507116e+03
17600  3.154349e-02  1.677278e-02  3.272426e-02  4.069601e-05  -4.600559315002e+03
17700  3.239073e-02  1.739768e-02  3.372314e-02  4.624194e-05  -4.600563662221e+03
17800  3.303896e-02  1.800340e-02  3.456140e-02  5.205836e-05  -4.600568578096e+03
17900  3.361955e-02  1.852410e-02  3.521409e-02  5.809333e-05  -4.600574087109e+03
18000  3.449658e-02  1.894384e-02  3.621776e-02  6.428952e-05  -4.600580208255e+03
18100  3.514130e-02  1.924842e-02  3.716417e-02  7.058647e-05  -4.600586954619e+03
18200  3.553689e-02  1.953225e-02  3.791334e-02  7.692285e-05  -4.600594333178e+03
18300  3.567545e-02  2.004335e-02  3.844514e-02  8.323862e-05  -4.600602344824e+03
18400  3.638747e-02  2.044272e-02  3.874502e-02  8.947693e-05  -4.600610984592e+03
18500  3.685932e-02  2.071885e-02  3.922540e-02  9.558562e-05  -4.600620242056e+03
18600  3.706207e-02  2.086315e-02  3.989801e-02  1.015183e-04  -4.600630101863e+03
18700  3.699912e-02  2.087046e-02  4.034986e-02  1.072352e-04  -4.600640544346e+03
18800  3.699307e-02  2.106120e-02  4.057206e-02  1.127032e-04  -4.600651546193e+03
18900  3.739534e-02  2.134003e-02  4.056147e-02  1.178960e-04  -4.600663081133e+03
19000  3.753219e-02  2.149668e-02  4.032080e-02  1.227939e-04  -4.600675120598e+03
19100  3.741234e-02  2.152758e-02  4.074435e-02  1.273831e-04  -4.600687634352e+03
19200  3.705171e-02  2.143206e-02  4.098471e-02  1.316555e-04  -4.600700591076e+03
19300  3.666224e-02  2.121246e-02  4.101649e-02  1.356077e-04  -4.600713958878e+03
19400  3.687306e-02  2.125659e-02  4.084249e-02  1.392406e-04  -4.600727705756e+03
19500  3.684476e-02  2.135980e-02  4.046976e-02  1.425588e-04  -4.600741799983e+03
19600  3.659144e-02  2.135542e-02  3.993642e-02  1.455698e-04  -4.600756210440e+03
19700  3.613204e-02  2.124437e-02  4.009517e-02  1.482836e-04  -4.600770906896e+03
19800  3.548901e-02  2.102962e-02  4.007961e-02  1.507123e-04  -4.600785860225e+03
19900  3.515194e-02  2.071609e-02  3.989368e-02  1.528694e-04  -4.600801042587e+03
20000  3.512500e-02  2.045883e-02  3.954419e-02  1.547696e-04  -4.600816427563e+03
20100  3.490624e-02  2.048269e-02  3.904052e-02  1.564286e-04  -4.600831990248e+03
20200  3.451221e-02  2.042140e-02  3.839426e-02  1.578622e-04  -4.600847707315e+03
20300  3.396181e-02  2.027710e-02  3.801640e-02  1.590865e-04  -4.600863557039e+03
20400  3.327538e-02  2.005319e-02  3.792258e-02  1.601174e-04  -4.600879519296e+03
20500  3.254470e-02  1.975422e-02  3.769828e-02  1.609703e-04  -4.600895575530e+03
20600  3.247755e-02  1.938572e-02  3.734985e-02  1.616601e-04  -4.600911708696e+03
20700  3.226159e-02  1.902565e-02  3.688512e-02  1.622004e-04  -4.600927903179e+03
20800  3.191039e-02  1.898078e-02  3.631308e-02  1.626040e-04  -4.600944144691e+03
20900  3.143872e-02  1.887383e-02  3.564365e-02  1.628823e-04  -4.600960420149e+03
21000  3.086193e-02  1.870719e-02  3.498109e-02  1.630453e-04  -4.600976717537e+03
21100  3.019546e-02  1.848392e-02  3.482610e-02  1.631013e-04  -4.600993025756e+03
21200  2.945434e-02  1.820760e-02  3.457767e-02  1.630570e-04  -4.601009334462e+03
21300  2.922430e-02  1.788229e-02  3.424075e-02  1.629175e-04  -4.601025633895e+03
21400  2.901830e-02  1.751238e-02  3.382097e-02  1.626859e-04  -4.601041914708e+03
21500  2.871490e-02  1.711332e-02  3.332446e-02  1.623638e-04  -4.601058167787e+03
21600  2.832418e-02  1.702481e-02  3.275771e-02  1.619509e-04  -4.601074384078e+03
21700  2.785633e-02  1.689290e-02  3.212750e-02  1.614452e-04  -4.601090554417e+03
21800  2.732145e-02  1.671940e-02  3.144068e-02  1.608432e-04  -4.601106669361e+03
21900  2.672928e-02  1.650641e-02  3.105536e-02  1.601399e-04  -4.601122719036e+03
22000  2.608907e-02  1.625626e-02  3.079276e-02  1.593287e-04  -4.601138692990e+03
22100  2.566910e-02  1.597149e-02  3.046627e-02  1.584022e-04  -4.601154580069e+03
22200  2.547555e-02  1.565482e-02  3.007927e-02  1.573516e-04  -4.601170368306e+03
22300  2.521114e-02  1.530908e-02  2.963540e-02  1.561677e-04  -4.601186044832e+03
22400  2.488190e-02  1.493720e-02  2.913849e-02  1.548405e-04  -4.601201595812e+03
22500  2.449394e-02  1.464508e-02  2.859256e-02  1.533599e-04  -4.601217006409e+03
22600  2.405333e-02  1.448504e-02  2.800174e-02  1.517159e-04  -4.601232260777e+03
22700  2.356601e-02  1.429446e-02  2.737025e-02  1.498989e-04  -4.601247342086e+03
22800  2.303773e-02  1.407476e-02  2.670235e-02  1.479000e-04  -4.601262232578e+03
22900  2.247401e-02  1.382754e-02  2.614627e-02  1.457114e-04  -4.601276913663e+03
23000  2.188008e-02  1.355458e-02  2.577856e-02  1.433270e-04  -4.601291366047e+03
23100  2.151130e-02  1.325778e-02  2.536342e-02  1.407421e-04  -4.601305569892e+03
23200  2.122888e-02  1.293920e-02  2.490356e-02  1.379543e-04  -4.601319505014e+03
23300  2.089544e-02  1.260099e-02  2.440189e-02  1.349637e-04  -4.601333151105e+03
23400  2.051514e-02  1.224540e-02  2.386160e-02  1.317727e-04  -4.601346487984e+03
23500  2.009228e-02  1.187474e-02  2.328605e-02  1.283868e-04  -4.601359495862e+03
23600  1.963121e-02  1.149135e-02  2.267877e-02  1.248140e-04  -4.601372155630e+03
23700  1.913633e-02  1.109761e-02  2.204343e-02  1.210654e-04  -4.601384449139e+03
23800  1.861202e-02  1.082213e-02  2.138380e-02  1.171550e-04  -4.601396359488e+03
23900  1.806260e-02  1.055069e-02  2.070370e-02  1.130990e-04  -4.601407871297e+03
24000  1.749228e-02  1.026332e-02  2.000695e-02  1.089165e-04  -4.601418970953e+03
24100  1.690518e-02  9.961999e-03  1.929737e-02  1.046284e-04  -4.601429646843e+03
24200  1.630523e-02  9.648745e-03  1.857870e-02  1.002572e-04  -4.601439889532e+03
24300  1.572023e-02  9.325620e-03  1.787942e-02  9.582692e-05  -4.601449691915e+03
24400  1.529878e-02  8.994688e-03  1.731940e-02  9.136208e-05  -4.601459049317e+03
24500  1.485189e-02  8.657985e-03  1.674268e-02  8.688757e-05  -4.601467959539e+03
24600  1.438364e-02  8.317501e-03  1.615278e-02  8.242802e-05  -4.601476422863e+03
24700  1.389801e-02  7.975147e-03  1.555322e-02  7.800736e-05  -4.601484442000e+03
24800  1.339891e-02  7.632740e-03  1.494738e-02  7.364833e-05  -4.601492022001e+03
24900  1.289006e-02  7.291982e-03  1.433853e-02  6.937213e-05  -4.601499170112e+03
25000  1.237500e-02  6.954446e-03  1.372978e-02  6.519808e-05  -4.601505895609e+03
25100  1.185705e-02  6.621565e-03  1.312404e-02  6.114337e-05  -4.601512209594e+03
25200  1.133928e-02  6.294623e-03  1.252398e-02  5.722288e-05  -4.601518124772e+03
25300  1.082450e-02  5.974755e-03  1.193207e-02  5.344904e-05  -4.601523655214e+03
25400  1.031523e-02  5.662942e-03  1.135050e-02  4.983187e-05  -4.601528816110e+03
25500  9.813742e-03  5.360018e-03  1.078123e-02  4.637892e-05  -4.601533623529e+03
25600  9.322001e-03  5.066667e-03  1.022595e-02  4.309546e-05  -4.601538094178e+03
25700  8.841718e-03  4.783440e-03  9.686104e-03  3.998451e-05  -4.601542245176e+03
25800  8.374336e-03  4.510753e-03  9.162891e-03  3.704712e-05  -4.601546093844e+03
25900  7.921049e-03  4.248903e-03  8.657279e-03  3.428250e-05  -4.601549657511e+03
26000  7.482815e-03  3.998079e-03  8.170014e-03  3.168828e-05  -4.601552953346e+03
26100  7.060374e-03  3.758367e-03  7.701640e-03  2.926070e-05  -4.601555998212e+03
26200  6.654266e-03  3.546939e-03  7.252512e-03  2.699488e-05  -4.601558808533e+03
26300  6.264849e-03  3.344406e-03  6.822813e-03  2.488502e-05  -4.601561400200e+03
26400  5.892318e-03  3.150042e-03  6.412575e-03  2.292459e-05  -4.601563788484e+03
26500  5.536724e-03  2.963960e-03  6.021696e-03  2.110656e-05  -4.601565987976e+03
26600  5.197989e-03  2.786201e-03  5.649954e-03  1.942354e-05  -4.601568012546e+03
26700  4.875930e-03  2.616742e-03  5.297028e-03  1.786793e-05  -4.601569875312e+03
26800  4.584835e-03  2.455509e-03  4.962509e-03  1.643208e-05  -4.601571588629e+03
26900  4.310096e-03  2.302377e-03  4.645920e-03  1.510839e-05  -4.601573164087e+03
27000  4.048070e-03  2.157184e-03  4.346725e-03  1.388938e-05  -4.601574612525e+03
27100  3.798675e-03  2.019733e-03  4.064341e-03  1.276778e-05  -4.601575944040e+03
27200  3.561752e-03  1.889801e-03  3.798154e-03  1.173658e-05  -4.601577168017e+03
27300  3.337071e-03  1.767144e-03  3.547523e-03  1.078910e-05  -4.601578293157e+03
27400  3.124344e-03  1.651500e-03  3.311792e-03  9.918975e-06  -4.601579327507e+03
27500  2.923238e-03  1.542597e-03  3.090298e-03  9.120195e-06  -4.601580278496e+03
27600  2.733384e-03  1.440154e-03  2.882373e-03  8.387120e-06  -4.601581152970e+03
27700  2.554383e-03  1.343885e-03  2.687355e-03  7.714470e-06  -4.601581957231e+03
27800  2.385819e-03  1.253505e-03  2.504592e-03  7.097329e-06  -4.601582697070e+03
27900  2.227259e-03  1.168728e-03  2.333440e-03  6.531132e-06  -4.601583377803e+03
28000  2.078263e-03  1.089271e-03  2.173275e-03  6.011645e-06  -4.601584004310e+03
28100  1.938389e-03  1.014858e-03  2.023488e-03  5.534975e-06  -4.601584581061e+03
28200  1.807195e-03  9.452169e-04  1.883491e-03  5.097519e-06  -4.601585112154e+03
28300  1.684243e-03  8.800851e-04  1.752718e-03  4.695971e-06  -4.601585601342e+03
28400  1.569103e-03  8.192077e-04  1.630625e-03  4.327308e-06  -4.601586052060e+03
28500  1.461356e-03  7.623389e-04  1.516690e-03  3.988731e-06  -4.601586467452e+03
28600  1.360593e-03  7.092427e-04  1.410416e-03  3.677702e-06  -4.601586850399e+03
28700  1.266420e-03  6.596931e-04  1.311330e-03  3.391887e-06  -4.601587203534e+03
28800  1.178454e-03  6.134742e-04  1.218981e-03  3.129157e-06  -4.601587529271e+03
28900  1.096329e-03  5.703801e-04  1.132942e-03  2.887564e-06  -4.601587829818e+03
29000  1.019696e-03  5.302154e-04  1.052809e-03  2.665333e-06  -4.601588107197e+03
29100  9.482183e-04  4.927944e-04  9.781999e-04  2.460836e-06  -4.601588363262e+03
29200  8.815780e-04  4.579415e-04  9.087532e-04  2.272594e-06  -4.601588599710e+03
29300  8.194715e-04  4.254906e-04  8.441295e-04  2.099258e-06  -4.601588818097e+03
29400  7.616113e-04  3.952848e-04  7.840086e-04  1.939583e-06  -4.601589019850e+03
29500  7.077248e-04  3.671765e-04  7.280897e-04  1.792454e-06  -4.601589206278e+03
29600  6.575549e-04  3.410264e-04  6.760902e-04  1.656832e-06  -4.601589378583e+03
29700  6.108584e-04  3.167039e-04  6.277450e-04  1.531775e-06  -4.601589537866e+03
29800  5.674066e-04  2.940860e-04  5.828056e-04  1.416431e-06  -4.601589685141e+03
29900  5.269839e-04  2.730574e-04  5.410392e-04  1.310003e-06  -4.601589821339e+03
30000  4.893877e-04  2.535101e-04  5.022279e-04  1.211789e-06  -4.601589947314e+03
30100  4.544279e-04  2.353429e-04  4.661679e-04  1.121114e-06  -4.601590063853e+03
30200  4.219260e-04  2.184610e-04  4.326688e-04  1.037384e-06  -4.601590171681e+03
30300  3.917147e-04  2.027758e-04  4.015526e-04  9.600453e-07  -4.601590271462e+03
30400  3.636372e-04  1.882045e-04  3.726533e-04  8.885927e-07  -4.601590363811e+03
30500  3.375471e-04  1.746696e-04  3.458157e-04  8.225634e-07  -4.601590449293e+03
30600  3.133071e-04  1.620990e-04  3.208954e-04  7.615363e-07  -4.601590528428e+03
30700  2.907891e-04  1.504252e-04  2.977575e-04  7.051121e-07  -4.601590601695e+03
30800  2.698733e-04  1.395853e-04  2.762765e-04  6.529381e-07  -4.601590669537e+03
30900  2.504481e-04  1.295208e-04  2.563352e-04  6.046848e-07  -4.601590732363e+03
31000  2.324091e-04  1.201769e-04  2.378247e-04  5.600514e-07  -4.601590790549e+03
31100  2.156591e-04  1.115027e-04  2.206436e-04  5.187549e-07  -4.601590844442e+03
31200  2.001075e-04  1.034510e-04  2.046973e-04  4.805452e-07  -4.601590894363e+03
31300  1.856696e-04  9.597741e-05  1.898981e-04  4.451813e-07  -4.601590940609e+03
31400  1.722669e-04  8.904102e-05  1.761641e-04  4.124531e-07  -4.601590983454e+03
31500  1.598261e-04  8.260356e-05  1.634194e-04  3.821524e-07  -4.601591023150e+03
31600  1.482788e-04  7.662947e-05  1.515932e-04  3.541036e-07  -4.601591059931e+03
31700  1.375616e-04  7.108569e-05  1.406199e-04  3.281302e-07  -4.601591094013e+03
31800  1.276154e-04  6.594146e-05  1.304384e-04  3.040823e-07  -4.601591125596e+03
31900  1.183853e-04  6.116820e-05  1.209918e-04  2.818033e-07  -4.601591154864e+03
32000  1.098201e-04  5.673934e-05  1.122274e-04  2.611723e-07  -4.601591181990e+03
32100  1.018723e-04  5.263019e-05  1.040963e-04  2.420638e-07  -4.601591207130e+03
32200  9.449768e-05  4.881780e-05  9.655292e-05  2.243605e-07  -4.601591230431e+03
32300  8.765524e-05  4.528086e-05  8.955495e-05  2.079614e-07  -4.601591252028e+03
32400  8.130679e-05  4.199957e-05  8.306313e-05  1.927674e-07  -4.601591272047e+03
32500  7.541687e-05  3.895552e-05  7.704101e-05  1.786893e-07  -4.601591290604e+03
32600  6.995253e-05  3.613165e-05  7.145472e-05  1.656426e-07  -4.601591307806e+03
32700  6.488319e-05  3.351209e-05  6.627284e-05  1.535554e-07  -4.601591323752e+03
32800  6.018041e-05  3.108212e-05  6.146617e-05  1.423523e-07  -4.601591338534e+03
32900  5.581780e-05  2.882805e-05  5.700763e-05  1.319695e-07  -4.601591352239e+03
33000  5.177086e-05  2.673720e-05  5.287208e-05  1.223489e-07  -4.601591364944e+03
33100  4.801682e-05  2.479778e-05  4.903618e-05  1.134313e-07  -4.601591376722e+03
33200  4.453455e-05  2.299886e-05  4.547826e-05  1.051612e-07  -4.601591387643e+03
33300  4.130445e-05  2.133028e-05  4.217822e-05  9.750329e-08  -4.601591397767e+03
33400  3.830831e-05  1.978262e-05  3.911741e-05  9.040195e-08  -4.601591407154e+03
33500  3.552922e-05  1.834714e-05  3.627852e-05  8.381721e-08  -4.601591415858e+03
33600  3.295150e-05  1.701571e-05  3.364549e-05  7.771268e-08  -4.601591423927e+03
33700  3.056059e-05  1.578083e-05  3.120342e-05  7.205563e-08  -4.601591431409e+03
33800  2.834299e-05  1.463548e-05  2.893847e-05  6.680966e-08  -4.601591438347e+03
33900  2.628615e-05  1.357320e-05  2.683781e-05  6.194841e-08  -4.601591444779e+03
34000  2.437844e-05  1.258797e-05  2.488955e-05  5.744005e-08  -4.601591450744e+03
34100  2.260908e-05  1.167420e-05  2.308264e-05  5.325819e-08  -4.601591456274e+03
34200  2.096803e-05  1.082673e-05  2.140684e-05  4.938465e-08  -4.601591461402e+03
34300  1.944601e-05  1.004074e-05  1.985264e-05  4.579397e-08  -4.601591466157e+03
34400  1.803441e-05  9.311782e-06  1.841123e-05  4.246431e-08  -4.601591470566e+03
34500  1.672520e-05  8.635720e-06  1.707443e-05  3.937475e-08  -4.601591474654e+03
34600  1.551099e-05  8.008720e-06  1.583465e-05  3.651076e-08  -4.601591478446e+03
34700  1.438488e-05  7.427224e-06  1.468487e-05  3.385503e-08  -4.601591481961e+03
34800  1.334049e-05  6.887933e-06  1.361854e-05  3.139576e-08  -4.601591485221e+03
34900  1.237189e-05  6.387786e-06  1.262962e-05  2.911202e-08  -4.601591488244e+03
35000  1.147359e-05  5.923943e-06  1.171249e-05  2.699471e-08  -4.601591491047e+03
35100  1.064048e-05  5.493771e-06  1.086194e-05  2.503475e-08  -4.601591493646e+03
35200  9.867852e-06  5.094828e-06  1.007314e-05  2.321394e-08  -4.601591496056e+03
35300  9.151304e-06  4.724847e-06  9.341613e-06  2.152592e-08  -4.601591498291e+03
35400  8.486771e-06  4.381727e-06  8.663198e-06  1.996159e-08  -4.601591500364e+03
35500  7.870481e-06  4.063519e-06  8.034042e-06  1.851186e-08  -4.601591502286e+03
35600  7.298932e-06  3.768414e-06  7.450569e-06  1.716762e-08  -4.601591504068e+03
35700  6.768879e-06  3.494737e-06  6.909464e-06  1.591707e-08  -4.601591505721e+03
35800  6.277310e-06  3.240931e-06  6.407651e-06  1.476201e-08  -4.601591507254e+03
35900  5.821432e-06  3.005556e-06  5.942277e-06  1.369153e-08  -4.601591508675e+03
36000  5.398654e-06  2.787271e-06  5.510698e-06  1.269473e-08  -4.601591509993e+03
36100  5.006576e-06  2.584838e-06  5.110461e-06  1.177341e-08  -4.601591511215e+03
36200  4.642967e-06  2.397105e-06  4.739288e-06  1.091576e-08  -4.601591512349e+03
36300  4.305762e-06  2.223005e-06  4.395071e-06  1.012359e-08  -4.601591513400e+03
36400  3.993043e-06  2.061549e-06  4.075853e-06  9.388714e-09  -4.601591514375e+03
36500  3.703034e-06  1.911817e-06  3.779817e-06  8.705683e-09  -4.601591515278e+03
36600  3.434085e-06  1.772960e-06  3.505281e-06  8.072675e-09  -4.601591516117e+03
36700  3.184667e-06  1.644187e-06  3.250683e-06  7.486051e-09  -4.601591516894e+03
36800  2.953363e-06  1.524766e-06  3.014576e-06  6.942173e-09  -4.601591517615e+03
36900  2.738856e-06  1.414019e-06  2.795617e-06  6.437403e-09  -4.601591518283e+03
37000  2.539928e-06  1.311314e-06  2.592561e-06  5.969014e-09  -4.601591518903e+03
37100  2.355448e-06  1.216069e-06  2.404253e-06  5.537004e-09  -4.601591519478e+03
37200  2.184365e-06  1.127741e-06  2.229622e-06  5.134098e-09  -4.601591520011e+03
37300  2.025708e-06  1.045829e-06  2.067674e-06  4.761205e-09  -4.601591520505e+03
37400  1.878574e-06  9.698658e-07  1.917488e-06  4.418325e-09  -4.601591520964e+03
37500  1.742126e-06  8.994199e-07  1.778211e-06  4.094545e-09  -4.601591521389e+03
37600  1.615588e-06  8.340906e-07  1.649050e-06  3.797140e-09  -4.601591521783e+03
37700  1.498241e-06  7.735062e-07  1.529270e-06  3.522473e-09  -4.601591522149e+03
37800  1.389416e-06  7.173223e-07  1.418190e-06  3.267814e-09  -4.601591522488e+03
37900  1.288496e-06  6.652191e-07  1.315179e-06  3.029527e-09  -4.601591522802e+03
38000  1.194906e-06  6.169004e-07  1.219649e-06  2.807610e-09  -4.601591523094e+03
38100  1.108113e-06  5.720912e-07  1.131058e-06  2.606612e-09  -4.601591523364e+03
38200  1.027625e-06  5.305367e-07  1.048902e-06  2.412889e-09  -4.601591523615e+03
38300  9.529824e-07  4.920004e-07  9.727134e-07  2.237357e-09  -4.601591523848e+03
38400  8.837615e-07  4.562632e-07  9.020587e-07  2.076376e-09  -4.601591524063e+03
38500  8.195684e-07  4.231218e-07  8.365360e-07  1.929038e-09  -4.601591524263e+03
38600  7.600379e-07  3.923876e-07  7.757725e-07  1.786248e-09  -4.601591524449e+03
38700  7.048314e-07  3.638858e-07  7.194227e-07  1.657099e-09  -4.601591524621e+03
38800  6.536348e-07  3.374542e-07  6.671658e-07  1.534318e-09  -4.601591524780e+03
38900  6.061569e-07  3.129425e-07  6.187047e-07  1.425178e-09  -4.601591524928e+03
39000  5.621275e-07  2.902113e-07  5.737636e-07  1.322405e-09  -4.601591525065e+03
39100  5.212962e-07  2.691311e-07  5.320869e-07  1.222361e-09  -4.601591525192e+03
39200  4.834308e-07  2.495822e-07  4.934375e-07  1.135049e-09  -4.601591525310e+03
39300  4.483157e-07  2.314532e-07  4.575954e-07  1.055014e-09  -4.601591525420e+03
39400  4.157513e-07  2.146410e-07  4.243567e-07  9.767973e-10  -4.601591525521e+03
39500  3.855522e-07  1.990500e-07  3.935324e-07  9.067662e-10  -4.601591525615e+03
39600  3.575467e-07  1.845915e-07  3.649472e-07  8.431016e-10  -4.601591525703e+03
39700  3.315754e-07  1.711832e-07  3.384382e-07  7.812559e-10  -4.601591525783e+03
39800  3.074906e-07  1.587488e-07  3.138548e-07  7.230483e-10  -4.601591525859e+03
39900  2.851552e-07  1.472177e-07  2.910571e-07  6.693881e-10  -4.601591525928e+03
40000  2.644422e-07  1.365241e-07  2.699153e-07  6.211849e-10  -4.601591525993e+03
40100  2.452337e-07  1.266073e-07  2.503092e-07  5.775291e-10  -4.601591526052e+03
40200  2.274204e-07  1.174108e-07  2.321273e-07  5.338734e-10  -4.601591526108e+03
40300  2.109011e-07  1.088823e-07  2.152660e-07  4.938556e-10  -4.601591526159e+03
40400  1.955817e-07  1.009733e-07  1.996295e-07  4.611138e-10  -4.601591526207e+03
40500  1.813751e-07  9.363881e-08  1.851288e-07  4.265530e-10  -4.601591526251e+03
40600  1.682004e-07  8.683708e-08  1.716814e-07  3.947207e-10  -4.601591526292e+03
40700  1.559826e-07  8.052939e-08  1.592108e-07  3.656169e-10  -4.601591526330e+03
40800  1.446524e-07  7.467990e-08  1.476460e-07  3.401510e-10  -4.601591526366e+03
40900  1.341451e-07  6.925531e-08  1.369213e-07  3.146852e-10  -4.601591526398e+03
41000  1.244011e-07  6.422470e-08  1.269756e-07  2.928573e-10  -4.601591526429e+03
41100  1.153648e-07  5.955956e-08  1.177523e-07  2.701199e-10  -4.601591526457e+03
41200  1.069849e-07  5.523327e-08  1.091990e-07  2.519300e-10  -4.601591526483e+03
41300  9.921375e-08  5.122121e-08  1.012670e-07  2.310117e-10  -4.601591526507e+03
41400  9.200704e-08  4.750061e-08  9.391114e-08  2.146407e-10  -4.601591526530e+03
41500  8.532382e-08  4.405027e-08  8.708962e-08  2.009983e-10  -4.601591526551e+03
41600  7.912606e-08  4.085052e-08  8.076356e-08  1.864464e-10  -4.601591526570e+03
41700  7.337849e-08  3.788319e-08  7.489702e-08  1.709850e-10  -4.601591526588e+03
41800  6.804841e-08  3.513143e-08  6.945664e-08  1.600711e-10  -4.601591526604e+03
41900  6.310548e-08  3.257957e-08  6.441145e-08  1.473381e-10  -4.601591526620e+03
42000  5.852162e-08  3.021303e-08  5.973270e-08  1.364242e-10  -4.601591526634e+03
42100  5.427071e-08  2.801842e-08  5.539384e-08  1.264198e-10  -4.601591526647e+03
42200  5.032857e-08  2.598322e-08  5.137014e-08  1.182343e-10  -4.601591526660e+03
42300  4.667280e-08  2.409582e-08  4.763866e-08  1.091394e-10  -4.601591526671e+03
42400  4.328257e-08  2.234554e-08  4.417827e-08  1.018634e-10  -4.601591526682e+03
42500  4.013860e-08  2.072240e-08  4.096924e-08  9.458745e-11  -4.601591526691e+03
42600  3.722301e-08  1.921716e-08  3.799330e-08  8.640200e-11  -4.601591526700e+03
42700  3.451917e-08  1.782129e-08  3.523358e-08  8.185452e-11  -4.601591526709e+03
42800  3.201177e-08  1.652675e-08  3.267423e-08  7.730705e-11  -4.601591526717e+03
42900  2.968648e-08  1.532631e-08  3.030087e-08  7.003109e-11  -4.601591526724e+03
43000  2.753014e-08  1.421296e-08  2.809977e-08  6.457412e-11  -4.601591526731e+03
43100  2.553038e-08  1.318059e-08  2.605870e-08  6.184564e-11  -4.601591526737e+03
43200  2.367588e-08  1.222320e-08  2.416587e-08  5.638867e-11  -4.601591526743e+03
43300  2.195612e-08  1.133530e-08  2.241047e-08  5.093170e-11  -4.601591526748e+03
43400  2.036126e-08  1.051193e-08  2.078262e-08  4.820322e-11  -4.601591526753e+03
43500  1.888225e-08  9.748375e-09  1.927302e-08  4.456524e-11  -4.601591526758e+03
43600  1.751067e-08  9.040260e-09  1.787305e-08  4.092726e-11  -4.601591526762e+03
43700  1.623874e-08  8.383564e-09  1.657475e-08  4.001777e-11  -4.601591526766e+03
43800  1.505916e-08  7.774642e-09  1.537084e-08  3.456080e-11  -4.601591526769e+03
43900  1.396530e-08  7.209878e-09  1.425430e-08  3.456080e-11  -4.601591526773e+03
44000  1.295088e-08  6.686176e-09  1.321890e-08  3.183231e-11  -4.601591526776e+03
44100  1.201016e-08  6.200477e-09  1.225867e-08  2.910383e-11  -4.601591526779e+03
44200  1.113775e-08  5.750106e-09  1.136825e-08  2.637535e-11  -4.601591526782e+03
44300  1.032872e-08  5.332431e-09  1.054248e-08  2.091838e-11  -4.601591526784e+03
44400  9.578457e-09  4.945108e-09  9.776711e-09  2.273737e-11  -4.601591526787e+03
44500  8.882692e-09  4.585904e-09  9.066547e-09  2.091838e-11  -4.601591526789e+03
44600  8.237485e-09  4.252760e-09  8.407930e-09  2.000888e-11  -4.601591526791e+03
44700  7.639125e-09  3.943851e-09  7.797198e-09  1.909939e-11  -4.601591526793e+03
44800  7.084232e-09  3.657376e-09  7.230821e-09  1.546141e-11  -4.601591526794e+03
44900  6.569634e-09  3.391726e-09  6.705605e-09  1.637090e-11  -4.601591526796e+03
45000  6.092446e-09  3.145325e-09  6.218483e-09  1.273293e-11  -4.601591526797e+03
45100  5.649884e-09  2.916880e-09  5.766815e-09  1.455192e-11  -4.601591526799e+03
45200  5.239492e-09  2.704991e-09  5.347910e-09  1.364242e-11  -4.601591526800e+03
45300  4.858905e-09  2.508500e-09  4.959440e-09  1.091394e-11  -4.601591526801e+03
45400  4.505958e-09  2.326298e-09  4.599205e-09  1.273293e-11  -4.601591526802e+03
45500  4.178664e-09  2.157295e-09  4.265099e-09  8.185452e-12  -4.601591526803e+03
45600  3.875124e-09  2.000614e-09  3.955315e-09  8.185452e-12  -4.601591526804e+03
45700  3.593649e-09  1.855279e-09  3.667991e-09  7.275958e-12  -4.601591526805e+03
45800  3.332615e-09  1.720503e-09  3.401541e-09  7.275958e-12  -4.601591526806e+03
45900  3.090533e-09  1.595547e-09  3.154482e-09  9.094947e-12  -4.601591526807e+03
46000  2.866036e-09  1.479657e-09  2.925352e-09  7.275958e-12  -4.601591526807e+03
46100  2.657842e-09  1.372193e-09  2.712879e-09  5.456968e-12  -4.601591526808e+03
46200  2.464779e-09  1.272529e-09  2.515833e-09  6.366463e-12  -4.601591526809e+03
46300  2.285771e-09  1.180032e-09  2.333011e-09  9.094947e-12  -4.601591526809e+03
46400  2.119706e-09  1.094378e-09  2.163618e-09  5.456968e-12  -4.601591526810e+03
46500  1.965755e-09  1.014847e-09  2.006412e-09  4.547474e-12  -4.601591526810e+03
46600  1.822960e-09  9.411379e-10  1.860678e-09  2.728484e-12  -4.601591526811e+03
46700  1.690553e-09  8.727573e-10  1.725501e-09  4.547474e-12  -4.601591526811e+03
46800  1.567750e-09  8.093671e-10  1.600170e-09  2.728484e-12  -4.601591526811e+03
46900  1.453862e-09  7.505980e-10  1.483962e-09  2.728484e-12  -4.601591526812e+03
47000  1.348251e-09  6.960831e-10  1.376179e-09  2.728484e-12  -4.601591526812e+03
47100  1.250332e-09  6.454934e-10  1.276183e-09  4.547474e-12  -4.601591526812e+03
47200  1.159517e-09  5.985930e-10  1.183465e-09  2.728484e-12  -4.601591526813e+03
47300  1.075267e-09  5.551530e-10  1.097551e-09  2.728484e-12  -4.601591526813e+03
47400  9.971750e-10  5.148043e-10  1.017799e-09  4.547474e-12  -4.601591526813e+03
