0  4.831726e+00  1.120297e-01  1.711484e-01  5.081183e+01  5.000000e-03 -4.610169822445e+03
1000  5.555491e-03  1.341149e-03  2.932959e-03  4.053093e+01  5.000000e-03 -4.617803880943e+03
2000  1.114046e-03  3.144649e-04  6.683480e-04  4.052933e+01  5.000000e-03 -4.617804086288e+03
3000  2.760767e-04  7.845739e-05  1.663931e-04  4.052962e+01  5.000000e-03 -4.617804104146e+03
4000  6.916856e-05  1.968384e-05  4.172728e-05  4.052969e+01  5.000000e-03 -4.617804106652e+03
5000  1.736758e-05  4.944111e-06  1.047976e-05  4.052971e+01  5.000000e-03 -4.617804107159e+03
6000  4.363196e-06  1.242198e-06  2.632947e-06  4.052972e+01  5.000000e-03 -4.617804107278e+03
7000  1.096300e-06  3.121222e-07  6.615657e-07  4.052972e+01  5.000000e-03 -4.617804107308e+03
8000  2.754663e-07  7.842711e-08  1.662317e-07  4.052972e+01  5.000000e-03 -4.617804107315e+03
9000  6.921620e-08  1.970649e-08  4.176926e-08  4.052972e+01  5.000000e-03 -4.617804107317e+03
10000  1.739169e-08  4.951668e-09  1.049541e-08  4.052972e+01  5.000000e-03 -4.617804107317e+03
11000  4.369994e-09  1.244213e-09  2.637201e-09  4.052972e+01  5.000000e-03 -4.617804107317e+03
12000  1.097901e-09  3.126283e-10  6.626438e-10  4.052972e+01  5.000000e-03 -4.617804107317e+03
