0  4.831726e+00  1.120297e-01  1.711484e-01  4.610170e+03  -4.610169822445e+03
100  1.834904e-01  1.665860e-01  2.721429e-01  1.870974e-02  -4.616622435425e+03
200  1.323082e-01  1.126415e-01  1.859253e-01  3.879345e-03  -4.617557382496e+03
300  7.988458e-02  6.824144e-02  1.131662e-01  8.088737e-04  -4.617751566181e+03
400  4.779274e-02  3.818556e-02  6.358634e-02  1.712333e-04  -4.617792241396e+03
500  2.946192e-02  2.062301e-02  3.464841e-02  3.780312e-05  -4.617800961895e+03
600  1.902761e-02  1.087163e-02  1.836309e-02  9.363194e-06  -4.617802957498e+03
700  1.297106e-02  5.622522e-03  9.600467e-03  3.002986e-06  -4.617803498481e+03
800  9.336907e-03  2.834549e-03  4.882521e-03  1.390744e-06  -4.617803700966e+03
900  7.058739e-03  1.616373e-03  3.484594e-03  8.575626e-07  -4.617803809120e+03
1000  5.555491e-03  1.341149e-03  2.932959e-03  6.055761e-07  -4.617803880943e+03
1100  4.508346e-03  1.147593e-03  2.489295e-03  4.498352e-07  -4.617803933124e+03
1200  3.740175e-03  9.861783e-04  2.126613e-03  3.405758e-07  -4.617803972299e+03
1300  3.150751e-03  8.502772e-04  1.825806e-03  2.601309e-07  -4.617804002097e+03
1400  2.681922e-03  7.349363e-04  1.573322e-03  1.997760e-07  -4.617804024921e+03
1500  2.298820e-03  6.364204e-04  1.359405e-03  1.541066e-07  -4.617804042487e+03
1600  1.979659e-03  5.518644e-04  1.176874e-03  1.193612e-07  -4.617804056065e+03
1700  1.710173e-03  4.790253e-04  1.020306e-03  9.282940e-08  -4.617804066602e+03
1800  1.480531e-03  4.161102e-04  8.854882e-04  7.249218e-08  -4.617804074813e+03
1900  1.283616e-03  3.616591e-04  7.690748e-04  5.685251e-08  -4.617804081239e+03
2000  1.114046e-03  3.144649e-04  6.683480e-04  4.478079e-08  -4.617804086288e+03
2100  9.675980e-04  2.735164e-04  5.810644e-04  3.543391e-08  -4.617804090275e+03
2200  8.408614e-04  2.379587e-04  5.053469e-04  2.816705e-08  -4.617804093436e+03
2300  7.310257e-04  2.070635e-04  4.396090e-04  2.250090e-08  -4.617804095955e+03
2400  6.357384e-04  1.802073e-04  3.825003e-04  1.805802e-08  -4.617804097972e+03
2500  5.530092e-04  1.568537e-04  3.328648e-04  1.456920e-08  -4.617804099594e+03
2600  4.811416e-04  1.365404e-04  2.897085e-04  1.180706e-08  -4.617804100906e+03
2700  4.186817e-04  1.188676e-04  2.521750e-04  9.619725e-09  -4.617804101972e+03
2800  3.643788e-04  1.034895e-04  2.195240e-04  7.875315e-09  -4.617804102843e+03
2900  3.171546e-04  9.010613e-05  1.911150e-04  6.477421e-09  -4.617804103557e+03
3000  2.760767e-04  7.845739e-05  1.663931e-04  5.354195e-09  -4.617804104146e+03
3100  2.403385e-04  6.831745e-05  1.448771e-04  4.444701e-09  -4.617804104634e+03
3200  2.092409e-04  5.949015e-05  1.261491e-04  3.704372e-09  -4.617804105040e+03
3300  1.821777e-04  5.180503e-05  1.098464e-04  3.103196e-09  -4.617804105379e+03
3400  1.586229e-04  4.511390e-05  9.565391e-05  2.606612e-09  -4.617804105664e+03
3500  1.381196e-04  3.928790e-05  8.329756e-05  2.198249e-09  -4.617804105903e+03
3600  1.202711e-04  3.421495e-05  7.253923e-05  1.859917e-09  -4.617804106105e+03
3700  1.047324e-04  2.979754e-05  6.317181e-05  1.578883e-09  -4.617804106277e+03
3800  9.120392e-05  2.595084e-05  5.501511e-05  1.344233e-09  -4.617804106422e+03
3900  7.942486e-05  2.260103e-05  4.791239e-05  1.147782e-09  -4.617804106546e+03
4000  6.916856e-05  1.968384e-05  4.172728e-05  9.786163e-10  -4.617804106652e+03
4100  6.023779e-05  1.714334e-05  3.634108e-05  8.412826e-10  -4.617804106743e+03
4200  5.246097e-05  1.493087e-05  3.165047e-05  7.203198e-10  -4.617804106821e+03
4300  4.568880e-05  1.300403e-05  2.756556e-05  6.184564e-10  -4.617804106888e+03
4400  3.979133e-05  1.132592e-05  2.400805e-05  5.347829e-10  -4.617804106945e+03
4500  3.465547e-05  9.864416e-06  2.090982e-05  4.620233e-10  -4.617804106995e+03
4600  3.018277e-05  8.591549e-06  1.821153e-05  3.965397e-10  -4.617804107038e+03
4700  2.628754e-05  7.482961e-06  1.586152e-05  3.465175e-10  -4.617804107075e+03
4800  2.289517e-05  6.517440e-06  1.381482e-05  2.974048e-10  -4.617804107107e+03
4900  1.994070e-05  5.676518e-06  1.203227e-05  2.610250e-10  -4.617804107135e+03
5000  1.736758e-05  4.944111e-06  1.047976e-05  2.228262e-10  -4.617804107159e+03
5100  1.512656e-05  4.306212e-06  9.127599e-06  1.946319e-10  -4.617804107179e+03
5200  1.317476e-05  3.750625e-06  7.949924e-06  1.655280e-10  -4.617804107197e+03
5300  1.147484e-05  3.266725e-06  6.924213e-06  1.455192e-10  -4.617804107213e+03
5400  9.994298e-06  2.845262e-06  6.030853e-06  1.273293e-10  -4.617804107227e+03
5500  8.704801e-06  2.478178e-06  5.252764e-06  1.073204e-10  -4.617804107238e+03
5600  7.581699e-06  2.158457e-06  4.575069e-06  9.367795e-11  -4.617804107249e+03
5700  6.603513e-06  1.879986e-06  3.984814e-06  8.185452e-11  -4.617804107258e+03
5800  5.751542e-06  1.637444e-06  3.470715e-06  7.094059e-11  -4.617804107265e+03
5900  5.009498e-06  1.426194e-06  3.022946e-06  6.366463e-11  -4.617804107272e+03
6000  4.363196e-06  1.242198e-06  2.632947e-06  5.456968e-11  -4.617804107278e+03
6100  3.800281e-06  1.081941e-06  2.293265e-06  4.820322e-11  -4.617804107283e+03
6200  3.309994e-06  9.423588e-07  1.997407e-06  4.365575e-11  -4.617804107288e+03
6300  2.882963e-06  8.207849e-07  1.739720e-06  3.637979e-11  -4.617804107291e+03
6400  2.511026e-06  7.148955e-07  1.515278e-06  3.092282e-11  -4.617804107295e+03
6500  2.187075e-06  6.226672e-07  1.319791e-06  2.728484e-11  -4.617804107298e+03
6600  1.904918e-06  5.423373e-07  1.149525e-06  2.364686e-11  -4.617804107300e+03
6700  1.659164e-06  4.723709e-07  1.001226e-06  2.000888e-11  -4.617804107302e+03
6800  1.445115e-06  4.114309e-07  8.720583e-07  1.818989e-11  -4.617804107304e+03
6900  1.258681e-06  3.583527e-07  7.595549e-07  1.455192e-11  -4.617804107306e+03
7000  1.096300e-06  3.121222e-07  6.615657e-07  1.455192e-11  -4.617804107308e+03
7100  9.548668e-07  2.718558e-07  5.762180e-07  1.364242e-11  -4.617804107309e+03
7200  8.316804e-07  2.367841e-07  5.018809e-07  9.094947e-12  -4.617804107310e+03
7300  7.243860e-07  2.062370e-07  4.371341e-07  8.185452e-12  -4.617804107311e+03
7400  6.309342e-07  1.796308e-07  3.807402e-07  9.094947e-12  -4.617804107312e+03
7500  5.495383e-07  1.564570e-07  3.316216e-07  6.366463e-12  -4.617804107312e+03
7600  4.786433e-07  1.362728e-07  2.888397e-07  3.637979e-12  -4.617804107313e+03
7700  4.168944e-07  1.186925e-07  2.515771e-07  6.366463e-12  -4.617804107314e+03
7800  3.631118e-07  1.033803e-07  2.191217e-07  5.456968e-12  -4.617804107314e+03
7900  3.162669e-07  9.004338e-08  1.908532e-07  2.728484e-12  -4.617804107315e+03
8000  2.754663e-07  7.842711e-08  1.662317e-07  3.637979e-12  -4.617804107315e+03
8100  2.399289e-07  6.830941e-08  1.447865e-07  9.094947e-13  -4.617804107315e+03
8200  2.089765e-07  5.949698e-08  1.261079e-07  1.818989e-12  -4.617804107316e+03
8300  1.820169e-07  5.182141e-08  1.098390e-07  1.818989e-12  -4.617804107316e+03
8400  1.585354e-07  4.513606e-08  9.566898e-08  9.094947e-13  -4.617804107316e+03
8500  1.380826e-07  3.931314e-08  8.332690e-08  0.000000e+00  -4.617804107316e+03
8600  1.202693e-07  3.424147e-08  7.257713e-08  1.818989e-12  -4.617804107316e+03
8700  1.047534e-07  2.982405e-08  6.321411e-08  1.818989e-12  -4.617804107316e+03
8800  9.124000e-08  2.597655e-08  5.505905e-08  1.818989e-12  -4.617804107317e+03
8900  7.946839e-08  2.262533e-08  4.795595e-08  9.094947e-13  -4.617804107317e+03
9000  6.921620e-08  1.970649e-08  4.176926e-08  0.000000e+00  -4.617804107317e+03
9100  6.028722e-08  1.716422e-08  3.638074e-08  1.818989e-12  -4.617804107317e+03
9200  5.250999e-08  1.494992e-08  3.168737e-08  1.818989e-12  -4.617804107317e+03
9300  4.573579e-08  1.302127e-08  2.759946e-08  1.818989e-12  -4.617804107317e+03
9400  3.983548e-08  1.134143e-08  2.403892e-08  9.094947e-13  -4.617804107317e+03
9500  3.469622e-08  9.878284e-09  2.093770e-08  0.000000e+00  -4.617804107317e+03
9600  3.022015e-08  8.603912e-09  1.823658e-08  9.094947e-13  -4.617804107317e+03
9700  2.632155e-08  7.493946e-09  1.588393e-08  0.000000e+00  -4.617804107317e+03
9800  2.292637e-08  6.527191e-09  1.383481e-08  1.818989e-12  -4.617804107317e+03
9900  1.996824e-08  5.685114e-09  1.204999e-08  1.818989e-12  -4.617804107317e+03
10000  1.739169e-08  4.951668e-09  1.049541e-08  1.818989e-12  -4.617804107317e+03
10100  1.514837e-08  4.312885e-09  9.141454e-09  1.818989e-12  -4.617804107317e+03
10200  1.319427e-08  3.756493e-09  7.962143e-09  9.094947e-13  -4.617804107317e+03
10300  1.149200e-08  3.271875e-09  6.934962e-09  1.818989e-12  -4.617804107317e+03
10400  1.000971e-08  2.849790e-09  6.040319e-09  9.094947e-13  -4.617804107317e+03
10500  8.718062e-09  2.482129e-09  5.261047e-09  9.094947e-13  -4.617804107317e+03
10600  7.593523e-09  2.161924e-09  4.582346e-09  2.728484e-12  -4.617804107317e+03
10700  6.613997e-09  1.883022e-09  3.991192e-09  2.728484e-12  -4.617804107317e+03
10800  5.760486e-09  1.640089e-09  3.476285e-09  0.000000e+00  -4.617804107317e+03
10900  5.017955e-09  1.428534e-09  3.027860e-09  2.728484e-12  -4.617804107317e+03
11000  4.369994e-09  1.244213e-09  2.637201e-09  9.094947e-13  -4.617804107317e+03
11100  3.806435e-09  1.083715e-09  2.297002e-09  2.728484e-12  -4.617804107317e+03
11200  3.316080e-09  9.439363e-10  2.000715e-09  9.094947e-13  -4.617804107317e+03
11300  2.887943e-09  8.221463e-10  1.742585e-09  9.094947e-13  -4.617804107317e+03
11400  2.514696e-09  7.160497e-10  1.517729e-09  0.000000e+00  -4.617804107317e+03
11500  2.191067e-09  6.237102e-10  1.321985e-09  0.000000e+00  -4.617804107317e+03
11600  1.907692e-09  5.432148e-10  1.151392e-09  1.818989e-12  -4.617804107317e+03
11700  1.661895e-09  4.731486e-10  1.002872e-09  0.000000e+00  -4.617804107317e+03
11800  1.447697e-09  4.121214e-10  8.735114e-10  9.094947e-13  -4.617804107317e+03
11900  1.260758e-09  3.589440e-10  7.608068e-10  9.094947e-13  -4.617804107317e+03
12000  1.097901e-09  3.126283e-10  6.626438e-10  9.094947e-13  -4.617804107317e+03
